org.apache.commons.math3.fraction.BigFraction.<init>(DDII)V 500001.49980717315,500001.0,500001.6666666667,500001.5,500000.0,500001.99980721035,500001.0,500073.0138875496,500001.0,500149.4772648419,500002.73205080756,500003.4,500145.01388821914,500001.99922899,505187.0,500001.3333333333,500001.5,500001.5,502594.0,500001.00019267824,500001.5,500001.4999035866,500002.0,500001.5,500001.9992292871,500001.0001927525,500001.5,500001.99961449497,500001.99980721035,500001.99961449497,500002.0,500001.0,500001.00009997
org.apache.commons.math3.fraction.Fraction.<init>(DDII)V 500001.49980717315,500001.0,500001.6666666667,500001.5,500000.0,500001.99980721035,500001.0,500073.0138875496,500001.0,500154.4439735862,500003.53302161203,500003.4,500145.01388821914,500001.99922899,505187.0,500001.3333333333,500001.5,500001.5,502594.0,500001.00019267824,500001.5,500001.4999035866,500002.0,500001.5,500001.9992292871,500001.0001927525,500001.5,500001.99961449497,500001.99980721035,500001.99961449497,500002.0,500001.0,500001.00009997
org.apache.commons.math3.util.FastMath.abs(J)J 500001.3121866564,500001.0,500001.00204918033,500001.00102564105,500000.0,500001.8122228648,500001.0,500065.9076266705,500000.0040941658,500178.2367481678,500006.4962690135,500002.00102459016,500065.89221833163,500001.6241326137,504214.0,500001.00102459016,500001.00102564105,500001.2505128205,500005.32102564105,500001.0001622586,500001.0226455407,500001.02040605585,500002.0,500001.00204708293,500001.68359565147,500001.0001927525,500001.00102564105,500001.8120663069,500001.896287629,500001.72694140737,500002.0,499990.36,500001.0000001027
org.apache.commons.math3.fraction.FractionConversionException.<init>(DJJ)V 50001.999421519475,50001.0,50001.8,50002.333333333336,55184.0,50002.999421631,50002.0,50073.00694410958,50001.142857142855,50150.75982590668,50002.31607401295,50001.0,50001.0,50001.998843484966,55186.0,50001.4,50001.666666666664,50001.7,51729.333333333336,50001.00038528222,50001.63245553203,50001.63227257397,50001.0,50001.57142857143,50001.99884415334,50001.00038550501,50001.4,50001.99942174248,50001.99971078762,50001.99942185392,50003.0,50000.9,50001.4
org.apache.commons.math3.fraction.BigFraction.<init>(DI)V 50001.49980717316,50001.0,50001.666666666664,50001.5,50000.0,50001.99980721033,50001.0,50073.013887549554,50001.0,50148.02777509911,50001.0,50002.333333333336,50073.0,50001.999228989975,55187.0,50001.333333333336,50001.5,50001.5,52594.0,50001.00019267823,50001.5,50001.49990358658,50002.0,50001.5,50001.99922928709,50001.00019275251,50001.5,50001.99961449499,50001.99980721033,50001.99961449499,50002.0,50001.0,50001.000099970006
org.apache.commons.math3.fraction.Fraction.<init>(DI)V 50001.49980717316,50001.0,50001.666666666664,50001.5,50000.0,50001.99980721033,50001.0,50073.013887549554,50001.0,50148.02777509911,50001.0,50002.333333333336,50073.0,50001.999228989975,55187.0,50001.333333333336,50001.5,50001.5,52594.0,50001.00019267823,50001.5,50001.49990358658,50002.0,50001.5,50001.99922928709,50001.00019275251,50001.5,50001.99961449499,50001.99980721033,50001.99961449499,50002.0,50001.0,50001.000099970006
org.apache.commons.math3.exception.ConvergenceException.<init>(Lorg/apache/commons/math3/exception/util/Localizable;[Ljava/lang/Object;)V 50001.995372155805,50001.0,50001.153846153844,50001.166666666664,55163.0,50002.995373048005,50002.0,50072.86097689289,50000.28571428572,50153.926754584674,50003.2133638394,50001.0,50001.0,50001.990747879725,55165.0,50001.07692307692,50001.083333333336,50001.53846153846,50216.166666666664,50001.00038372986,50001.27735009811,50001.27670758737,50001.0,50001.142857142855,50001.9907904835,50001.00038550501,50001.07692307692,50001.99537393986,50001.99768160742,50001.99539347409,50003.0,50000.86,50001.07692307692
org.apache.commons.math3.fraction.BigFraction.getDenominatorAsInt()I 50002.49730042422,50002.0,50002.125,50002.066666666666,50001.0,50002.99730094467,50002.0,50073.923570545405,50001.23529411765,50151.76943248588,50003.655795092025,50003.0625,50073.90966555339,50002.99421742483,55175.0,50002.0625,50002.066666666666,50002.28333333333,50346.86666666667,50002.00019219681,50002.182574185834,50002.18230995901,50003.0,50002.117647058825,50002.99423409571,50002.00019275251,50002.066666666666,50002.997108712414,50002.99855226329,50002.99462984273,50003.0,50000.96,50002.00000714204
org.apache.commons.math3.fraction.BigFraction.getNumeratorAsInt()I 50001.49710759738,50001.0,50001.117647058825,50001.0625,50000.0,50001.997108155,50001.0,50072.91661838546,50000.22222222222,50150.90075844532,50002.694987712704,50002.05882352941,50072.90271204899,50001.99383191981,55173.0,50001.05882352941,50001.0625,50001.28125,50324.25,50001.000192159874,50001.1767766953,50001.176503789604,50002.0,50001.11111111111,50001.99385088393,50001.00019275251,50001.0625,50001.996915959906,50001.998455598456,50001.99424846626,50002.0,49999.95,50001.00000666591
org.apache.commons.math3.exception.MathIllegalStateException.getContext()Lorg/apache/commons/math3/exception/util/ExceptionContext; 50001.986309294254,50001.0,50001.05479452055,50001.05633802817,55116.0,50002.98631193368,50002.0,50072.53320907103,50000.10666666667,50157.45392487229,50003.902783108184,50001.0,50001.0,50001.97262914418,55118.0,50001.02739726027,50001.028169014084,50001.51369863014,50073.07042253521,50001.00038030044,50001.16552117772,50001.16438422201,50001.0,50001.05333333334,50001.97299866895,50001.00038550501,50001.02739726027,50001.98631457209,50001.993110140706,50001.98649419821,50003.0,50000.39,50001.02739726027
org.apache.commons.math3.exception.MathIllegalStateException.<init>()V 50001.98553798689,50001.0,50001.05194805195,50001.05333333334,55112.0,50002.985540775015,50002.0,50072.5052445629,50000.101265822785,50157.68802913695,50003.94283095638,50001.0,50001.0,50001.97108712413,55114.0,50001.02597402597,50001.026666666665,50001.51298701299,50069.17333333333,50001.0003800114,50001.161164592806,50001.15999496639,50001.0,50001.05063291139,50001.97149914497,50001.00038550501,50001.02597402597,50001.98554356206,50001.99271915348,50001.98574415511,50003.0,50000.35,50001.02597402597
org.apache.commons.math3.exception.MathIllegalStateException.<init>(Lorg/apache/commons/math3/exception/util/Localizable;[Ljava/lang/Object;)V 50001.98033166217,50001.0,50001.03846153846,50001.03921568627,55085.0,50002.98033545402,50002.0,50072.3161973187,50000.07547169811,50159.12728003747,50004.17797182781,50001.0,50001.0,50001.960678488824,55087.0,50001.019230769234,50001.01960784314,50001.50961538462,50050.86274509804,50001.00037807183,50001.13867504906,50001.13730452274,50001.0,50001.03773584906,50001.961436672966,50001.00038550501,50001.019230769234,50001.98033924441,50001.99007202648,50001.98071104387,50003.0,50000.08,50001.019230769234
org.apache.commons.math3.fraction.Fraction.getDenominator()I 50001.49479367528,50001.0,50001.06896551724,50001.03571428572,50000.0,50001.994794679005,50001.0,50072.83313998427,50000.13333333333,50152.223927521816,50003.04845122537,50002.03448275862,50072.8192174839,50001.989205859674,55161.0,50001.03448275862,50001.03571428572,50001.267857142855,50185.28571428572,50001.000191717794,50001.133630620956,50001.133269389225,50002.0,50001.066666666666,50001.98926380368,50001.00019275251,50001.03571428572,50001.99460292984,50001.99729416312,50001.98969465649,50002.0,49999.83,50001.0000037033
org.apache.commons.math3.fraction.Fraction.getNumerator()I 50001.49460084844,50001.0,50001.066666666666,50001.03448275862,50000.0,50001.99460188934,50001.0,50072.826179071424,50000.12903225807,50152.31927772124,50003.07159422236,50002.03333333333,50072.81225522151,50001.988820354665,55160.0,50001.03333333333,50001.03448275862,50001.26724137931,50178.89655172414,50001.00019168104,50001.13130643286,50001.13093878926,50002.0,50001.06451612903,50001.98888249952,50001.00019275251,50001.03448275862,50001.99441017733,50001.997197255245,50001.98931705456,50002.0,49999.82,50001.00000357105
org.apache.commons.math3.util.FastMath.floor(D)D 50001.94967219437,50001.0,50001.01520912548,50001.0153256705,54926.0,50002.94968189705,50002.0,50072.94442299442,50000.030188679244,50177.13471374422,50006.30159774456,50003.142857142855,50144.88884598884,50001.99537393986,55177.0,50001.007604562736,50001.00766283525,50001.50380228137,50432.333333333336,50001.00036703982,50001.08720414404,50001.084981420216,50001.0,50001.01509433962,50001.99538461539,50001.00038550501,50001.007604562736,50001.99768696993,50001.99884214589,50001.952083715805,50003.0,49998.95,50001.007604562736
org.apache.commons.math3.exception.util.ExceptionContext.addMessage(Lorg/apache/commons/math3/exception/util/Localizable;[Ljava/lang/Object;)V 50001.791747011186,50001.0,50001.00369685767,50001.003703703704,54107.0,50002.79178716021,50002.0,50065.09368143585,50000.0073800738,50181.89112854942,50006.73265675323,50001.0,50001.0,50001.583654587506,54109.0,50001.00184842884,50001.001851851855,50001.500924214415,50004.80370370371,50001.000319081046,50001.04299335804,50001.03825556176,50001.0,50001.0036900369,50001.655392469685,50001.00038550501,50001.00184842884,50001.79182729375,50001.88382099828,50001.82764123843,50003.0,49990.3,50001.00184842884
org.apache.commons.math3.exception.util.ExceptionContext.<init>(Ljava/lang/Throwable;)V 50001.79155418434,50001.0,50001.00369344414,50001.00370027752,54106.0,50002.791594370545,50002.0,50065.08587988005,50000.00737327189,50181.90633954466,50006.73398329659,50001.0,50001.0,50001.5832690825,54108.0,50001.001846722065,50001.00185013876,50001.50092336103,50004.7992599445,50001.00031903015,50001.042973504256,50001.03823323921,50001.0,50001.003686635944,50001.655128409635,50001.00038550501,50001.001846722065,50001.79163454125,50001.88370091447,50001.82750917505,50003.0,49990.29,50001.001846722065
org.apache.commons.math3.exception.util.ArgUtils.flatten([Ljava/lang/Object;)[Ljava/lang/Object; 5012.82857693791,5012.0,5012.004489337823,5012.00449943757,9309.0,5013.8286099865045,5013.0,5078.56575696257,5011.008958566629,5192.906339544658,5017.733983296588,5014.002635046113,5145.131513925141,5012.708172706245,9443.0,5012.002244668912,5012.002249718786,5012.501122334455,5017.853368560106,5012.000329109758,5012.047377936968,5012.043126336422,5012.0,5012.004479283315,5012.745332211943,5012.000385505012,5012.002244668912,5012.8540863531225,5012.921301590602,5012.853662551441,5014.0,5003.21,5012.002244668912
org.apache.commons.math3.util.FastMath.abs(D)D 5012.574816814501,5012.0,5012.001812415043,5012.001814058957,7993.0,5013.574898785425,5013.0,5066.616847217685,5011.003621548211,5206.985202626606,5018.852548980306,5012.0,5012.0,5012.149961449499,7995.0,5012.000906207521,5012.000907029478,5012.500453103761,5013.35283446712,5012.000270526173,5012.030103280909,5012.022823306526,5012.0,5012.001810774106,5012.403489787637,5012.000385505012,5012.000906207521,5012.574980724749,5012.730143189328,5012.701664186173,5014.0,4990.05,5012.000906207521
