org.apache.commons.math3.analysis.differentiation.DSCompiler.atan2([DI[DI[DI)V 5000001.999560343,5000001.0,5000001.666666667,5000001.5,5004548.0,5000001.99956044,5000002.0,5000068.438861201,5000001.0,5000139.306763394,5000002.189207115,5000002.333333333,5000068.438861201,5000001.999120879,5004549.0,5000001.333333333,5000001.5,5000001.666666667,5002275.0,5000001.000219684,5000001.577350269,5000001.577223337,5000001.0,5000001.5,5000001.9991212655,5000001.00021978,5000001.333333333,5000001.99956044,5000001.999780172,5000001.999560536,5000002.0,5000000.0,5000001.333333333
org.apache.commons.math3.analysis.differentiation.DerivativeStructure.atan2(Lorg/apache/commons/math3/analysis/differentiation/DerivativeStructure;Lorg/apache/commons/math3/analysis/differentiation/DerivativeStructure;)Lorg/apache/commons/math3/analysis/differentiation/DerivativeStructure; 50002.999560342934,50002.0,50002.666666666664,50002.5,54549.0,50002.99956043956,50003.0,50069.438861200346,50002.0,50140.30676339371,50003.189207115,50002.0,50002.0,50002.99912087912,54550.0,50002.333333333336,50002.5,50002.666666666664,52276.0,50002.00021968366,50002.57735026919,50002.577223337175,50002.0,50002.5,50002.99912126538,50002.00021978022,50002.333333333336,50002.99956043956,50002.99978017146,50002.99956053615,50003.0,50001.0,50002.333333333336
org.apache.commons.math3.analysis.differentiation.DSCompiler.atan([DI[DI)V 50004.9993405144,50004.0,50004.5,50004.333333333336,54550.0,50004.99934065934,50005.0,50071.431446669936,50003.8,50142.89254983134,50005.41421356237,50005.2,50071.42403132415,50004.998681318684,54551.0,50004.25,50004.333333333336,50004.625,51519.666666666664,50004.0002196354,50004.5,50004.49983510141,50004.0,50004.4,50004.99868218757,50004.00021978022,50004.25,50004.99934065934,50004.999670220954,50004.999340949034,50005.0,50002.9,50004.25
org.apache.commons.math3.analysis.differentiation.DSCompiler.divide([DI[DI[DI)V 50001.99560342933,50001.0,50001.09523809524,50001.05,54530.0,50001.995604395604,50002.0,50068.30527468186,50000.181818181816,50142.364685786335,50003.11474252688,50001.0,50001.0,50001.99120879121,54531.0,50001.04761904762,50001.05,50001.52380952381,50227.5,50001.00021881838,50001.21821789024,50001.21773765662,50001.0,50001.09090909091,50001.99124726477,50001.00021978022,50001.04761904762,50001.995604395604,50001.99779735683,50001.99562267455,50002.0,49999.9,50001.04761904762
org.apache.commons.math3.analysis.differentiation.DSCompiler.rootN([DII[DI)V 50001.99362497252,50001.0,50001.066666666666,50001.03448275862,54521.0,50001.99362637362,50002.0,50068.438861200346,50000.12903225807,50143.46031419417,50003.35961106177,50002.333333333336,50068.438861200346,50001.99912087912,54549.0,50001.03333333333,50001.03448275862,50001.51666666667,52275.0,50001.0002183883,50001.182574185834,50001.18199129764,50001.0,50001.06451612903,50001.99912126538,50001.00021978022,50001.03333333333,50001.99956043956,50001.99978017146,50001.99366535605,50002.0,50000.0,50001.03333333333
org.apache.commons.math3.analysis.differentiation.DSCompiler.pow([DII[DI)V 50001.99296548692,50001.0,50001.06060606061,50001.03125,54518.0,50001.992967032966,50002.0,50068.438861200346,50000.117647058825,50143.723501726185,50003.41473640277,50002.333333333336,50068.438861200346,50001.99912087912,54549.0,50001.030303030304,50001.03125,50001.51515151515,52275.0,50001.00021824531,50001.17407765595,50001.17346429961,50001.0,50001.05882352941,50001.99912126538,50001.00021978022,50001.030303030304,50001.99956043956,50001.99978017146,50001.99301462563,50002.0,50000.0,50001.030303030304
org.apache.commons.math3.util.FastMath.atan(DDZ)D 50002.99296548692,50002.0,50002.06060606061,50002.03125,54519.0,50002.992967032966,50003.0,50069.386942355326,50001.117647058825,50149.090588858526,50005.19343686757,50003.1,50069.386942355326,50002.996043956045,54543.0,50002.030303030304,50002.03125,50002.51515151515,50506.555555555555,50002.00021824531,50002.17407765595,50002.17346429961,50002.0,50002.05882352941,50002.99605176574,50002.00021978022,50002.030303030304,50002.99802197802,50002.9990100099,50002.99301462563,50003.0,50000.78,50002.030303030304
org.apache.commons.math3.util.FastMath.pow(DI)D 50001.982633545835,50001.0,50001.025,50001.012658227846,54471.0,50001.982637362635,50002.0,50068.34983296193,50000.049382716046,50148.56962808337,50004.26757987692,50002.066666666666,50068.34983296193,50001.99384615385,54537.0,50001.0125,50001.012658227846,50001.50625,50325.0,50001.00021602938,50001.111803398875,50001.110828332676,50001.0,50001.02469135803,50001.99386503067,50001.00021978022,50001.0125,50001.99692307692,50001.99845916795,50001.982929991354,50002.0,49999.31,50001.0125
org.apache.commons.math3.analysis.differentiation.DSCompiler.multiply([DI[DI[DI)V 50001.9797757749,50001.0,50001.021505376346,50001.010869565216,54458.0,50001.97978021978,50002.0,50067.768255930496,50000.04255319149,50147.484212877964,50004.097041014684,50001.0,50001.0,50001.95956043956,54459.0,50001.01075268817,50001.010869565216,50001.50537634409,50049.45652173913,50001.000215424385,50001.10369516947,50001.102641236284,50001.0,50001.02127659575,50001.96036191297,50001.00021978022,50001.01075268817,50001.97978021978,50001.98978685613,50001.98017668606,50002.0,49999.18,50001.01075268817
org.apache.commons.math3.analysis.differentiation.DSCompiler.compose([DI[D[DI)V 50001.97867663223,50001.0,50001.02040816326,50001.010309278354,54453.0,50001.97868131868,50002.0,50067.73080248281,50000.0404040404,50147.842424202405,50004.15434214553,50001.0,50001.0,50001.95736263736,54454.0,50001.010204081635,50001.010309278354,50001.505102040814,50046.907216494845,50001.000215192595,50001.101015254455,50001.099932458426,50001.0,50001.020202020205,50001.95825263611,50001.00021978022,50001.010204081635,50001.97868131868,50001.98922581362,50001.97912182523,50002.0,49999.13,50001.010204081635
org.apache.commons.math3.analysis.differentiation.DSCompiler.add([DI[DI[DI)V 50001.97493954715,50001.0,50001.01739130435,50001.008771929824,54436.0,50001.97494505494,50002.0,50067.60330322139,50000.03448275862,50148.56962808337,50004.26757987692,50001.0,50001.0,50001.94989010989,54437.0,50001.00869565218,50001.008771929824,50001.504347826085,50039.912280701756,50001.00021440823,50001.09325048082,50001.092074617525,50001.0,50001.01724137931,50001.95111492281,50001.00021978022,50001.00869565218,50001.97494505494,50001.98731359893,50001.9755522196,50002.0,49998.96,50001.00869565218
org.apache.commons.math3.analysis.differentiation.DSCompiler.checkCompatibility(Lorg/apache/commons/math3/analysis/differentiation/DSCompiler;)V 50001.96702571994,50001.0,50001.013245033115,50001.00666666667,54400.0,50001.96703296703,50002.0,50068.438861200346,50000.02631578947,50150.221377837275,50004.511243085566,50002.333333333336,50068.438861200346,50001.99912087912,54549.0,50001.00662251656,50001.00666666667,50001.503311258275,52275.0,50001.00021276596,50001.081378845876,50001.080025894815,50001.0,50001.01315789474,50001.99912126538,50001.00021978022,50001.00662251656,50001.99956043956,50001.99978017146,50001.96807831454,50002.0,50000.0,50001.00662251656
org.apache.commons.math3.analysis.differentiation.DerivativeStructure.getValue()D 50001.966586062874,50001.0,50001.013071895424,50001.00657894737,54398.0,50001.96659340659,50002.0,50067.317418526356,50000.02597402597,50150.221377837275,50004.511243085566,50001.0,50001.0,50001.933186813185,54399.0,50001.006535947716,50001.00657894737,50001.50326797386,50029.93421052631,50001.000212675455,50001.080845208344,50001.079483054586,50001.0,50001.01298701299,50001.935346661,50001.00021978022,50001.006535947716,50001.96659340659,50001.98301296379,50001.967666453944,50002.0,49998.58,50001.006535947716
org.apache.commons.math3.analysis.differentiation.DerivativeStructure.<init>(IIID)V 50001.952297208176,50001.0,50001.00917431193,50001.004608294934,54333.0,50001.95230769231,50002.0,50068.438861200346,50000.01826484018,50152.72494680553,50004.851285106844,50002.333333333336,50068.438861200346,50001.99912087912,54549.0,50001.00458715596,50001.004608294934,50001.502293577985,52275.0,50001.00020977554,50001.06772854615,50001.06609338709,50001.0,50001.00913242009,50001.99912126538,50001.00021978022,50001.00458715596,50001.99956043956,50001.99978017146,50001.954469156524,50002.0,50000.0,50001.00458715596
org.apache.commons.math3.analysis.differentiation.DerivativeStructure.<init>(IID)V 50001.95097823698,50001.0,50001.00892857143,50001.00448430493,54327.0,50001.95098901099,50002.0,50066.77993615077,50000.01777777778,50152.8257343544,50004.86434787811,50001.0,50001.0,50001.901978021975,54328.0,50001.00446428572,50001.00448430493,50001.502232142855,50020.40358744394,50001.00020951184,50001.06681531048,50001.065157029996,50001.0,50001.008888888886,50001.90655772051,50001.00021978022,50001.00446428572,50001.95098901099,50001.97487890053,50001.95326906957,50002.0,49997.87,50001.00446428572
org.apache.commons.math3.analysis.differentiation.DerivativeStructure.<init>(Lorg/apache/commons/math3/analysis/differentiation/DSCompiler;)V 50001.950538579906,50001.0,50001.008849557526,50001.00444444444,54325.0,50001.95054945055,50002.0,50066.76473218983,50000.01762114537,50152.89254983134,50004.872983346206,50001.0,50001.0,50001.9010989011,54326.0,50001.00442477876,50001.00444444444,50001.50221238938,50020.22222222222,50001.000209424084,50001.06651901052,50001.064853087206,50001.0,50001.00881057269,50001.905759162306,50001.00021978022,50001.00442477876,50001.95054945055,50001.97464788732,50001.952869710934,50002.0,49997.85,50001.00442477876
org.apache.commons.math3.analysis.differentiation.DSCompiler.getSize()I 50001.9498790943,50001.0,50001.008733624454,50001.004385964916,54322.0,50001.94989010989,50002.0,50066.74191965557,50000.01739130435,50152.99221870188,50004.88582923847,50001.0,50001.0,50001.89978021978,54323.0,50001.00436681222,50001.004385964916,50001.50218340611,50019.95614035088,50001.00020929259,50001.066081860045,50001.06440453123,50001.0,50001.00869565218,50001.904562578486,50001.00021978022,50001.00436681222,50001.94989010989,50001.974301172224,50001.95227129998,50002.0,49997.82,50001.00436681222
org.apache.commons.math3.analysis.differentiation.DSCompiler.getCompiler(II)Lorg/apache/commons/math3/analysis/differentiation/DSCompiler; 50001.94899978017,50001.0,50001.008583690986,50001.004310344826,54318.0,50001.94901098901,50002.0,50068.386942355326,50000.017094017094,50153.124096043066,50004.90276135726,50002.1,50068.386942355326,50001.996043956045,54542.0,50001.00429184549,50001.004310344826,50001.50214592275,50505.555555555555,50001.00020911753,50001.06551217821,50001.06381974953,50001.0,50001.00854700855,50001.99605176574,50001.00021978022,50001.00429184549,50001.99802197802,50001.9990100099,50001.95147458691,50002.0,49998.4,50001.00429184549
org.apache.commons.math3.util.FastMath.sqrt(D)D 50001.61595955155,50001.0,50001.00114416476,50001.000572409845,52803.0,50001.61604395604,50002.0,50053.943365967796,50000.002287021154,50179.68967891935,50007.46506992135,50001.0,50001.0,50001.23208791209,52804.0,50001.00057208238,50001.000572409845,50001.50028604119,50002.604464796794,50001.00015880578,50001.02391824366,50001.01877177685,50001.0,50001.00114351058,50001.44513260283,50001.00021978022,50001.00057208238,50001.61604395604,50001.76240990072,50001.72252223634,50002.0,49982.63,50001.00057208238
org.apache.commons.math3.util.FastMath.atan(D)D 5013.993405143988,5013.0,5013.064516129032,5013.033333333334,9532.0,5013.993406593407,5014.0,5080.230945255887,5012.125,5155.36977540639,5015.340347319321,5013.0,5013.0,5013.986813186813,9533.0,5013.032258064516,5013.033333333334,5013.5161290322585,5163.666666666667,5013.000218340611,5013.179605302027,5013.179012086814,5013.0,5013.0625,5013.986899563319,5013.00021978022,5013.032258064516,5013.993406593407,5013.996692392503,5013.993448351169,5014.0,5011.8,5013.032258064516
org.apache.commons.math3.analysis.differentiation.DerivativeStructure.<init>(II)V 5013.9505385799075,5013.0,5013.008849557522,5013.004444444445,9337.0,5013.950549450549,5014.0,5078.764732189829,5012.0176211453745,5164.892549831338,5016.872983346208,5013.0,5013.0,5013.9010989010985,9338.0,5013.004424778761,5013.004444444445,5013.5022123893805,5032.222222222223,5013.000209424084,5013.066519010524,5013.064853087204,5013.0,5013.008810572687,5013.905759162304,5013.00021978022,5013.004424778761,5013.950549450549,5013.974647887324,5013.9528697109345,5014.0,5009.85,5013.004424778761
