org.apache.commons.math3.optimization.direct.BaseAbstractMultivariateSimpleBoundsOptimizer.optimize(ILorg/apache/commons/math3/analysis/MultivariateFunction;Lorg/apache/commons/math3/optimization/GoalType;[D[D[D)Lorg/apache/commons/math3/optimization/PointValuePair; 500002.9978229318,500002.0,500002.2,500002.1111111111,504127.0,500002.9978234583,500003.0,500066.2884126418,500001.36363636365,500138.9955034829,500004.53043953446,500003.3333333333,500066.2884126418,500002.9990326481,504135.0,500002.1,500002.1111111111,500002.55,502068.5,500002.0002413127,500002.31622776604,500002.31588335376,500002.0,500002.1818181818,500002.9990331158,500002.000241838,500002.1,500002.9995163241,500002.9997581035,500002.9978276611,500003.0,500001.0,500002.1
org.apache.commons.math3.optimization.direct.CMAESOptimizer.<init>()V 50001.999758103535,50001.0,50002.0,50002.0,54134.0,50001.999758162034,50002.0,50065.29618962271,50001.333333333336,50132.59237924543,50002.0,50001.0,50001.0,50001.99951632406,54135.0,50001.5,50002.0,50001.75,54135.0,50001.0002417795,50001.707106781185,50001.707021252696,50001.0,50001.666666666664,50001.99951644101,50001.000241837966,50001.5,50001.999758162034,50001.999879066396,50001.999758162034,50002.0,50001.0,50001.5
org.apache.commons.math3.optimization.direct.CMAESOptimizer.<init>(I)V 50001.999758103535,50001.0,50002.0,50002.0,54134.0,50001.999758162034,50002.0,50065.29618962271,50001.333333333336,50132.59237924543,50002.0,50001.0,50001.0,50001.99951632406,54135.0,50001.5,50002.0,50001.75,54135.0,50001.0002417795,50001.707106781185,50001.707021252696,50001.0,50001.666666666664,50001.99951644101,50001.000241837966,50001.5,50001.999758162034,50001.999879066396,50001.999758162034,50002.0,50001.0,50001.5
org.apache.commons.math3.optimization.direct.CMAESOptimizer.initializeCMA([D)V 50007.999758103535,50007.0,50008.0,50008.0,54140.0,50007.999758162034,50008.0,50071.29618962271,50007.333333333336,50141.59237924543,50009.0,50007.0,50007.0,50007.99951632406,54141.0,50007.5,50008.0,50007.75,54141.0,50007.0002417795,50007.707106781185,50007.707021252696,50007.0,50007.666666666664,50007.99951644101,50007.000241837966,50007.5,50007.999758162034,50007.999879066396,50007.999758162034,50008.0,50007.0,50007.5
org.apache.commons.math3.optimization.direct.CMAESOptimizer$FitnessFunction.decode([D)[D 50002.9992743106,50002.0,50002.5,50002.333333333336,54133.0,50002.999274486094,50003.0,50066.28063471995,50001.8,50136.59237924543,50004.0,50003.0625,50066.18722614353,50002.99854897219,54134.0,50002.25,50002.333333333336,50002.625,51379.333333333336,50002.00024166264,50002.5,50002.499818544726,50002.0,50002.4,50002.99855002417,50002.000241837966,50002.25,50002.999274486094,50002.99963711141,50002.99927483684,50003.0,50000.94,50002.25
org.apache.commons.math3.optimization.direct.CMAESOptimizer$FitnessFunction.encode([D)[D 50002.9992743106,50002.0,50002.5,50002.333333333336,54133.0,50002.999274486094,50003.0,50066.28063471995,50001.8,50136.59237924543,50004.0,50003.0625,50066.18722614353,50002.99854897219,54134.0,50002.25,50002.333333333336,50002.625,51379.333333333336,50002.00024166264,50002.5,50002.499818544726,50002.0,50002.4,50002.99855002417,50002.000241837966,50002.25,50002.999274486094,50002.99963711141,50002.99927483684,50003.0,50000.94,50002.25
org.apache.commons.math3.optimization.direct.CMAESOptimizer$FitnessFunction.repair([D)[D 50004.9992743106,50004.0,50004.5,50004.333333333336,54135.0,50004.999274486094,50005.0,50068.288412641785,50003.8,50136.324430053,50005.31607401295,50005.333333333336,50068.288412641785,50004.99903264813,54137.0,50004.25,50004.333333333336,50004.625,52070.5,50004.00024166264,50004.5,50004.499818544726,50004.0,50004.4,50004.99903311578,50004.000241837966,50004.25,50004.99951632406,50004.999758103535,50004.99927483684,50005.0,50003.0,50004.25
org.apache.commons.math3.optimization.direct.CMAESOptimizer$FitnessFunction.value([D)D 50001.9992743106,50001.0,50001.5,50001.333333333336,54132.0,50001.999274486094,50002.0,50065.28063471995,50000.8,50135.59237924543,50003.0,50002.0625,50065.18722614353,50001.99854897219,54133.0,50001.25,50001.333333333336,50001.625,51378.333333333336,50001.00024166264,50001.5,50001.499818544726,50001.0,50001.4,50001.99855002417,50001.000241837966,50001.25,50001.999274486094,50001.99963711141,50001.99927483684,50002.0,49999.94,50001.25
org.apache.commons.math3.optimization.direct.CMAESOptimizer.checkParameters()V 50002.999032414125,50002.0,50002.4,50002.25,54132.0,50002.99903264813,50003.0,50066.288412641785,50001.666666666664,50137.17495494038,50004.14069514293,50003.333333333336,50066.288412641785,50002.99903264813,54135.0,50002.2,50002.25,50002.6,52068.5,50002.000241604255,50002.4472135955,50002.44699718436,50002.0,50002.333333333336,50002.99903311578,50002.000241837966,50002.2,50002.99951632406,50002.999758103535,50002.99903334944,50003.0,50001.0,50002.2
org.apache.commons.math3.util.FastMath.nextAfter(DD)D 50002.996371552974,50002.0,50002.125,50002.066666666666,54121.0,50002.99637243047,50003.0,50066.272855856885,50001.23529411765,50136.46536259163,50003.96798967126,50003.2,50066.272855856885,50002.998065296255,54133.0,50002.0625,50002.066666666666,50002.53125,51034.75,50002.000240963855,50002.25,50002.24954603195,50002.0,50002.117647058825,50002.99806716598,50002.000241837966,50002.0625,50002.99903264813,50002.99951609001,50002.996384671,50003.0,50000.95,50002.0625
org.apache.commons.math3.optimization.direct.CMAESOptimizer$FitnessFunction.<init>(Lorg/apache/commons/math3/optimization/direct/CMAESOptimizer;)V 50001.99612965651,50001.0,50001.117647058825,50001.0625,54119.0,50001.9961305925,50002.0,50065.17943595888,50000.22222222222,50135.59237924543,50003.0,50001.0,50001.0,50001.992261185005,54120.0,50001.05882352941,50001.0625,50001.529411764706,50258.4375,50001.00024090581,50001.24253562504,50001.242065821934,50001.0,50001.11111111111,50001.99229101421,50001.000241837966,50001.05882352941,50001.9961305925,50001.99806154591,50001.99614457831,50002.0,49999.94,50001.05882352941
org.apache.commons.math3.optimization.direct.CMAESOptimizer.diag(Lorg/apache/commons/math3/linear/RealMatrix;)Lorg/apache/commons/math3/linear/RealMatrix; 50001.99612965651,50001.0,50001.117647058825,50001.0625,54119.0,50001.9961305925,50002.0,50065.18722614353,50000.22222222222,50135.59237924543,50003.0,50002.0625,50065.18722614353,50001.992744860945,54121.0,50001.05882352941,50001.0625,50001.529411764706,50275.666666666664,50001.00024090581,50001.24253562504,50001.242065821934,50001.0,50001.11111111111,50001.99277108434,50001.000241837966,50001.05882352941,50001.99637243047,50001.998182919444,50001.99614457831,50002.0,49999.94,50001.05882352941
org.apache.commons.math3.optimization.direct.CMAESOptimizer.eye(II)Lorg/apache/commons/math3/linear/RealMatrix; 50001.99612965651,50001.0,50001.117647058825,50001.0625,54119.0,50001.9961305925,50002.0,50065.17943595888,50000.22222222222,50135.59237924543,50003.0,50001.0,50001.0,50001.992261185005,54120.0,50001.05882352941,50001.0625,50001.529411764706,50258.4375,50001.00024090581,50001.24253562504,50001.242065821934,50001.0,50001.11111111111,50001.99229101421,50001.000241837966,50001.05882352941,50001.9961305925,50001.99806154591,50001.99614457831,50002.0,49999.94,50001.05882352941
org.apache.commons.math3.optimization.direct.CMAESOptimizer.log(Lorg/apache/commons/math3/linear/RealMatrix;)Lorg/apache/commons/math3/linear/RealMatrix; 50001.99612965651,50001.0,50001.117647058825,50001.0625,54119.0,50001.9961305925,50002.0,50065.17943595888,50000.22222222222,50135.59237924543,50003.0,50001.0,50001.0,50001.992261185005,54120.0,50001.05882352941,50001.0625,50001.529411764706,50258.4375,50001.00024090581,50001.24253562504,50001.242065821934,50001.0,50001.11111111111,50001.99229101421,50001.000241837966,50001.05882352941,50001.9961305925,50001.99806154591,50001.99614457831,50002.0,49999.94,50001.05882352941
org.apache.commons.math3.optimization.direct.CMAESOptimizer.max(Lorg/apache/commons/math3/linear/RealMatrix;)D 50001.99612965651,50001.0,50001.117647058825,50001.0625,54119.0,50001.9961305925,50002.0,50065.17943595888,50000.22222222222,50135.59237924543,50003.0,50001.0,50001.0,50001.992261185005,54120.0,50001.05882352941,50001.0625,50001.529411764706,50258.4375,50001.00024090581,50001.24253562504,50001.242065821934,50001.0,50001.11111111111,50001.99229101421,50001.000241837966,50001.05882352941,50001.9961305925,50001.99806154591,50001.99614457831,50002.0,49999.94,50001.05882352941
org.apache.commons.math3.optimization.direct.CMAESOptimizer.ones(II)Lorg/apache/commons/math3/linear/RealMatrix; 50001.99612965651,50001.0,50001.117647058825,50001.0625,54119.0,50001.9961305925,50002.0,50065.17943595888,50000.22222222222,50135.59237924543,50003.0,50001.0,50001.0,50001.992261185005,54120.0,50001.05882352941,50001.0625,50001.529411764706,50258.4375,50001.00024090581,50001.24253562504,50001.242065821934,50001.0,50001.11111111111,50001.99229101421,50001.000241837966,50001.05882352941,50001.9961305925,50001.99806154591,50001.99614457831,50002.0,49999.94,50001.05882352941
org.apache.commons.math3.optimization.direct.CMAESOptimizer.repmat(Lorg/apache/commons/math3/linear/RealMatrix;II)Lorg/apache/commons/math3/linear/RealMatrix; 50001.99612965651,50001.0,50001.117647058825,50001.0625,54119.0,50001.9961305925,50002.0,50065.17943595888,50000.22222222222,50135.59237924543,50003.0,50001.0,50001.0,50001.992261185005,54120.0,50001.05882352941,50001.0625,50001.529411764706,50258.4375,50001.00024090581,50001.24253562504,50001.242065821934,50001.0,50001.11111111111,50001.99229101421,50001.000241837966,50001.05882352941,50001.9961305925,50001.99806154591,50001.99614457831,50002.0,49999.94,50001.05882352941
org.apache.commons.math3.optimization.direct.CMAESOptimizer.sequence(DDD)Lorg/apache/commons/math3/linear/RealMatrix; 50001.99612965651,50001.0,50001.117647058825,50001.0625,54119.0,50001.9961305925,50002.0,50065.17943595888,50000.22222222222,50135.59237924543,50003.0,50001.0,50001.0,50001.992261185005,54120.0,50001.05882352941,50001.0625,50001.529411764706,50258.4375,50001.00024090581,50001.24253562504,50001.242065821934,50001.0,50001.11111111111,50001.99229101421,50001.000241837966,50001.05882352941,50001.9961305925,50001.99806154591,50001.99614457831,50002.0,49999.94,50001.05882352941
org.apache.commons.math3.optimization.direct.CMAESOptimizer.square(Lorg/apache/commons/math3/linear/RealMatrix;)Lorg/apache/commons/math3/linear/RealMatrix; 50001.99612965651,50001.0,50001.117647058825,50001.0625,54119.0,50001.9961305925,50002.0,50065.17943595888,50000.22222222222,50135.59237924543,50003.0,50001.0,50001.0,50001.992261185005,54120.0,50001.05882352941,50001.0625,50001.529411764706,50258.4375,50001.00024090581,50001.24253562504,50001.242065821934,50001.0,50001.11111111111,50001.99229101421,50001.000241837966,50001.05882352941,50001.9961305925,50001.99806154591,50001.99614457831,50002.0,49999.94,50001.05882352941
org.apache.commons.math3.optimization.direct.CMAESOptimizer.times(Lorg/apache/commons/math3/linear/RealMatrix;Lorg/apache/commons/math3/linear/RealMatrix;)Lorg/apache/commons/math3/linear/RealMatrix; 50001.99612965651,50001.0,50001.117647058825,50001.0625,54119.0,50001.9961305925,50002.0,50065.17943595888,50000.22222222222,50135.59237924543,50003.0,50001.0,50001.0,50001.992261185005,54120.0,50001.05882352941,50001.0625,50001.529411764706,50258.4375,50001.00024090581,50001.24253562504,50001.242065821934,50001.0,50001.11111111111,50001.99229101421,50001.000241837966,50001.05882352941,50001.9961305925,50001.99806154591,50001.99614457831,50002.0,49999.94,50001.05882352941
org.apache.commons.math3.linear.AbstractRealMatrix$2.<init>(Lorg/apache/commons/math3/linear/AbstractRealMatrix;)V 50001.99588776004,50001.0,50001.11111111111,50001.05882352941,54118.0,50001.995888754536,50002.0,50065.17164482854,50000.21052631579,50135.71548487105,50003.03054318487,50001.0,50001.0,50001.991777509065,54119.0,50001.055555555555,50001.05882352941,50001.52777777778,50243.23529411765,50001.00024084778,50001.2357022604,50001.23521712901,50001.0,50001.10526315789,50001.991811175336,50001.000241837966,50001.055555555555,50001.995888754536,50001.99794014298,50001.9959046013,50002.0,49999.93,50001.055555555555
org.apache.commons.math3.linear.AbstractRealMatrix$2.end()D 50002.99588776004,50002.0,50002.11111111111,50002.05882352941,54119.0,50002.995888754536,50003.0,50066.17164482854,50001.21052631579,50136.71548487105,50004.03054318487,50002.0,50002.0,50002.991777509065,54120.0,50002.055555555555,50002.05882352941,50002.52777777778,50244.23529411765,50002.00024084778,50002.2357022604,50002.23521712901,50002.0,50002.10526315789,50002.991811175336,50002.000241837966,50002.055555555555,50002.995888754536,50002.99794014298,50002.9959046013,50003.0,50000.93,50002.055555555555
org.apache.commons.math3.linear.AbstractRealMatrix$2.start(IIIIII)V 50001.99588776004,50001.0,50001.11111111111,50001.05882352941,54118.0,50001.995888754536,50002.0,50065.17164482854,50000.21052631579,50135.71548487105,50003.03054318487,50001.0,50001.0,50001.991777509065,54119.0,50001.055555555555,50001.05882352941,50001.52777777778,50243.23529411765,50001.00024084778,50001.2357022604,50001.23521712901,50001.0,50001.10526315789,50001.991811175336,50001.000241837966,50001.055555555555,50001.995888754536,50001.99794014298,50001.9959046013,50002.0,49999.93,50001.055555555555
org.apache.commons.math3.linear.AbstractRealMatrix$2.visit(IID)V 50001.99588776004,50001.0,50001.11111111111,50001.05882352941,54118.0,50001.995888754536,50002.0,50065.17164482854,50000.21052631579,50135.71548487105,50003.03054318487,50001.0,50001.0,50001.991777509065,54119.0,50001.055555555555,50001.05882352941,50001.52777777778,50243.23529411765,50001.00024084778,50001.2357022604,50001.23521712901,50001.0,50001.10526315789,50001.991811175336,50001.000241837966,50001.055555555555,50001.995888754536,50001.99794014298,50001.9959046013,50002.0,49999.93,50001.055555555555
org.apache.commons.math3.linear.AbstractRealMatrix.getFrobeniusNorm()D 50001.99588776004,50001.0,50001.11111111111,50001.05882352941,54118.0,50001.995888754536,50002.0,50065.17164482854,50000.21052631579,50135.71548487105,50003.03054318487,50001.0,50001.0,50001.991777509065,54119.0,50001.055555555555,50001.05882352941,50001.52777777778,50243.23529411765,50001.00024084778,50001.2357022604,50001.23521712901,50001.0,50001.10526315789,50001.991811175336,50001.000241837966,50001.055555555555,50001.995888754536,50001.99794014298,50001.9959046013,50002.0,49999.93,50001.055555555555
org.apache.commons.math3.linear.MatrixUtils.createColumnRealMatrix([D)Lorg/apache/commons/math3/linear/RealMatrix; 50001.99588776004,50001.0,50001.11111111111,50001.05882352941,54118.0,50001.995888754536,50002.0,50065.288412641785,50000.21052631579,50135.71548487105,50003.03054318487,50002.333333333336,50065.288412641785,50001.99903264813,54134.0,50001.055555555555,50001.05882352941,50001.52777777778,52067.5,50001.00024084778,50001.2357022604,50001.23521712901,50001.0,50001.10526315789,50001.99903311578,50001.000241837966,50001.055555555555,50001.99951632406,50001.999758103535,50001.9959046013,50002.0,50000.0,50001.055555555555
org.apache.commons.math3.linear.AbstractRealMatrix.scalarAdd(D)Lorg/apache/commons/math3/linear/RealMatrix; 50001.99564586357,50001.0,50001.10526315789,50001.055555555555,54117.0,50001.99564691656,50002.0,50065.16385275215,50000.2,50135.83501993255,50003.05976714391,50001.0,50001.0,50001.99129383313,54118.0,50001.05263157895,50001.055555555555,50001.52631578947,50229.72222222222,50001.00024078979,50001.22941573387,50001.22891573531,50001.0,50001.1,50001.991331567544,50001.000241837966,50001.05263157895,50001.99564691656,50001.99781871062,50001.99566473989,50002.0,49999.92,50001.05263157895
org.apache.commons.math3.linear.AbstractRealMatrix.scalarMultiply(D)Lorg/apache/commons/math3/linear/RealMatrix; 50001.995162070634,50001.0,50001.09523809524,50001.05,54115.0,50001.99516324063,50002.0,50065.148265759875,50000.181818181816,50136.06451520043,50003.11474252688,50001.0,50001.0,50001.99032648126,54116.0,50001.04761904762,50001.05,50001.52380952381,50206.75,50001.000240673886,50001.21821789024,50001.217689388875,50001.0,50001.09090909091,50001.99037304452,50001.000241837966,50001.04761904762,50001.99516324063,50001.997575757574,50001.99518536351,50002.0,49999.9,50001.04761904762
org.apache.commons.math3.optimization.direct.CMAESOptimizer.doOptimize()Lorg/apache/commons/math3/optimization/PointValuePair; 50001.99492017416,50001.0,50001.09090909091,50001.04761904762,54114.0,50001.994921402664,50002.0,50065.288412641785,50000.17391304348,50136.17495494038,50003.14069514293,50002.333333333336,50065.288412641785,50001.99903264813,54134.0,50001.045454545456,50001.04761904762,50001.52272727273,52067.5,50001.00024061598,50001.21320071635,50001.21265851565,50001.0,50001.086956521736,50001.99903311578,50001.000241837966,50001.045454545456,50001.99951632406,50001.999758103535,50001.994945848375,50002.0,50000.0,50001.045454545456
org.apache.commons.math3.optimization.SimpleValueChecker.<init>()V 50001.99419448476,50001.0,50001.08,50001.041666666664,54111.0,50001.99419588876,50002.0,50065.11708040764,50000.153846153844,50136.49135873099,50003.2133638394,50001.0,50001.0,50001.98839177751,54112.0,50001.04,50001.041666666664,50001.52,50172.291666666664,50001.000240442416,50001.2,50001.19941860342,50001.0,50001.07692307692,50001.98845876413,50001.000241837966,50001.04,50001.99419588876,50001.99708949794,50001.994227994226,50002.0,49999.86,50001.04
org.apache.commons.math3.optimization.direct.CMAESOptimizer.<init>(I[DIDZIILorg/apache/commons/math3/random/RandomGenerator;Z)V 50001.99419448476,50001.0,50001.08,50001.041666666664,54111.0,50001.99419588876,50002.0,50065.11708040764,50000.153846153844,50136.49135873099,50003.2133638394,50001.0,50001.0,50001.98839177751,54112.0,50001.04,50001.041666666664,50001.52,50172.291666666664,50001.000240442416,50001.2,50001.19941860342,50001.0,50001.07692307692,50001.98845876413,50001.000241837966,50001.04,50001.99419588876,50001.99708949794,50001.994227994226,50002.0,49999.86,50001.04
org.apache.commons.math3.optimization.direct.CMAESOptimizer.<init>(I[DIDZIILorg/apache/commons/math3/random/RandomGenerator;ZLorg/apache/commons/math3/optimization/ConvergenceChecker;)V 50001.99419448476,50001.0,50001.08,50001.041666666664,54111.0,50001.99419588876,50002.0,50065.11708040764,50000.153846153844,50136.49135873099,50003.2133638394,50001.0,50001.0,50001.98839177751,54112.0,50001.04,50001.041666666664,50001.52,50172.291666666664,50001.000240442416,50001.2,50001.19941860342,50001.0,50001.07692307692,50001.98845876413,50001.000241837966,50001.04,50001.99419588876,50001.99708949794,50001.994227994226,50002.0,49999.86,50001.04
org.apache.commons.math3.optimization.AbstractConvergenceChecker.<init>()V 50001.99346879536,50001.0,50001.07142857143,50001.03703703704,54108.0,50001.99347037485,50002.0,50065.09368143585,50000.137931034486,50136.788531668135,50003.279507056955,50001.0,50001.0,50001.986940749695,54109.0,50001.03571428572,50001.03703703704,50001.517857142855,50153.148148148146,50001.0002402691,50001.188982236505,50001.1883640847,50001.0,50001.06896551724,50001.98702546852,50001.000241837966,50001.03571428572,50001.99347037485,50001.99672449351,50001.9935111752,50002.0,49999.83,50001.03571428572
org.apache.commons.math3.optimization.direct.BaseAbstractMultivariateOptimizer.getMaxEvaluations()I 50001.99298500242,50001.0,50001.066666666666,50001.03448275862,54106.0,50001.99298669891,50002.0,50065.078077374405,50000.12903225807,50136.97754405256,50003.3205957871,50001.0,50001.0,50001.98597339782,54107.0,50001.03333333333,50001.03448275862,50001.51666666667,50142.58620689655,50001.0002401537,50001.182574185834,50001.181932680076,50001.0,50001.06451612903,50001.98607108549,50001.000241837966,50001.03333333333,50001.99298669891,50001.996481009584,50001.9930338698,50002.0,49999.81,50001.03333333333
org.apache.commons.math3.optimization.direct.BaseAbstractMultivariateSimpleBoundsOptimizer.getLowerBound()[D 50001.99129172714,50001.0,50001.05405405405,50001.02777777778,54099.0,50001.99129383313,50002.0,50065.02343321004,50000.10526315789,50137.59237924543,50003.44948974279,50001.0,50001.0,50001.982587666265,54100.0,50001.02702702703,50001.02777777778,50001.51351351351,50114.86111111111,50001.00023975066,50001.164398987305,50001.163681606486,50001.0,50001.05263157895,50001.98273795253,50001.000241837966,50001.02702702703,50001.99129383313,50001.99562788438,50001.99136690648,50002.0,49999.74,50001.02702702703
org.apache.commons.math3.optimization.direct.BaseAbstractMultivariateSimpleBoundsOptimizer.getUpperBound()[D 50001.99129172714,50001.0,50001.05405405405,50001.02777777778,54099.0,50001.99129383313,50002.0,50065.02343321004,50000.10526315789,50137.59237924543,50003.44948974279,50001.0,50001.0,50001.982587666265,54100.0,50001.02702702703,50001.02777777778,50001.51351351351,50114.86111111111,50001.00023975066,50001.164398987305,50001.163681606486,50001.0,50001.05263157895,50001.98273795253,50001.000241837966,50001.02702702703,50001.99129383313,50001.99562788438,50001.99136690648,50002.0,49999.74,50001.02702702703
org.apache.commons.math3.util.Incrementor.getMaximalCount()I 50001.99129172714,50001.0,50001.05405405405,50001.02777777778,54099.0,50001.99129383313,50002.0,50065.02343321004,50000.10526315789,50137.59237924543,50003.44948974279,50001.0,50001.0,50001.982587666265,54100.0,50001.02702702703,50001.02777777778,50001.51351351351,50114.86111111111,50001.00023975066,50001.164398987305,50001.163681606486,50001.0,50001.05263157895,50001.98273795253,50001.000241837966,50001.02702702703,50001.99129383313,50001.99562788438,50001.99136690648,50002.0,49999.74,50001.02702702703
org.apache.commons.math3.optimization.direct.BaseAbstractMultivariateSimpleBoundsOptimizer.<init>(Lorg/apache/commons/math3/optimization/ConvergenceChecker;)V 50001.990082244796,50001.0,50001.04761904762,50001.0243902439,54094.0,50001.99008464329,50002.0,50064.984373092186,50000.09302325582,50137.99550348286,50003.530439534436,50001.0,50001.0,50001.98016928658,54095.0,50001.02380952381,50001.0243902439,50001.51190476191,50100.85365853659,50001.0002394636,50001.15430334996,50001.15353627187,50001.0,50001.04651162791,50001.98036398467,50001.000241837966,50001.02380952381,50001.99008464329,50001.99501762061,50001.99017964072,50002.0,49999.69,50001.02380952381
org.apache.commons.math3.exception.MathIllegalStateException.<init>()V 50001.988147073054,50001.0,50001.04,50001.02040816326,54086.0,50001.98814993954,50002.0,50064.92182725799,50000.07843137255,50138.59237924543,50003.645751311065,50001.0,50001.0,50001.97629987908,54087.0,50001.02,50001.02040816326,50001.51,50084.38775510204,50001.000239005734,50001.14142135624,50001.140580729334,50001.0,50001.03921568627,50001.97657743786,50001.000241837966,50001.02,50001.98814993954,50001.99403965454,50001.9882859192,50002.0,49999.61,50001.02
org.apache.commons.math3.optimization.direct.BaseAbstractMultivariateOptimizer.optimize(ILorg/apache/commons/math3/analysis/MultivariateFunction;Lorg/apache/commons/math3/optimization/GoalType;[D)Lorg/apache/commons/math3/optimization/PointValuePair; 50001.983792936626,50001.0,50001.029411764706,50001.014925373136,54068.0,50001.983796856104,50002.0,50064.78087487641,50000.057971014496,50139.7777320173,50003.86100555258,50001.0,50001.0,50001.967593712216,54069.0,50001.01470588235,50001.014925373136,50001.507352941175,50061.71641791045,50001.00023798191,50001.121267812516,50001.1202811007,50001.0,50001.02898550725,50001.96811042361,50001.000241837966,50001.01470588235,50001.983796856104,50001.99183225649,50001.98405141633,50002.0,49999.43,50001.01470588235
org.apache.commons.math3.exception.MathIllegalStateException.<init>(Lorg/apache/commons/math3/exception/util/Localizable;[Ljava/lang/Object;)V 50001.98330914369,50001.0,50001.02857142857,50001.014492753624,54066.0,50001.98331318017,50002.0,50064.76519426772,50000.05633802817,50139.899003108345,50003.882121417104,50001.0,50001.0,50001.966626360336,54067.0,50001.014285714286,50001.014492753624,50001.50714285715,50059.92753623189,50001.0002378687,50001.119522860936,50001.11852119423,50001.0,50001.028169014084,50001.96717411988,50001.000241837966,50001.014285714286,50001.98331318017,50001.9915863919,50001.98358315489,50002.0,49999.41,50001.014285714286
org.apache.commons.math3.optimization.direct.BaseAbstractMultivariateOptimizer.computeObjectiveValue([D)D 50001.98209966134,50001.0,50001.026666666665,50001.01351351351,54061.0,50001.982103990325,50002.0,50065.28063471995,50000.05263157895,50140.19470451247,50003.93297208767,50002.25,50065.28063471995,50001.99854897219,54133.0,50001.013333333336,50001.01351351351,50001.50666666667,51378.333333333336,50001.00023758612,50001.11547005384,50001.114431910544,50001.0,50001.02631578947,50001.99855002417,50001.000241837966,50001.013333333336,50001.999274486094,50001.99963711141,50001.98241444867,50002.0,49999.36,50001.013333333336
org.apache.commons.math3.optimization.direct.BaseAbstractMultivariateOptimizer.getGoalType()Lorg/apache/commons/math3/optimization/GoalType; 50001.98209966134,50001.0,50001.026666666665,50001.01351351351,54061.0,50001.982103990325,50002.0,50064.72597586542,50000.05263157895,50140.19470451247,50003.93297208767,50001.0,50001.0,50001.96420798065,54062.0,50001.013333333336,50001.01351351351,50001.50666666667,50055.87837837838,50001.00023758612,50001.11547005384,50001.114431910544,50001.0,50001.02631578947,50001.9648372535,50001.000241837966,50001.013333333336,50001.982103990325,50001.990971205465,50001.98241444867,50002.0,49999.36,50001.013333333336
org.apache.commons.math3.optimization.direct.BaseAbstractMultivariateOptimizer.getStartPoint()[D 50001.98064828254,50001.0,50001.02469135803,50001.0125,54055.0,50001.98065296251,50002.0,50064.67888189973,50000.04878048781,50140.536651155424,50003.99069756244,50001.0,50001.0,50001.96130592503,54056.0,50001.01234567901,50001.0125,50001.50617283951,50051.6875,50001.00023724792,50001.11111111111,50001.11003076352,50001.0,50001.0243902439,50001.962040332146,50001.000241837966,50001.01234567901,50001.98065296251,50001.99023199023,50001.98101566208,50002.0,49999.3,50001.01234567901
org.apache.commons.math3.optimization.direct.BaseAbstractMultivariateOptimizer.optimizeInternal(ILorg/apache/commons/math3/analysis/MultivariateFunction;Lorg/apache/commons/math3/optimization/GoalType;[D)Lorg/apache/commons/math3/optimization/PointValuePair; 50001.98064828254,50001.0,50001.02469135803,50001.0125,54055.0,50001.98065296251,50002.0,50064.67888189973,50000.04878048781,50140.536651155424,50003.99069756244,50001.0,50001.0,50001.96130592503,54056.0,50001.01234567901,50001.0125,50001.50617283951,50051.6875,50001.00023724792,50001.11111111111,50001.11003076352,50001.0,50001.0243902439,50001.962040332146,50001.000241837966,50001.01234567901,50001.98065296251,50001.99023199023,50001.98101566208,50002.0,49999.3,50001.01234567901
org.apache.commons.math3.optimization.direct.BaseAbstractMultivariateOptimizer.<init>(Lorg/apache/commons/math3/optimization/ConvergenceChecker;)V 50001.97943880019,50001.0,50001.023255813954,50001.01176470588,54050.0,50001.979443772674,50002.0,50064.63961030679,50000.0459770115,50140.81192370272,50004.03637027671,50001.0,50001.0,50001.95888754534,54051.0,50001.01162790698,50001.01176470588,50001.50581395349,50048.64705882353,50001.00023696682,50001.1078327732,50001.10671842979,50001.0,50001.02298850575,50001.95971563981,50001.000241837966,50001.01162790698,50001.979443772674,50001.989615149665,50001.97985304575,50002.0,49999.25,50001.01162790698
org.apache.commons.math3.linear.Array2DRowRealMatrix.<init>([[DZ)V 50001.975326560234,50001.0,50001.01941747573,50001.009803921566,54033.0,50001.9753325272,50002.0,50065.257295305666,50000.03846153846,50141.88800938641,50004.208680436095,50002.142857142855,50065.257295305666,50001.997097944375,54130.0,50001.00970873787,50001.009803921566,50001.50485436893,50689.166666666664,50001.00023601605,50001.09853292782,50001.09730976264,50001.0,50001.019230769234,50001.99710214924,50001.000241837966,50001.00970873787,50001.99854897219,50001.99927395934,50001.975920679884,50002.0,49999.08,50001.00970873787
org.apache.commons.math3.linear.AbstractRealMatrix.multiply(Lorg/apache/commons/math3/linear/RealMatrix;)Lorg/apache/commons/math3/linear/RealMatrix; 50001.97435897436,50001.0,50001.01869158878,50001.00943396227,54029.0,50001.97436517533,50002.0,50064.47440429023,50000.03703703704,50141.88800938641,50004.208680436095,50001.0,50001.0,50001.94873035067,54030.0,50001.009345794395,50001.00943396227,50001.504672897194,50039.00943396227,50001.00023579344,50001.096673648906,50001.09542619472,50001.0,50001.01851851852,50001.950011789675,50001.000241837966,50001.009345794395,50001.97436517533,50001.98701616855,50001.975,50002.0,49999.04,50001.009345794395
org.apache.commons.math3.linear.MatrixUtils.createRealMatrix(II)Lorg/apache/commons/math3/linear/RealMatrix; 50001.97242380261,50001.0,50001.01739130435,50001.008771929824,54021.0,50001.972430471586,50002.0,50064.41135544995,50000.03448275862,50142.26945749746,50004.26757987692,50001.0,50001.0,50001.94486094317,54022.0,50001.00869565218,50001.008771929824,50001.504347826085,50036.271929824565,50001.00023534949,50001.09325048082,50001.09195574562,50001.0,50001.01724137931,50001.94634031537,50001.000241837966,50001.00869565218,50001.972430471586,50001.98602256008,50001.97316384181,50002.0,49998.96,50001.00869565218
org.apache.commons.math3.linear.MatrixUtils.checkMultiplicationCompatible(Lorg/apache/commons/math3/linear/AnyMatrix;Lorg/apache/commons/math3/linear/AnyMatrix;)V 50001.96806966618,50001.0,50001.015037593985,50001.007575757576,54003.0,50001.96807738815,50002.0,50065.2417309854,50000.02985074627,50143.0815045385,50004.38956122427,50002.11111111111,50065.2417309854,50001.9961305925,54128.0,50001.00751879699,50001.007575757576,50001.503759398496,50516.875,50001.00023435669,50001.086710996955,50001.08531541065,50001.0,50001.014925373136,50001.996138064205,50001.000241837966,50001.00751879699,50001.998065296255,50001.99903171145,50001.96905766526,50002.0,49998.78,50001.00751879699
org.apache.commons.math3.linear.AbstractRealMatrix$5.<init>(Lorg/apache/commons/math3/linear/AbstractRealMatrix;Lorg/apache/commons/math3/linear/RealMatrix;)V 50001.9610546686,50001.0,50001.01234567901,50001.00621118012,53974.0,50001.96106408706,50002.0,50064.0396700499,50000.024539877304,50144.28095678588,50004.56210296601,50001.0,50001.0,50001.92212817413,53975.0,50001.00617283951,50001.00621118012,50001.503086419754,50025.683229813665,50001.00023277468,50001.07856742013,50001.077022309924,50001.0,50001.01226993865,50001.925046554934,50001.000241837966,50001.00617283951,50001.96106408706,50001.98014551733,50001.96251455181,50002.0,49998.49,50001.00617283951
org.apache.commons.math3.linear.AbstractRealMatrix$5.visit(IID)V 50001.9610546686,50001.0,50001.01234567901,50001.00621118012,53974.0,50001.96106408706,50002.0,50064.0396700499,50000.024539877304,50144.28095678588,50004.56210296601,50001.0,50001.0,50001.92212817413,53975.0,50001.00617283951,50001.00621118012,50001.503086419754,50025.683229813665,50001.00023277468,50001.07856742013,50001.077022309924,50001.0,50001.01226993865,50001.925046554934,50001.000241837966,50001.00617283951,50001.96106408706,50001.98014551733,50001.96251455181,50002.0,49998.49,50001.00617283951
org.apache.commons.math3.linear.AbstractRealMatrix.transpose()Lorg/apache/commons/math3/linear/RealMatrix; 50001.9610546686,50001.0,50001.01234567901,50001.00621118012,53974.0,50001.96106408706,50002.0,50064.0396700499,50000.024539877304,50144.28095678588,50004.56210296601,50001.0,50001.0,50001.92212817413,53975.0,50001.00617283951,50001.00621118012,50001.503086419754,50025.683229813665,50001.00023277468,50001.07856742013,50001.077022309924,50001.0,50001.01226993865,50001.925046554934,50001.000241837966,50001.00617283951,50001.96106408706,50001.98014551733,50001.96251455181,50002.0,49998.49,50001.00617283951
org.apache.commons.math3.linear.Array2DRowRealMatrix.walkInRowOrder(Lorg/apache/commons/math3/linear/RealMatrixPreservingVisitor;)D 50001.96081277214,50001.0,50001.01226993865,50001.00617283951,53973.0,50001.96082224909,50002.0,50064.03173803728,50000.0243902439,50144.32030130678,50004.567621345006,50001.0,50001.0,50001.92164449819,53974.0,50001.00613496933,50001.00617283951,50001.503067484664,50025.52469135803,50001.0002327205,50001.078326045,50001.07677601764,50001.0,50001.01219512195,50001.92459855713,50001.000241837966,50001.00613496933,50001.96082224909,50001.98001973359,50001.96229050279,50002.0,49998.48,50001.00613496933
org.apache.commons.math3.linear.AbstractRealMatrix.walkInOptimizedOrder(Lorg/apache/commons/math3/linear/RealMatrixPreservingVisitor;)D 50001.960570875664,50001.0,50001.01219512195,50001.00613496933,53972.0,50001.96058041113,50002.0,50064.02380502636,50000.024242424246,50144.359524580235,50004.57311423478,50001.0,50001.0,50001.92116082225,53973.0,50001.006097560974,50001.00613496933,50001.50304878049,50025.36809815951,50001.00023266636,50001.078086880945,50001.07653195075,50001.0,50001.01212121212,50001.9241507678,50001.000241837966,50001.006097560974,50001.96058041113,50001.97989391883,50001.962066558066,50002.0,49998.47,50001.006097560974
org.apache.commons.math3.linear.DefaultRealMatrixPreservingVisitor.start(IIIIII)V 50001.960570875664,50001.0,50001.01219512195,50001.00613496933,53972.0,50001.96058041113,50002.0,50064.02380502636,50000.024242424246,50144.359524580235,50004.57311423478,50001.0,50001.0,50001.92116082225,53973.0,50001.006097560974,50001.00613496933,50001.50304878049,50025.36809815951,50001.00023266636,50001.078086880945,50001.07653195075,50001.0,50001.01212121212,50001.9241507678,50001.000241837966,50001.006097560974,50001.96058041113,50001.97989391883,50001.962066558066,50002.0,49998.47,50001.006097560974
org.apache.commons.math3.linear.DefaultRealMatrixPreservingVisitor.<init>()V 50001.95960328979,50001.0,50001.01190476191,50001.00598802395,53968.0,50001.95961305925,50002.0,50063.992062992096,50000.023668639056,50144.515227228745,50004.59483629437,50001.0,50001.0,50001.9192261185,53969.0,50001.005952380954,50001.00598802395,50001.50297619047,50024.760479041914,50001.000232450024,50001.07715167498,50001.075577273994,50001.0,50001.01183431953,50001.92236169224,50001.000241837966,50001.005952380954,50001.95961305925,50001.979390349254,50001.961171820505,50002.0,49998.43,50001.005952380954
org.apache.commons.math3.linear.DefaultRealMatrixPreservingVisitor.end()D 50001.95960328979,50001.0,50001.01190476191,50001.00598802395,53968.0,50001.95961305925,50002.0,50063.992062992096,50000.023668639056,50144.515227228745,50004.59483629437,50001.0,50001.0,50001.9192261185,53969.0,50001.005952380954,50001.00598802395,50001.50297619047,50024.760479041914,50001.000232450024,50001.07715167498,50001.075577273994,50001.0,50001.01183431953,50001.92236169224,50001.000241837966,50001.005952380954,50001.95961305925,50001.979390349254,50001.961171820505,50002.0,49998.43,50001.005952380954
org.apache.commons.math3.linear.Array2DRowRealMatrix.setEntry(IID)V 50001.93420416062,50001.0,50001.007326007326,50001.00367647059,53863.0,50001.93422007255,50002.0,50063.15303693304,50000.01459854015,50148.0848017479,50005.06108636974,50001.0,50001.0,50001.8684401451,53864.0,50001.00366300366,50001.00367647059,50001.50183150183,50015.20220588235,50001.00022691173,50001.060522753265,50001.05849780562,50001.0,50001.00729927007,50001.87656001815,50001.000241837966,50001.00366300366,50001.93422007255,50001.96599149788,50001.93826600091,50002.0,49997.38,50001.00366300366
org.apache.commons.math3.linear.Array2DRowRealMatrix.getEntry(II)D 50001.93347847121,50001.0,50001.00724637681,50001.00363636364,53860.0,50001.933494558645,50002.0,50063.128898268034,50000.01444043321,50148.175503197206,50005.07223819929,50001.0,50001.0,50001.86698911729,53861.0,50001.00362318841,50001.00363636364,50001.5018115942,50015.03636363636,50001.00022675737,50001.06019292654,50001.05815641301,50001.0,50001.007220216605,50001.87528344671,50001.000241837966,50001.00362318841,50001.933494558645,50001.96560350219,50001.93762757995,50002.0,49997.35,50001.00362318841
org.apache.commons.math3.linear.Array2DRowRealMatrix.<init>(II)V 50001.93202709241,50001.0,50001.00709219858,50001.00355871886,53854.0,50001.93204353083,50002.0,50063.08059278067,50000.01413427562,50148.355433859666,50005.09427095027,50001.0,50001.0,50001.864087061665,53855.0,50001.00354609929,50001.00355871886,50001.50177304965,50014.7153024911,50001.00022644927,50001.05954913342,50001.05748965656,50001.0,50001.00706713781,50001.87273550725,50001.000241837966,50001.00354609929,50001.93204353083,50001.96482663663,50001.93635334088,50002.0,49997.29,50001.00354609929
org.apache.commons.math3.linear.AbstractRealMatrix.<init>()V 50001.92235123367,50001.0,50001.00621118012,50001.0031152648,53814.0,50001.92237001209,50002.0,50062.75759062658,50000.01238390093,50149.508852112594,50005.232785473796,50001.0,50001.0,50001.844740024186,53815.0,50001.00310559006,50001.0031152648,50001.50155279503,50012.881619937696,50001.000224416515,50001.05572782126,50001.05352050845,50001.0,50001.006191950466,50001.85592459605,50001.000241837966,50001.00310559006,50001.92237001209,50001.95961756196,50001.927946127944,50002.0,49996.89,50001.00310559006
org.apache.commons.math3.linear.Array2DRowRealMatrix.getRowDimension()I 50001.913159167874,50001.0,50001.00555555556,50001.002785515324,53776.0,50001.913180169286,50002.0,50062.44916598295,50000.01108033241,50150.53967456693,50005.35284910392,50001.0,50001.0,50001.82636033857,53777.0,50001.00277777778,50001.002785515324,50001.501388888886,50011.51810584958,50001.00022251892,50001.05270462767,50001.05036420598,50001.0,50001.0055401662,50001.84023141967,50001.000241837966,50001.00277777778,50001.913180169286,50001.95462014916,50001.92009793012,50002.0,49996.51,50001.00277777778
org.apache.commons.math3.linear.Array2DRowRealMatrix.getColumnDimension()I 50001.91291727141,50001.0,50001.0055401662,50001.00277777778,53775.0,50001.91293833132,50002.0,50062.44102863722,50000.011049723755,50150.56604520644,50005.35587717469,50001.0,50001.0,50001.82587666264,53776.0,50001.002770083105,50001.00277777778,50001.50138504155,50011.48611111111,50001.00022246941,50001.05263157895,50001.05028773913,50001.0,50001.00552486188,50001.83982202447,50001.000241837966,50001.002770083105,50001.91293833132,50001.95448798989,50001.91989319092,50002.0,49996.5,50001.002770083105
org.apache.commons.math3.linear.MatrixUtils.checkMatrixIndex(Lorg/apache/commons/math3/linear/AnyMatrix;II)V 50001.904934687955,50001.0,50001.00507614213,50001.00254452926,53742.0,50001.90495767836,50002.0,50062.17188896871,50000.01012658228,50151.41660684703,50005.45244063426,50001.0,50001.0,50001.80991535671,53743.0,50001.002538071065,50001.00254452926,50001.501269035536,50010.521628498725,50001.00022084806,50001.05037927219,50001.04792482184,50001.0,50001.00506329114,50001.82641342756,50001.000241837966,50001.002538071065,50001.90495767836,50001.950107909106,50001.91318754142,50002.0,49996.17,50001.002538071065
org.apache.commons.math3.linear.MatrixUtils.checkRowIndex(Lorg/apache/commons/math3/linear/AnyMatrix;I)V 50001.8969521045,50001.0,50001.00468384075,50001.00234741784,53709.0,50001.89697702539,50002.0,50065.078077374405,50000.009345794395,50152.23214668598,50005.54310108192,50002.03333333333,50065.078077374405,50001.98597339782,54107.0,50001.00234192037,50001.00234741784,50001.50117096019,50142.58620689655,50001.00021925016,50001.04839339185,50001.04583219838,50001.0,50001.004672897194,50001.98607108549,50001.000241837966,50001.00234192037,50001.99298669891,50001.996481009584,50001.90657894737,50002.0,49998.82,50001.00234192037
org.apache.commons.math3.linear.MatrixUtils.checkColumnIndex(Lorg/apache/commons/math3/linear/AnyMatrix;I)V 50001.89671020803,50001.0,50001.004672897194,50001.00234192037,53708.0,50001.89673518742,50002.0,50065.1092816993,50000.00932400933,50152.2563575652,50005.54576487731,50002.03846153846,50065.1092816993,50001.987908101575,54111.0,50001.0023364486,50001.00234192037,50001.5011682243,50165.4,50001.000219202106,50001.04833682445,50001.04577245141,50001.0,50001.00466200466,50001.987980769234,50001.000241837966,50001.0023364486,50001.993954050784,50001.99696785931,50001.90638017978,50002.0,49998.86,50001.0023364486
org.apache.commons.math3.linear.RealLinearOperator.<init>()V 50001.86695694243,50001.0,50001.00362976406,50001.001818181816,53585.0,50001.86698911729,50002.0,50060.87486951969,50000.00724637681,50155.04445804455,50005.84273464059,50001.0,50001.0,50001.73397823458,53586.0,50001.00181488203,50001.001818181816,50001.50090744102,50007.51818181818,50001.00021344717,50001.04260143229,50001.03966641625,50001.0,50001.00362318841,50001.76520811099,50001.000241837966,50001.00181488203,50001.86698911729,50001.928756476686,50001.882578992314,50002.0,49994.6,50001.00181488203
org.apache.commons.math3.util.Incrementor.incrementCount()V 50001.858732462504,50001.0,50001.00341880342,50001.00171232877,53551.0,50001.85876662636,50002.0,50065.148265759875,50000.006825938566,50155.77915249032,50005.9180050066,50002.04761904762,50065.148265759875,50001.99032648126,54116.0,50001.00170940171,50001.00171232877,50001.500854700855,50206.75,50001.000211909304,50001.04134491153,50001.03831342766,50001.0,50001.00341296929,50001.99037304452,50001.000241837966,50001.00170940171,50001.99516324063,50001.997575757574,50001.876218736754,50002.0,49998.91,50001.00170940171
org.apache.commons.math3.util.Incrementor$1.<init>()V 50001.84567005322,50001.0,50001.00312989045,50001.00156739812,53497.0,50001.84570737606,50002.0,50060.13543776789,50000.00625,50156.85104112606,50006.02579962599,50001.0,50001.0,50001.69141475212,53498.0,50001.001564945225,50001.00156739812,50001.50078247261,50006.48119122257,50001.00020951184,50001.039559388606,50001.03637894052,50001.0,50001.003125,50001.732662895454,50001.000241837966,50001.001564945225,50001.84570737606,50001.91640461216,50001.86630343671,50002.0,49993.72,50001.001564945225
org.apache.commons.math3.util.Incrementor.<init>(ILorg/apache/commons/math3/util/Incrementor$MaxCountExceededCallback;)V 50001.84542815675,50001.0,50001.003125,50001.001564945225,53496.0,50001.84546553809,50002.0,50060.12698199638,50000.00624024961,50156.870828564955,50006.02776782673,50001.0,50001.0,50001.69093107618,53497.0,50001.0015625,50001.001564945225,50001.50078125,50006.471048513304,50001.00020946795,50001.039528470756,50001.03634530912,50001.0,50001.003120124806,50001.73229995811,50001.000241837966,50001.0015625,50001.84546553809,50001.91626261303,50001.86612193589,50002.0,49993.71,50001.0015625
org.apache.commons.math3.exception.util.ExceptionContext.addMessage(Lorg/apache/commons/math3/exception/util/Localizable;[Ljava/lang/Object;)V 50001.78688921142,50001.0,50001.0022675737,50001.00113507378,53254.0,50001.7869407497,50002.0,50058.0438427878,50000.00453001133,50161.27402340474,50006.44808628413,50001.0,50001.0,50001.5738814994,53255.0,50001.00113378685,50001.00113507378,50001.500566893425,50004.69353007946,50001.00019936204,50001.03367175149,50001.029869125174,50001.0,50001.00226500566,50001.64872408294,50001.000241837966,50001.00113378685,50001.7869407497,50001.880768710245,50001.82432701894,50002.0,49991.29,50001.00113378685
org.apache.commons.math3.util.FastMath.sqrt(D)D 50001.6221577165,50001.0,50001.00127959053,50001.00064020487,52573.0,50001.62224909311,50002.0,50051.72474741189,50000.00255754476,50171.114524936165,50007.286664114676,50001.0,50001.0,50001.24449818621,52574.0,50001.00063979527,50001.00064020487,50001.500319897634,50002.64724711908,50001.00017553098,50001.025294174535,50001.0199512797,50001.0,50001.001278772375,50001.45164121468,50001.000241837966,50001.00063979527,50001.62224909311,50001.767143709,50001.72577247191,50002.0,49984.48,50001.00063979527
org.apache.commons.math3.optimization.direct.CMAESOptimizer.access$100(Lorg/apache/commons/math3/optimization/direct/CMAESOptimizer;)[[D 50001.99612965651,50001.0,50001.117647058825,50001.0625,54119.0,50001.9961305925,50002.0,50065.17943595888,50000.22222222222,50135.59237924543,50003.0,50001.0,50001.0,50001.992261185005,54120.0,50001.05882352941,50001.0625,50001.529411764706,50258.4375,50001.00024090581,50001.24253562504,50001.242065821934,50001.0,50001.11111111111,50001.99229101421,50001.000241837966,50001.05882352941,50001.9961305925,50001.99806154591,50001.99614457831,50002.0,49999.94,50001.05882352941
org.apache.commons.math3.util.FastMath.nextUp(D)D 50001.9992743106,50001.0,50001.5,50001.333333333336,54132.0,50001.999274486094,50002.0,50065.28063471995,50000.8,50133.324430053,50002.31607401295,50001.0,50001.0,50001.99854897219,54133.0,50001.25,50001.333333333336,50001.625,51378.333333333336,50001.00024166264,50001.5,50001.499818544726,50001.0,50001.4,50001.99855002417,50001.000241837966,50001.25,50001.999274486094,50001.99963711141,50001.99927483684,50002.0,49999.9,50001.25
org.apache.commons.math3.optimization.direct.CMAESOptimizer.zeros(II)Lorg/apache/commons/math3/linear/RealMatrix; 5013.996129656507,5013.0,5013.117647058823,5013.0625,9131.0,5013.996130592503,5014.0,5077.17943595888,5012.222222222223,5147.592379245428,5015.0,5013.0,5013.0,5013.992261185006,9132.0,5013.058823529412,5013.0625,5013.529411764706,5270.4375,5013.000240905806,5013.242535625036,5013.242065821932,5013.0,5013.111111111111,5013.992291014213,5013.000241837968,5013.058823529412,5013.996130592503,5013.998061545917,5013.996144578313,5014.0,5011.94,5013.058823529412
org.apache.commons.math3.linear.Array2DRowRealMatrix.createMatrix(II)Lorg/apache/commons/math3/linear/RealMatrix; 5013.953555878084,5013.0,5013.010362694301,5013.005208333333,8955.0,5013.953567110037,5014.0,5075.793311745759,5012.020618556701,5157.448785705979,5016.722419436408,5013.0,5013.0,5013.907134220072,8956.0,5013.00518134715,5013.005208333333,5013.5025906735755,5033.536458333333,5013.000231107003,5013.0719815750745,5013.070290141781,5013.0,5013.01030927835,5013.911254911024,5013.000241837968,5013.00518134715,5013.953567110037,5013.97623174053,5013.955617198336,5014.0,5010.18,5013.00518134715
org.apache.commons.math3.linear.AbstractRealMatrix.<init>(II)V 5013.898645379777,5013.0,5013.004761904762,5013.002386634845,8728.0,5013.898669891173,5014.0,5077.288412641782,5012.009501187648,5164.086280777347,5017.527019055838,5014.333333333333,5077.288412641782,5013.999032648126,9146.0,5013.002380952381,5013.002386634845,5013.5011904761905,7079.5,5013.000219587176,5013.048795003648,5013.046256154797,5013.0,5013.004750593825,5013.999033115784,5013.000241837968,5013.002380952381,5013.999516324063,5013.999758103531,5013.90797276521,5014.0,5012.0,5013.002380952381
org.apache.commons.math3.util.Incrementor.setMaximalCount(I)V 5013.862844702468,5013.0,5013.0035211267605,5013.001763668431,8580.0,5013.862877871826,5014.0,5072.7327380922725,5012.007029876977,5167.404141045009,5017.8797296850935,5013.0,5013.0,5013.7257557436515,8581.0,5013.00176056338,5013.001763668431,5013.50088028169,5019.292768959435,5013.000212675457,5013.041959067915,5013.038975540869,5013.0,5013.0035149384885,5013.758826031476,5013.000241837968,5013.00176056338,5013.862877871826,5013.926392314683,5013.879387364391,5014.0,5006.43,5013.00176056338
org.apache.commons.math3.util.Incrementor.<init>()V 5013.859216255442,5013.0,5013.003430531732,5013.001718213059,8565.0,5013.859250302297,5014.0,5072.607046563305,5012.006849315068,5167.717055409058,5017.9116877103115,5013.0,5013.0,5013.718500604595,8566.0,5013.001715265867,5013.001718213059,5013.500857632933,5019.104810996563,5013.000211999152,5013.041415768328,5013.038389898602,5013.0,5013.003424657534,5013.753232987068,5013.000241837968,5013.001715265867,5013.859250302297,5013.92429760666,5013.8765903307885,5014.0,5006.28,5013.001715265867
org.apache.commons.math3.util.Incrementor.resetCount()V 5013.854136429608,5013.0,5013.003311258278,5013.001658374793,8544.0,5013.8541717049575,5014.0,5072.430631832414,5012.0066115702475,5168.148437561045,5017.955406977799,5013.0,5013.0,5013.708343409915,8545.0,5013.001655629139,5013.001658374793,5013.50082781457,5018.857379767827,5013.000211059519,5013.040689422938,5013.037604961928,5013.0,5013.003305785124,5013.745462220346,5013.000241837968,5013.001655629139,5013.8541717049575,5013.921351245598,5013.872704243192,5014.0,5006.07,5013.001655629139
org.apache.commons.math3.util.Incrementor.<init>(I)V 5013.845670053217,5013.0,5013.003129890454,5013.001567398119,8509.0,5013.845707376058,5014.0,5072.13543776789,5012.00625,5168.851041126059,5018.0257996259925,5013.0,5013.0,5013.691414752116,8510.0,5013.001564945227,5013.001567398119,5013.5007824726135,5018.4811912225705,5013.000209511837,5013.039559388607,5013.036378940519,5013.0,5013.003125,5013.732662895453,5013.000241837968,5013.001564945227,5013.845707376058,5013.91640461216,5013.866303436715,5014.0,5005.72,5013.001564945227
org.apache.commons.math3.exception.util.ArgUtils.flatten([Ljava/lang/Object;)[Ljava/lang/Object; 5013.786647314949,5013.0,5013.002265005663,5013.001133786848,8265.0,5013.786698911729,5014.0,5072.253691868103,5012.004524886878,5173.290864055263,5018.44963162148,5014.0016,5072.253691868103,5013.698186215236,8524.0,5013.001132502831,5013.001133786848,5013.500566251416,5018.6266025641025,5013.000199322304,5013.033652679407,5013.029847618186,5013.0,5013.002262443439,5013.73776003362,5013.000241837968,5013.001132502831,5013.849093107618,5013.918388699974,5013.824162679426,5014.0,5004.87,5013.001132502831
org.apache.commons.math3.exception.util.ExceptionContext.<init>(Ljava/lang/Throwable;)V 5013.786647314949,5013.0,5013.002265005663,5013.001133786848,8265.0,5013.786698911729,5014.0,5070.035076926397,5012.004524886878,5173.290864055263,5018.44963162148,5013.0,5013.0,5013.573397823458,8266.0,5013.001132502831,5013.001133786848,5013.500566251416,5016.68820861678,5013.000199322304,5013.033652679407,5013.029847618186,5013.0,5013.002262443439,5013.6483954554515,5013.000241837968,5013.001132502831,5013.786698911729,5013.880617217109,5013.824162679426,5014.0,5003.28,5013.001132502831
