org.apache.commons.math3.distribution.HypergeometricDistribution.getNumericalMean()D 5000001.996511628,5000001.0,5000001.105263158,5000001.055555556,5005143.0,5000001.996512304,5000002.0,5000072.714712577,5000000.2,5000150.908920656,5000003.059767144,5000001.0,5000001.0,5000001.993024607,5005144.0,5000001.052631579,5000001.055555556,5000001.52631579,5000286.722222222,5000001.000193087,5000001.229415734,5000001.22901524,5000001.0,5000001.1,5000001.993048851,5000001.000193761,5000001.052631579,5000001.996512304,5000001.998253105,5000001.996523755,5000002.0,4999999.92,5000001.052631579
org.apache.commons.math3.distribution.AbstractIntegerDistribution.inverseCumulativeProbability(D)I 5000002.987984496,5000002.0,5000002.031746032,5000002.016129033,5005100.0,5000002.9879868245,5000003.0,5000073.784399419,5000001.0625,5000156.831431358,5000005.027400104,5000003.111111111,5000073.784399419,5000002.9968998255,5005155.0,5000002.015873016,5000002.016129033,5000002.507936508,5000646.125,5000002.000191461,5000002.1259881575,5000002.125228965,5000002.0,5000002.03125,5000002.996904624,5000002.000193761,5000002.015873016,5000002.998449913,5000002.999224355,5000002.988127154,5000003.0,5000000.48,5000002.015873016
org.apache.commons.math3.distribution.HypergeometricDistribution.calculateNumericalVariance()D 500003.9965116279,500003.0,500003.1052631579,500003.05555555556,505145.0,500003.9965123038,500004.0,500074.714712577,500002.2,500152.90892065567,500005.0597671439,500003.0,500003.0,500003.99302460765,505146.0,500003.05263157893,500003.05555555556,500003.5263157895,500288.72222222225,500003.00019308744,500003.2294157339,500003.22901524056,500003.0,500003.1,500003.99304885115,500003.0001937609,500003.05263157893,500003.9965123038,500003.9982531056,500003.9965237543,500004.0,500001.92,500003.05263157893
org.apache.commons.math3.distribution.HypergeometricDistribution.getNumericalVariance()D 5000001.996511628,5000001.0,5000001.105263158,5000001.055555556,5005143.0,5000001.996512304,5000002.0,5000072.714712577,5000000.2,5000150.908920656,5000003.059767144,5000001.0,5000001.0,5000001.993024607,5005144.0,5000001.052631579,5000001.055555556,5000001.52631579,5000286.722222222,5000001.000193087,5000001.229415734,5000001.22901524,5000001.0,5000001.1,5000001.993048851,5000001.000193761,5000001.052631579,5000001.996512304,5000001.998253105,5000001.996523755,5000002.0,4999999.92,5000001.052631579
org.apache.commons.math3.distribution.HypergeometricDistribution.getNumberOfSuccesses()I 500002.996124031,500002.0,500002.09523809527,500002.05,505142.0,500002.996124782,500003.0,500073.700767081,500001.1818181818,500152.1384159235,500004.1147425269,500002.0,500002.0,500002.99224956403,505143.0,500002.04761904763,500002.05,500002.5238095238,500259.05,500002.00019301294,500002.21821789024,500002.2177945768,500002.0,500002.0909090909,500002.9922794827,500002.0001937609,500002.04761904763,500002.996124782,500002.9980586294,500002.99613899615,500003.0,500000.9,500002.04761904763
org.apache.commons.math3.distribution.HypergeometricDistribution.getPopulationSize()I 500002.996124031,500002.0,500002.09523809527,500002.05,505142.0,500002.996124782,500003.0,500073.700767081,500001.1818181818,500152.1384159235,500004.1147425269,500002.0,500002.0,500002.99224956403,505143.0,500002.04761904763,500002.05,500002.5238095238,500259.05,500002.00019301294,500002.21821789024,500002.2177945768,500002.0,500002.0909090909,500002.9922794827,500002.0001937609,500002.04761904763,500002.996124782,500002.9980586294,500002.99613899615,500003.0,500000.9,500002.04761904763
org.apache.commons.math3.distribution.HypergeometricDistribution.getSampleSize()I 500002.996124031,500002.0,500002.09523809527,500002.05,505142.0,500002.996124782,500003.0,500073.700767081,500001.1818181818,500152.1384159235,500004.1147425269,500002.0,500002.0,500002.99224956403,505143.0,500002.04761904763,500002.05,500002.5238095238,500259.05,500002.00019301294,500002.21821789024,500002.2177945768,500002.0,500002.0909090909,500002.9922794827,500002.0001937609,500002.04761904763,500002.996124782,500002.9980586294,500002.99613899615,500003.0,500000.9,500002.04761904763
org.apache.commons.math3.distribution.HypergeometricDistribution.<init>(III)V 500001.9947674419,500001.0,500001.0714285714,500001.037037037,505134.0,500001.99476845574,500002.0,500072.6519364707,500000.1379310345,500151.86243239127,500003.2795070569,500001.0,500001.0,500001.9895369114,505135.0,500001.03571428574,500001.037037037,500001.51785714284,500191.14814814815,500001.0001927525,500001.1889822365,500001.18848715775,500001.0,500001.0689655172,500001.9895913647,500001.0001937609,500001.03571428574,500001.99476845574,500001.99737736763,500001.994794679,500002.0,499999.83,500001.03571428574
org.apache.commons.math3.distribution.HypergeometricDistribution.<init>(Lorg/apache/commons/math3/random/RandomGenerator;III)V 500001.9947674419,500001.0,500001.0714285714,500001.037037037,505134.0,500001.99476845574,500002.0,500072.82617907145,500000.1379310345,500151.86243239127,500003.2795070569,500002.3333333333,500072.82617907145,500001.9992249564,505160.0,500001.03571428574,500001.037037037,500001.51785714284,502580.5,500001.0001927525,500001.1889822365,500001.18848715775,500001.0,500001.0689655172,500001.9992252566,500001.0001937609,500001.03571428574,500001.9996124782,500001.99980620155,500001.994794679,500002.0,500000.0,500001.03571428574
org.apache.commons.math3.distribution.AbstractIntegerDistribution.sample()I 500002.98972868215,500002.0,500002.037037037,500002.0188679245,505109.0,500002.9897306723,500003.0,500073.4702735408,500001.07272727275,500154.9463898578,500004.6981678764,500002.0,500002.0,500002.9794613447,505110.0,500002.01851851854,500002.0188679245,500002.50925925927,500098.37735849054,500002.00019179133,500002.1360827635,500002.135382085,500002.0,500002.0363636364,500002.9796701189,500002.0001937609,500002.01851851854,500002.9897306723,500002.9948388353,500002.98983310955,500003.0,500000.57,500002.01851851854
org.apache.commons.math3.distribution.AbstractIntegerDistribution.solveInverseCumulativeProbability(DII)I 500002.98662790697,500002.0,500002.02857142856,500002.0144927536,505093.0,500002.98663049797,500003.0,500073.82617907145,500001.05633802817,500155.97290383145,500004.8821214171,500003.3333333333,500073.82617907145,500002.9992249564,505161.0,500002.0142857143,500002.0144927536,500002.5071428571,502581.5,500002.0001912046,500002.1195228609,500002.118721036,500002.0,500002.0281690141,500002.9992252566,500002.0001937609,500002.0142857143,500002.9996124782,500002.99980620155,500002.9868043603,500003.0,500001.0,500002.0142857143
org.apache.commons.math3.random.AbstractWell.setSeed([I)V 500001.8488372093,500001.0,500001.00256081944,500001.00128205126,504381.0,500001.84886649874,500002.0,500067.1891229735,500000.00511508953,500181.7661375181,500006.9245132753,500001.0,500001.0,500001.6977329975,504382.0,500001.00128040975,500001.00128205126,500001.5006402049,500006.61666666664,500001.0001683218,500001.0357828133,500001.0329675511,500001.0,500001.00255754474,500001.73741794314,500001.0001937609,500001.00128040975,500001.84886649874,500001.91825613077,500001.8686868687,500002.0,499992.3,500001.00128040975
org.apache.commons.math3.distribution.HypergeometricDistribution.getSupportLowerBound()I 50001.996511627905,50001.0,50001.10526315789,50001.055555555555,55143.0,50001.99651230382,50002.0,50072.71471257699,50000.2,50150.90892065566,50003.05976714391,50001.0,50001.0,50001.99302460763,55144.0,50001.05263157895,50001.055555555555,50001.52631578947,50286.72222222222,50001.00019308747,50001.22941573387,50001.22901524058,50001.0,50001.1,50001.99304885113,50001.0001937609,50001.05263157895,50001.99651230382,50001.99825310559,50001.996523754344,50002.0,49999.92,50001.05263157895
org.apache.commons.math3.distribution.HypergeometricDistribution.getSupportUpperBound()I 50002.996511627905,50002.0,50002.10526315789,50002.055555555555,55144.0,50002.99651230382,50003.0,50073.71471257699,50001.2,50151.90892065566,50004.05976714391,50002.0,50002.0,50002.99302460763,55145.0,50002.05263157895,50002.055555555555,50002.52631578947,50287.72222222222,50002.00019308747,50002.22941573387,50002.22901524058,50002.0,50002.1,50002.99304885113,50002.0001937609,50002.05263157895,50002.99651230382,50002.99825310559,50002.996523754344,50003.0,50000.92,50002.05263157895
org.apache.commons.math3.random.Well19937c.next(I)I 5000001.964341085,5000001.0,5000001.010810811,5000001.005434782,5004977.0,5000001.964347995,5000002.0,5000071.547856098,5000000.021505376,5000160.230939935,5000004.68302321,5000001.0,5000001.0,5000001.928695989,5004978.0,5000001.005405406,5000001.005434782,5000001.502702703,5000028.048913044,5000001.000187091,5000001.073521462,5000001.072198715,5000001.0,5000001.010752688,5000001.931150608,5000001.000193761,5000001.005405406,5000001.964347995,5000001.981850464,5000001.965568862,5000002.0,4999998.26,5000001.005405406
org.apache.commons.math3.distribution.AbstractIntegerDistribution.<init>(Lorg/apache/commons/math3/random/RandomGenerator;)V 50001.94631782946,50001.0,50001.0071942446,50001.0036101083,54884.0,50001.946328230966,50002.0,50070.88562083863,50000.014336917564,50163.30959694563,50005.07962216107,50001.0,50001.0,50001.892656461925,54885.0,50001.003597122304,50001.0036101083,50001.50179856115,50018.63176895307,50001.000183891134,50001.05997601439,50001.05834398829,50001.0,50001.00716845878,50001.898124310406,50001.0001937609,50001.003597122304,50001.946328230966,50001.97242409159,50001.94905278646,50002.0,49997.33,50001.003597122304
org.apache.commons.math3.util.FastMath.max(II)I 50001.926356589145,50001.0,50001.005249343834,50001.00263157895,54781.0,50001.92637085836,50002.0,50070.14477565225,50000.01047120419,50166.159868658164,50005.41515443553,50001.0,50001.0,50001.85274171672,54782.0,50001.00262467191,50001.00263157895,50001.50131233596,50013.58157894737,50001.00018047284,50001.05123155196,50001.04930904708,50001.0,50001.0052356021,50001.86284064248,50001.0001937609,50001.00262467191,50001.92637085836,50001.961778314224,50001.93140794224,50002.0,49996.3,50001.00262467191
org.apache.commons.math3.random.BitsStreamGenerator.nextDouble()D 50001.91608527132,50001.0,50001.004608294934,50001.00230946882,54728.0,50001.91610153071,50002.0,50069.760453750685,50000.0091954023,50167.474932015226,50005.561650145144,50001.0,50001.0,50001.83220306142,54729.0,50001.00230414746,50001.00230946882,50001.50115207373,50011.91916859122,50001.00017876296,50001.04800153607,50001.04594339513,50001.0,50001.00459770115,50001.84519127637,50001.0001937609,50001.00230414746,50001.91610153071,50001.95621397512,50001.92258179867,50002.0,49995.77,50001.00230414746
org.apache.commons.math3.random.AbstractWell.<init>(IIII)V 50001.848837209305,50001.0,50001.00256081946,50001.001282051286,54381.0,50001.84886649874,50002.0,50067.18912297349,50000.005115089516,50174.59476005608,50006.28474030465,50001.0,50001.0,50001.69773299748,54382.0,50001.00128040973,50001.001282051286,50001.50064020487,50006.61666666667,50001.00016832183,50001.03578281335,50001.03296755106,50001.0,50001.00255754476,50001.737417943106,50001.0001937609,50001.00128040973,50001.84886649874,50001.91825613079,50001.868686868685,50002.0,49992.3,50001.00128040973
org.apache.commons.math3.random.Well19937c.<init>()V 50001.848837209305,50001.0,50001.00256081946,50001.001282051286,54381.0,50001.84886649874,50002.0,50067.18912297349,50000.005115089516,50174.59476005608,50006.28474030465,50001.0,50001.0,50001.69773299748,54382.0,50001.00128040973,50001.001282051286,50001.50064020487,50006.61666666667,50001.00016832183,50001.03578281335,50001.03296755106,50001.0,50001.00255754476,50001.737417943106,50001.0001937609,50001.00128040973,50001.84886649874,50001.91825613079,50001.868686868685,50002.0,49992.3,50001.00128040973
org.apache.commons.math3.util.FastMath.min(II)I 50001.84282945737,50001.0,50001.00246305419,50001.00123304562,54350.0,50001.84285991087,50002.0,50066.954529791365,50000.0049200492,50175.14434170034,50006.33648402338,50001.0,50001.0,50001.68571982174,54351.0,50001.001231527094,50001.00123304562,50001.50061576354,50006.363748458694,50001.00016744809,50001.035093120314,50001.03221750009,50001.0,50001.0024600246,50001.72839919625,50001.0001937609,50001.001231527094,50001.84285991087,50001.91473031227,50001.8641768548,50002.0,49991.99,50001.001231527094
org.apache.commons.math3.random.RandomDataImpl.<init>()V 50001.83430232558,50001.0,50001.0023364486,50001.00116959064,54306.0,50001.83433443131,50002.0,50066.62011886609,50000.00466744458,50175.90666300297,50006.407437751324,50001.0,50001.0,50001.66866886262,54307.0,50001.0011682243,50001.00116959064,50001.50058411215,50006.03625730994,50001.000166223406,50001.03417929635,50001.031219421035,50001.0,50001.00233372229,50001.71575797872,50001.0001937609,50001.0011682243,50001.83433443131,50001.909686278654,50001.857855361595,50002.0,49991.55,50001.0011682243
org.apache.commons.math3.random.AbstractWell.setSeed(J)V 50001.775968992246,50001.0,50001.00172860847,50001.0008650519,54005.0,50001.776012400696,50002.0,50064.285069329184,50000.00345423143,50180.666279968544,50006.830951894844,50001.0,50001.0,50001.55202480139,54006.0,50001.00086430424,50001.0008650519,50001.50043215212,50004.46453287197,50001.000158302995,50001.0293990516,50001.0258973606,50001.0,50001.00172711572,50001.634003482664,50001.0001937609,50001.00086430424,50001.776012400696,50001.87388173685,50001.81697276758,50002.0,49988.54,50001.00086430424
org.apache.commons.math3.random.RandomDataGenerator.<init>()V 50001.77267441861,50001.0,50001.001703577516,50001.00085251492,53988.0,50001.772718465414,50002.0,50064.15061361539,50000.003404255316,50180.915367547634,50006.85227200146,50001.0,50001.0,50001.54543693083,53989.0,50001.000851788755,50001.00085251492,50001.50042589438,50004.399829497015,50001.000157878116,50001.02918542027,50001.02565453921,50001.0,50001.00170212766,50001.62961793495,50001.0001937609,50001.000851788755,50001.772718465414,50001.87178926659,50001.814779725246,50002.0,49988.37,50001.000851788755
org.apache.commons.math3.random.RandomDataGenerator.<init>(Lorg/apache/commons/math3/random/RandomGenerator;)V 50001.77151162791,50001.0,50001.001694915256,50001.00084817642,53982.0,50001.77155590002,50002.0,50067.768255930496,50000.003386960205,50181.00284939532,50006.85974141296,50002.001420454544,50067.768255930496,50001.727572175936,54459.0,50001.000847457624,50001.00084817642,50001.500423728816,50007.34139402561,50001.000157728704,50001.029111125485,50001.02556997093,50001.0,50001.0016934801,50001.7602319236,50001.0001937609,50001.000847457624,50001.86378608797,50001.92691547978,50001.8140085187,50002.0,49992.08,50001.000847457624
org.apache.commons.math3.random.AbstractWell.<init>(IIII[I)V 50001.76124031008,50001.0,50001.001622060016,50001.00081168831,53929.0,50001.76128657237,50002.0,50063.68173577686,50000.00324149109,50181.76613751811,50006.92451327533,50001.0,50001.0,50001.52257314474,53930.0,50001.00081103001,50001.00081168831,50001.500405515006,50004.18912337662,50001.00015642108,50001.02847858859,50001.0248473084,50001.0,50001.00162074554,50001.61457844517,50001.0001937609,50001.00081103001,50001.76128657237,50001.86446644665,50001.807259073845,50002.0,49987.78,50001.00081103001
org.apache.commons.math3.random.BitsStreamGenerator.<init>()V 50001.742248062015,50001.0,50001.0015026296,50001.0007518797,53831.0,50001.74229800426,50002.0,50062.89507250178,50000.003003003,50183.135445026164,50007.03897052962,50001.0,50001.0,50001.48459600852,53832.0,50001.0007513148,50001.0007518797,50001.5003756574,50003.88045112782,50001.00015405947,50001.02741012223,50001.02361486724,50001.0,50001.0015015015,50001.590201817904,50001.0001937609,50001.0007513148,50001.74229800426,50001.85209074733,50001.795069337444,50002.0,49986.8,50001.0007513148
org.apache.commons.math3.util.FastMath.sqrt(D)D 50001.616085271315,50001.0,50001.00100908174,50001.00050479556,53180.0,50001.61615965898,50002.0,50057.391488719484,50000.002017145736,50191.17470613708,50007.6714635702,50001.0,50001.0,50001.23231931796,53181.0,50001.00050454087,50001.00050479556,50001.50025227043,50002.6052498738,50001.000140016804,50001.02246198717,50001.01763066072,50001.0,50001.00100857287,50001.445253430415,50001.0001937609,50001.00050454087,50001.61615965898,50001.762498501375,50001.72258787285,50002.0,49980.29,50001.00050454087
org.apache.commons.math3.random.BitsStreamGenerator.clear()V 5013.742248062015,5013.0,5013.001502629601,5013.000751879699,8843.0,5013.742298004263,5014.0,5074.895072501775,5012.003003003003,5195.135445026164,5019.03897052962,5013.0,5013.0,5013.484596008526,8844.0,5013.000751314801,5013.000751879699,5013.500375657401,5015.8804511278195,5013.000154059467,5013.027410122234,5013.023614867244,5013.0,5013.0015015015015,5013.590201817901,5013.0001937608995,5013.000751314801,5013.742298004263,5013.852090747331,5013.795069337442,5014.0,4998.8,5013.000751314801
