org.apache.commons.math.stat.descriptive.moment.Variance.evaluate([D[DDII)D 5000001.999369085,5000001.0,5000001.666666667,5000001.5,5003169.0,5000001.999369284,5000002.0,5000057.29387178,5000001.0,5000117.019719644,5000002.189207115,5000001.0,5000001.0,5000001.998738568,5003170.0,5000001.333333333,5000001.5,5000001.666666667,5001585.5,5000001.00031516,5000001.577350269,5000001.577168111,5000001.0,5000001.5,5000001.998739364,5000001.000315358,5000001.333333333,5000001.999369284,5000001.999684542,5000001.999369483,5000002.0,5000000.0,5000001.333333333
org.apache.commons.math.stat.descriptive.moment.Variance.evaluate([D[DII)D 500002.9993690852,500002.0,500002.6666666667,500002.5,503170.0,500002.99936928414,500003.0,500058.29387178016,500002.0,500118.01971964445,500003.189207115,500002.0,500002.0,500002.9987385683,503171.0,500002.3333333333,500002.5,500002.6666666667,501586.5,500002.00031515915,500002.5773502692,500002.57716811105,500002.0,500002.5,500002.9987393634,500002.00031535793,500002.3333333333,500002.99936928414,500002.9996845426,500002.999369483,500003.0,500001.0,500002.3333333333
org.apache.commons.math.stat.descriptive.moment.Mean.evaluate([D[DII)D 500001.99842271296,500001.0,500001.3333333333,500001.2,503166.0,500001.99842321035,500002.0,500057.26721958653,500000.5714285714,500117.84157405957,500002.49534878123,500001.0,500001.0,500001.9968464207,503167.0,500001.1666666667,500001.2,500001.5833333333,500634.2,500001.0003148615,500001.4082482905,500001.407926201,500001.0,500001.28571428574,500001.9968513854,500001.00031535793,500001.1666666667,500001.99842321035,500001.9992109831,500001.99842519686,500002.0,499999.7,500001.1666666667
org.apache.commons.math.stat.descriptive.AbstractUnivariateStatistic.test([D[DII)Z 500001.9981072555,500001.0,500001.28571428574,500001.1666666667,503165.0,500001.9981078524,500002.0,500057.2583327161,500000.5,500118.0549958249,500002.5650845801,500001.0,500001.0,500001.9962157048,503166.0,500001.14285714284,500001.1666666667,500001.5714285714,500528.5,500001.00031476235,500001.377964473,500001.3776066085,500001.0,500001.25,500001.99622285174,500001.00031535793,500001.14285714284,500001.9981078524,500001.9990530303,500001.99811083125,500002.0,499999.6,500001.14285714284
org.apache.commons.math.stat.descriptive.summary.Sum.evaluate([D[DII)D 500001.9981072555,500001.0,500001.28571428574,500001.1666666667,503165.0,500001.9981078524,500002.0,500057.2583327161,500000.5,500118.0549958249,500002.5650845801,500001.0,500001.0,500001.9962157048,503166.0,500001.14285714284,500001.1666666667,500001.5714285714,500528.5,500001.00031476235,500001.377964473,500001.3776066085,500001.0,500001.25,500001.99622285174,500001.00031535793,500001.14285714284,500001.9981078524,500001.9990530303,500001.99811083125,500002.0,499999.6,500001.14285714284
org.apache.commons.math.stat.descriptive.AbstractUnivariateStatistic.test([D[DIIZ)Z 500001.9971608833,500001.0,500001.2,500001.1111111111,503162.0,500001.9971617786,500002.0,500057.29387178016,500000.36363636365,500118.7677837422,500002.77827941003,500002.3333333333,500057.29387178016,500001.9987385683,503170.0,500001.1,500001.1111111111,500001.55,501585.5,500001.00031446543,500001.31622776604,500001.3157785432,500001.0,500001.1818181818,500001.9987393634,500001.00031535793,500001.1,500001.99936928414,500001.9996845426,500001.99716892105,500002.0,500000.0,500001.1
org.apache.commons.math.stat.descriptive.summary.Sum.evaluate([DII)D 500001.9694006309,500001.0,500001.02040816325,500001.0103092783,503074.0,500001.9694102807,500002.0,500056.44366510253,500000.0404040404,500125.4543638839,500004.1382889927,500001.0,500001.0,500001.93882056134,503075.0,500001.01020408166,500001.0103092783,500001.5051020408,500032.6907216495,500001.00030599756,500001.10101525445,500001.0994577457,500001.0,500001.0202020202,500001.94063647493,500001.00031535793,500001.01020408166,500001.9694102807,500001.98446757405,500001.97030915215,500002.0,499999.13,500001.01020408166
org.apache.commons.math.stat.descriptive.AbstractUnivariateStatistic.test([DIIZ)Z 500001.9312302839,500001.0,500001.0091324201,500001.00458715594,502953.0,500001.931251971,500002.0,500057.29387178016,500000.0181818182,500130.47157482937,500004.855654127,500002.3333333333,500057.29387178016,500001.9987385683,503170.0,500001.00456621003,500001.00458715594,500001.50228310504,501585.5,500001.00029507227,500001.0675737378,500001.065208842,500001.0,500001.0090909091,500001.9987393634,500001.00031535793,500001.00456621003,500001.99936928414,500001.9996845426,500001.9356552538,500002.0,500000.0,500001.00456621003
org.apache.commons.math.stat.descriptive.moment.Variance.evaluate([D[D)D 50005.999684542585,50005.0,50006.0,50006.0,53174.0,50005.99968464207,50006.0,50061.30275304104,50005.333333333336,50120.60550608207,50006.0,50005.0,50005.0,50005.99936928414,53175.0,50005.5,50006.0,50005.75,53175.0,50005.00031525851,50005.707106781185,50005.70699524135,50005.0,50005.666666666664,50005.999369482975,50005.00031535793,50005.5,50005.99968464207,50005.999842296165,50005.99968464207,50006.0,50005.0,50005.5
org.apache.commons.math.stat.descriptive.moment.SecondMoment.clear()V 50001.96529968454,50001.0,50001.01801801802,50001.009090909094,53061.0,50001.965310627565,50002.0,50056.32630477449,50000.03571428572,50126.093594563776,50004.23853184046,50001.0,50001.0,50001.930621255124,53062.0,50001.00900900901,50001.009090909094,50001.504504504504,50028.82727272727,50001.00030478513,50001.09491579958,50001.09325445595,50001.0,50001.017857142855,50001.93294727217,50001.00031535793,50001.00900900901,50001.965310627565,50001.9823491656,50001.96646341463,50002.0,49999.0,50001.00900900901
org.apache.commons.math.stat.descriptive.moment.FirstMoment.clear()V 50001.96056782334,50001.0,50001.01587301587,50001.008,53046.0,50001.960580258594,50002.0,50056.190578906186,50000.03149606299,50126.78584596957,50004.343701524886,50001.0,50001.0,50001.92116051719,53047.0,50001.00793650794,50001.008,50001.50396825397,50025.368,50001.00030339806,50001.08908708064,50001.087312966694,50001.0,50001.015748031496,50001.924150485436,50001.00031535793,50001.00793650794,50001.960580258594,50001.979893839474,50001.96206373293,50002.0,49998.85,50001.00793650794
org.apache.commons.math.stat.descriptive.summary.Sum.<init>()V 50001.93186119874,50001.0,50001.00921658986,50001.00462962963,52955.0,50001.93188268685,50002.0,50055.35991169971,50000.01834862385,50130.30244453877,50004.83365862548,50001.0,50001.0,50001.8637653737,52956.0,50001.004608294934,50001.00462962963,50001.50230414746,50014.680555555555,50001.00029524653,50001.06788442333,50001.065530841886,50001.0,50001.00917431193,50001.87245349867,50001.00031535793,50001.004608294934,50001.93188268685,50001.96474045054,50001.93620791494,50002.0,49997.94,50001.004608294934
org.apache.commons.math.stat.descriptive.moment.FirstMoment.<init>()V 50001.90315457413,50001.0,50001.006493506495,50001.003257328994,52864.0,50001.90318511511,50002.0,50054.51635264104,50000.01294498382,50133.12692155001,50005.185858988065,50001.0,50001.0,50001.80637023021,52865.0,50001.003246753244,50001.003257328994,50001.50162337662,50010.328990228016,50001.000287521565,50001.05698028823,50001.054150900694,50001.0,50001.00647249191,50001.82346175963,50001.00031535793,50001.003246753244,50001.90318511511,50001.949130074565,50001.91170549324,50002.0,49997.03,50001.003246753244
org.apache.commons.math.stat.descriptive.AbstractUnivariateStatistic.<init>()V 50001.86466876972,50001.0,50001.00465116279,50001.00233100233,52742.0,50001.864711447495,50002.0,50053.36410984634,50000.00928074246,50136.31782125928,50005.55107846309,50001.0,50001.0,50001.72942289498,52743.0,50001.002325581394,50001.00233100233,50001.5011627907,50007.39160839161,50001.00027777778,50001.04822428222,50001.04484258695,50001.0,50001.00464037123,50001.761666666665,50001.00031535793,50001.002325581394,50001.864711447495,50001.92744799594,50001.88080022229,50002.0,49995.81,50001.002325581394
org.apache.commons.math.util.FastMath.sqrt(D)D 50001.68706624606,50001.0,50001.00201409869,50001.001008064515,52179.0,50001.6871649322,50002.0,50047.679760067935,50000.004024144866,50147.10153757812,50006.61213252659,50001.0,50001.0,50001.3743298644,52180.0,50001.001007049344,50001.001008064515,50001.50050352467,50003.196572580644,50001.00024021139,50001.0317340408,50001.026304174826,50001.0,50001.00201207244,50001.52342061014,50001.00031535793,50001.001007049344,50001.6871649322,50001.814579439255,50001.76165305142,50002.0,49990.18,50001.001007049344
org.apache.commons.math.stat.descriptive.AbstractStorelessUnivariateStatistic.<init>()V 50001.87129337539,50001.0,50001.00488997555,50001.00245098039,52763.0,50001.87133396405,50002.0,50053.5642464038,50000.00975609756,50135.8045159588,50005.49433085973,50001.0,50001.0,50001.7426679281,52764.0,50001.002444987775,50001.00245098039,50001.50122249389,50007.77205882353,50001.00027940766,50001.04944681764,50001.04615519095,50001.0,50001.00487804878,50001.77200335289,50001.00031535793,50001.002444987775,50001.87133396405,50001.93124368048,50001.88596981554,50002.0,49996.02,50001.002444987775
org.apache.commons.math.stat.descriptive.moment.Variance.<init>(Lorg/apache/commons/math/stat/descriptive/moment/Variance;)V 50001.944479495265,50001.0,50001.01129943503,50001.005681818184,52995.0,50001.9444970041,50002.0,50055.726593170046,50000.02247191011,50128.872005243495,50004.64232057368,50001.0,50001.0,50001.8889940082,52996.0,50001.00564971752,50001.005681818184,50001.502824858755,50018.017045454544,50001.00029877502,50001.0751646028,50001.073048219325,50001.0,50001.011235955055,50001.89483119211,50001.00031535793,50001.00564971752,50001.9444970041,50001.97145637366,50001.94739988045,50002.0,49998.34,50001.00564971752
org.apache.commons.math.stat.descriptive.moment.Variance.clear()V 5012.978864353312,5012.0,5012.029411764706,5012.014925373134,8115.0,5012.978871018606,5013.0,5067.713553108736,5011.057971014493,5134.790858853947,5014.861005552576,5012.0,5012.0,5012.9577420372125,8116.0,5012.014705882353,5012.014925373134,5012.507352941177,5058.328358208955,5012.000308832613,5012.121267812518,5012.119979431651,5012.0,5012.028985507246,5012.958616429895,5012.000315357931,5012.014705882353,5012.978871018606,5012.989322709163,5012.979301822676,5013.0,5010.43,5012.014705882353
org.apache.commons.math.stat.descriptive.moment.Variance.<init>()V 5012.97570977918,5012.0,5012.025641025641,5012.012987012987,8105.0,5012.9757174392935,5013.0,5067.623735940693,5011.050632911392,5135.380470469466,5014.962256637666,5012.0,5012.0,5012.951434878587,8106.0,5012.01282051282,5012.012987012987,5012.50641025641,5052.181818181818,5012.000307881774,5012.113227703415,5012.111844086715,5012.0,5012.025316455696,5012.952586206897,5012.000315357931,5012.01282051282,5012.9757174392935,5012.987709497207,5012.976285802279,5013.0,5010.33,5012.01282051282
org.apache.commons.math.stat.descriptive.moment.Mean.<init>()V 5012.957413249212,5012.0,5012.014705882353,5012.007407407407,8047.0,5012.957426679281,5013.0,5067.099909255824,5011.029197080292,5138.224456120696,5015.408658099403,5012.0,5012.0,5012.914853358562,8048.0,5012.007352941177,5012.007407407407,5012.503676470588,5034.488888888889,5012.000302480339,5012.085749292572,5012.0839035357,5012.0,5012.014598540146,5012.91833030853,5012.000315357931,5012.007352941177,5012.957426679281,5012.978250362494,5012.95915279879,5013.0,5009.75,5012.007352941177
org.apache.commons.math.stat.descriptive.moment.SecondMoment.<init>()V 5012.924605678233,5012.0,5012.008333333333,5012.004184100419,7943.0,5012.924629454431,5013.0,5066.147945482723,5011.016597510374,5142.065130915815,5015.9318729422175,5012.0,5012.0,5012.849258908862,7944.0,5012.004166666667,5012.004184100419,5012.502083333334,5024.2677824267785,5012.000293255132,5012.064549722437,5012.062068701125,5012.0,5012.008298755187,5012.859824046921,5012.000315357931,5012.004166666667,5012.924629454431,5012.960838931673,5012.929891463772,5013.0,5008.71,5012.004166666667
