org.apache.commons.math.ode.AbstractIntegrator.acceptStep(Lorg/apache/commons/math/ode/sampling/AbstractStepInterpolator;[D[DD)D 500001.9961227787,500001.0,500001.1538461539,500001.0833333333,503084.0,500001.996124031,500002.0,500056.61474624596,500000.28571428574,500125.9273521553,500004.41495297034,500002.25,500056.61474624596,500001.9980620155,503094.0,500001.07692307694,500001.0833333333,500001.53846153844,501032.0,500001.0003217503,500001.2773500981,500001.27681190206,500001.0,500001.14285714284,500001.9980638916,500001.0003229974,500001.07692307694,500001.99903100776,500001.999515269,500001.9961377535,500002.0,499999.98,500001.07692307694
org.apache.commons.math.util.FastMath.exp(DD[D)D 500001.93473344104,500001.0,500001.00985221675,500001.00495049503,502894.0,500001.93475452194,500002.0,500056.62373594067,500000.01960784313,500138.76034579345,500005.9492320038,500002.3333333333,500056.62373594067,500001.99870801036,503095.0,500001.00492610835,500001.00495049503,500001.5024630542,501548.0,500001.00030321407,500001.07018624066,500001.06785719,500001.0,500001.00980392157,500001.9987088444,500001.0003229974,500001.00492610835,500001.99935400515,500001.99967689824,500001.93873218074,500002.0,500000.0,500001.00492610835
org.apache.commons.math.ode.nonstiff.AdaptiveStepsizeIntegrator.initializeStep(ZI[DD[D[D[D[D)D 50003.99935379645,50003.0,50003.666666666664,50003.5,53096.0,50003.999354005166,50004.0,50058.623735940695,50003.0,50126.21532273667,50006.15434214553,50004.25,50058.614746245934,50003.99870801034,53097.0,50003.333333333336,50003.5,50003.666666666664,51550.0,50003.000322788896,50003.57735026919,50003.57716369614,50003.0,50003.5,50003.99870884442,50003.00032299742,50003.333333333336,50003.999354005166,50003.999676898224,50003.99935421375,50004.0,50002.0,50003.333333333336
org.apache.commons.math.ode.nonstiff.AdaptiveStepsizeIntegrator.setInitialStepSize(D)V 50006.99935379645,50006.0,50006.666666666664,50006.5,53099.0,50006.999354005166,50007.0,50061.623735940695,50006.0,50120.679661927985,50007.189207115,50006.0,50006.0,50006.99870801034,53100.0,50006.333333333336,50006.5,50006.666666666664,51553.0,50006.000322788896,50006.57735026919,50006.57716369614,50006.0,50006.5,50006.99870884442,50006.00032299742,50006.333333333336,50006.999354005166,50006.999676898224,50006.99935421375,50007.0,50005.0,50006.333333333336
org.apache.commons.math.ode.AbstractIntegrator$1.compare(Lorg/apache/commons/math/ode/events/EventState;Lorg/apache/commons/math/ode/events/EventState;)I 50001.99838449111,50001.0,50001.333333333336,50001.2,53091.0,50001.99838501292,50002.0,50056.59676249567,50000.57142857143,50116.50151634311,50002.49534878122,50001.0,50001.0,50001.99677002584,53092.0,50001.166666666664,50001.2,50001.583333333336,50619.2,50001.00032247662,50001.40824829046,50001.407918392804,50001.0,50001.28571428572,50001.9967752338,50001.00032299742,50001.166666666664,50001.99838501292,50001.99919185389,50001.99838709678,50002.0,49999.7,50001.166666666664
org.apache.commons.math.ode.events.EventState.reset(D[D)Z 50004.997092084006,50004.0,50004.2,50004.11111111111,53090.0,50004.99709302326,50005.0,50059.56077753236,50003.36363636364,50121.00710575238,50005.934336420265,50004.0,50004.0,50004.99418604651,53091.0,50004.1,50004.11111111111,50004.55,50347.0,50004.00032206119,50004.316227766016,50004.31576764939,50004.0,50004.181818181816,50004.99420289855,50004.00032299742,50004.1,50004.99709302326,50004.99854439592,50004.997100515466,50005.0,50002.96,50004.1
org.apache.commons.math.analysis.solvers.BracketingNthOrderBrentSolver.doSolve()D 50001.994830371565,50001.0,50001.117647058825,50001.0625,53080.0,50001.994832041346,50002.0,50056.623735940695,50000.22222222222,50119.26544836561,50003.2360679775,50002.333333333336,50056.623735940695,50001.99870801034,53095.0,50001.05882352941,50001.0625,50001.529411764706,51548.0,50001.00032133676,50001.24253562504,50001.24190790318,50001.0,50001.11111111111,50001.99870884442,50001.00032299742,50001.05882352941,50001.999354005166,50001.999676898224,50001.99485695918,50002.0,50000.0,50001.05882352941
org.apache.commons.math.ode.AbstractIntegrator.addEventHandler(Lorg/apache/commons/math/ode/events/EventHandler;DDI)V 50001.994830371565,50001.0,50001.117647058825,50001.0625,53080.0,50001.994832041346,50002.0,50056.497747702044,50000.22222222222,50118.26544836561,50003.0,50001.0,50001.0,50001.989664082685,53081.0,50001.05882352941,50001.0625,50001.529411764706,50193.5,50001.00032133676,50001.24253562504,50001.24190790318,50001.0,50001.11111111111,50001.98971722365,50001.00032299742,50001.05882352941,50001.994832041346,50001.997409326425,50001.99485695918,50002.0,49999.94,50001.05882352941
org.apache.commons.math.ode.events.EventState.evaluateStep(Lorg/apache/commons/math/ode/sampling/StepInterpolator;)Z 50002.994830371565,50002.0,50002.117647058825,50002.0625,53081.0,50002.994832041346,50003.0,50057.623735940695,50001.22222222222,50119.62434730915,50004.08779762993,50003.333333333336,50057.623735940695,50002.99870801034,53096.0,50002.05882352941,50002.0625,50002.529411764706,51549.0,50002.00032133676,50002.24253562504,50002.24190790318,50002.0,50002.11111111111,50002.99870884442,50002.00032299742,50002.05882352941,50002.999354005166,50002.999676898224,50002.99485695918,50003.0,50001.0,50002.05882352941
org.apache.commons.math.ode.sampling.AbstractStepInterpolator.setSoftPreviousTime(D)V 50001.994830371565,50001.0,50001.117647058825,50001.0625,53080.0,50001.994832041346,50002.0,50056.497747702044,50000.22222222222,50118.26544836561,50003.0,50001.0,50001.0,50001.989664082685,53081.0,50001.05882352941,50001.0625,50001.529411764706,50193.5,50001.00032133676,50001.24253562504,50001.24190790318,50001.0,50001.11111111111,50001.98971722365,50001.00032299742,50001.05882352941,50001.994832041346,50001.997409326425,50001.99485695918,50002.0,49999.94,50001.05882352941
org.apache.commons.math.ode.events.EventState.getEventTime()D 50001.99450726979,50001.0,50001.11111111111,50001.05882352941,53079.0,50001.99450904393,50002.0,50056.48873759602,50000.21052631579,50118.38855399123,50003.03054318487,50001.0,50001.0,50001.98901808786,53080.0,50001.055555555555,50001.05882352941,50001.52777777778,50182.117647058825,50001.000321233536,50001.2357022604,50001.23505404459,50001.0,50001.10526315789,50001.98907805975,50001.00032299742,50001.055555555555,50001.99450904393,50001.99724696356,50001.994537275066,50002.0,49999.93,50001.055555555555
org.apache.commons.math.ode.events.EventState.stepAccepted(D[D)V 50001.99450726979,50001.0,50001.11111111111,50001.05882352941,53079.0,50001.99450904393,50002.0,50056.48873759602,50000.21052631579,50118.62434730915,50003.08779762993,50001.0,50001.0,50001.98901808786,53080.0,50001.055555555555,50001.05882352941,50001.52777777778,50182.117647058825,50001.000321233536,50001.2357022604,50001.23505404459,50001.0,50001.10526315789,50001.98907805975,50001.00032299742,50001.055555555555,50001.99450904393,50001.99724696356,50001.994537275066,50002.0,49999.93,50001.055555555555
org.apache.commons.math.ode.AbstractIntegrator.addEventHandler(Lorg/apache/commons/math/ode/events/EventHandler;DDILorg/apache/commons/math/analysis/solvers/UnivariateRealSolver;)V 50001.99418416801,50001.0,50001.10526315789,50001.055555555555,53078.0,50001.99418604651,50002.0,50056.47972602672,50000.2,50118.50808905273,50003.05976714391,50001.0,50001.0,50001.98837209302,53079.0,50001.05263157895,50001.055555555555,50001.52631578947,50172.0,50001.00032113038,50001.22941573387,50001.22874763939,50001.0,50001.1,50001.988439306355,50001.00032299742,50001.05263157895,50001.99418604651,50001.99708454811,50001.99421779634,50002.0,49999.92,50001.05263157895
org.apache.commons.math.ode.events.EventState$1.value(D)D 50001.99418416801,50001.0,50001.10526315789,50001.055555555555,53078.0,50001.99418604651,50002.0,50056.47972602672,50000.2,50118.50808905273,50003.05976714391,50001.0,50001.0,50001.98837209302,53079.0,50001.05263157895,50001.055555555555,50001.52631578947,50172.0,50001.00032113038,50001.22941573387,50001.22874763939,50001.0,50001.1,50001.988439306355,50001.00032299742,50001.05263157895,50001.99418604651,50001.99708454811,50001.99421779634,50002.0,49999.92,50001.05263157895
org.apache.commons.math.ode.events.EventState.access$000(Lorg/apache/commons/math/ode/events/EventState;)Lorg/apache/commons/math/ode/events/EventHandler; 50001.99418416801,50001.0,50001.10526315789,50001.055555555555,53078.0,50001.99418604651,50002.0,50056.47972602672,50000.2,50118.50808905273,50003.05976714391,50001.0,50001.0,50001.98837209302,53079.0,50001.05263157895,50001.055555555555,50001.52631578947,50172.0,50001.00032113038,50001.22941573387,50001.22874763939,50001.0,50001.1,50001.988439306355,50001.00032299742,50001.05263157895,50001.99418604651,50001.99708454811,50001.99421779634,50002.0,49999.92,50001.05263157895
org.apache.commons.math.ode.events.EventState.stop()Z 50001.99418416801,50001.0,50001.10526315789,50001.055555555555,53078.0,50001.99418604651,50002.0,50056.47972602672,50000.2,50118.50808905273,50003.05976714391,50001.0,50001.0,50001.98837209302,53079.0,50001.05263157895,50001.055555555555,50001.52631578947,50172.0,50001.00032113038,50001.22941573387,50001.22874763939,50001.0,50001.1,50001.988439306355,50001.00032299742,50001.05263157895,50001.99418604651,50001.99708454811,50001.99421779634,50002.0,49999.92,50001.05263157895
org.apache.commons.math.analysis.solvers.BracketingNthOrderBrentSolver.solve(ILorg/apache/commons/math/analysis/UnivariateRealFunction;DDLorg/apache/commons/math/analysis/solvers/AllowedSolution;)D 50001.993861066236,50001.0,50001.1,50001.05263157895,53077.0,50001.993863049094,50002.0,50056.47071299343,50000.19047619047,50118.62434730915,50003.08779762993,50001.0,50001.0,50001.98772609819,53078.0,50001.05,50001.05263157895,50001.525,50162.94736842105,50001.000321027284,50001.22360679775,50001.222919387474,50001.0,50001.09523809524,50001.987800963085,50001.00032299742,50001.05,50001.993863049094,50001.99692208003,50001.9938985228,50002.0,49999.91,50001.05
org.apache.commons.math.ode.events.EventState.<init>(Lorg/apache/commons/math/ode/events/EventHandler;DDILorg/apache/commons/math/analysis/solvers/UnivariateRealSolver;)V 50001.993861066236,50001.0,50001.1,50001.05263157895,53077.0,50001.993863049094,50002.0,50056.47071299343,50000.19047619047,50118.62434730915,50003.08779762993,50001.0,50001.0,50001.98772609819,53078.0,50001.05,50001.05263157895,50001.525,50162.94736842105,50001.000321027284,50001.22360679775,50001.222919387474,50001.0,50001.09523809524,50001.987800963085,50001.00032299742,50001.05,50001.993863049094,50001.99692208003,50001.9938985228,50002.0,49999.91,50001.05
org.apache.commons.math.ode.events.EventState.reinitializeBegin(Lorg/apache/commons/math/ode/sampling/StepInterpolator;)V 50001.993861066236,50001.0,50001.1,50001.05263157895,53077.0,50001.993863049094,50002.0,50056.47071299343,50000.19047619047,50118.62434730915,50003.08779762993,50001.0,50001.0,50001.98772609819,53078.0,50001.05,50001.05263157895,50001.525,50162.94736842105,50001.000321027284,50001.22360679775,50001.222919387474,50001.0,50001.09523809524,50001.987800963085,50001.00032299742,50001.05,50001.993863049094,50001.99692208003,50001.9938985228,50002.0,49999.91,50001.05
org.apache.commons.math.analysis.solvers.BracketingNthOrderBrentSolver.guessX(D[D[DII)D 50001.99256865913,50001.0,50001.083333333336,50001.04347826087,53073.0,50001.99257105943,50002.0,50056.434646206144,50000.16,50119.06127988892,50003.18993870309,50001.0,50001.0,50001.985142118865,53074.0,50001.041666666664,50001.04347826087,50001.520833333336,50134.608695652176,50001.00032061558,50001.20412414523,50001.20336427283,50001.0,50001.08,50001.98525168323,50001.00032299742,50001.041666666664,50001.99257105943,50001.99627168098,50001.99262347659,50002.0,49999.87,50001.041666666664
org.apache.commons.math.ode.nonstiff.DormandPrince853StepInterpolator.computeInterpolatedStateAndDerivatives(DD)V 50001.99256865913,50001.0,50001.083333333336,50001.04347826087,53073.0,50001.99257105943,50002.0,50056.623735940695,50000.16,50119.06127988892,50003.18993870309,50002.333333333336,50056.623735940695,50001.99870801034,53095.0,50001.041666666664,50001.04347826087,50001.520833333336,51548.0,50001.00032061558,50001.20412414523,50001.20336427283,50001.0,50001.08,50001.99870884442,50001.00032299742,50001.041666666664,50001.999354005166,50001.999676898224,50001.99262347659,50002.0,50000.0,50001.041666666664
org.apache.commons.math.ode.nonstiff.DormandPrince853StepInterpolator.doFinalize()V 50001.99256865913,50001.0,50001.083333333336,50001.04347826087,53073.0,50001.99257105943,50002.0,50056.434646206144,50000.16,50119.364467879204,50003.258100864354,50001.0,50001.0,50001.985142118865,53074.0,50001.041666666664,50001.04347826087,50001.520833333336,50134.608695652176,50001.00032061558,50001.20412414523,50001.20336427283,50001.0,50001.08,50001.98525168323,50001.00032299742,50001.041666666664,50001.99257105943,50001.99627168098,50001.99262347659,50002.0,49999.87,50001.041666666664
org.apache.commons.math.analysis.solvers.BracketingNthOrderBrentSolver.<init>(DI)V 50001.99192245557,50001.0,50001.07692307692,50001.04,53071.0,50001.9919250646,50002.0,50056.623735940695,50000.148148148146,50119.364467879204,50003.258100864354,50002.333333333336,50056.623735940695,50001.99870801034,53095.0,50001.03846153846,50001.04,50001.519230769234,51548.0,50001.00032041012,50001.196116135136,50001.19532246076,50001.0,50001.07407407407,50001.99870884442,50001.00032299742,50001.03846153846,50001.999354005166,50001.999676898224,50001.991987179485,50002.0,50000.0,50001.03846153846
org.apache.commons.math.ode.nonstiff.DormandPrince853Integrator.estimateError([[D[D[DD)D 50001.991599353794,50001.0,50001.07407407407,50001.03846153846,53070.0,50001.99160206718,50002.0,50056.623735940695,50000.142857142855,50119.364467879204,50003.258100864354,50002.333333333336,50056.623735940695,50001.99870801034,53095.0,50001.03703703704,50001.03846153846,50001.51851851852,51548.0,50001.000320307496,50001.19245008973,50001.19164003233,50001.0,50001.07142857143,50001.99870884442,50001.00032299742,50001.03703703704,50001.999354005166,50001.999676898224,50001.99166933675,50002.0,50000.0,50001.03703703704
org.apache.commons.math.ode.nonstiff.DormandPrince853StepInterpolator.<init>(Lorg/apache/commons/math/ode/nonstiff/DormandPrince853StepInterpolator;)V 50001.991599353794,50001.0,50001.07407407407,50001.03846153846,53070.0,50001.99160206718,50002.0,50056.60575509783,50000.142857142855,50119.364467879204,50003.258100864354,50002.2,50056.60575509783,50001.99741602067,53093.0,50001.03703703704,50001.03846153846,50001.51851851852,50774.0,50001.000320307496,50001.19245008973,50001.19164003233,50001.0,50001.07142857143,50001.99741935484,50001.00032299742,50001.03703703704,50001.99870801034,50001.99935358759,50001.99166933675,50002.0,49999.84,50001.03703703704
org.apache.commons.math.ode.nonstiff.DormandPrince853StepInterpolator.reinitialize(Lorg/apache/commons/math/ode/AbstractIntegrator;[D[[DZLorg/apache/commons/math/ode/EquationsMapper;[Lorg/apache/commons/math/ode/EquationsMapper;)V 50001.991599353794,50001.0,50001.07407407407,50001.03846153846,53070.0,50001.99160206718,50002.0,50056.40758070878,50000.142857142855,50119.364467879204,50003.258100864354,50001.0,50001.0,50001.98320413437,53071.0,50001.03703703704,50001.03846153846,50001.51851851852,50119.07692307692,50001.000320307496,50001.19245008973,50001.19164003233,50001.0,50001.07142857143,50001.98334401025,50001.00032299742,50001.03703703704,50001.99160206718,50001.995783327926,50001.99166933675,50002.0,49999.84,50001.03703703704
org.apache.commons.math.ode.nonstiff.DormandPrince853StepInterpolator.storeTime(D)V 50001.991599353794,50001.0,50001.07407407407,50001.03846153846,53070.0,50001.99160206718,50002.0,50056.40758070878,50000.142857142855,50119.364467879204,50003.258100864354,50001.0,50001.0,50001.98320413437,53071.0,50001.03703703704,50001.03846153846,50001.51851851852,50119.07692307692,50001.000320307496,50001.19245008973,50001.19164003233,50001.0,50001.07142857143,50001.98334401025,50001.00032299742,50001.03703703704,50001.99160206718,50001.995783327926,50001.99166933675,50002.0,49999.84,50001.03703703704
org.apache.commons.math.ode.nonstiff.DormandPrince853Integrator.<init>(DDDD)V 50001.99127625202,50001.0,50001.07142857143,50001.03703703704,53069.0,50001.99127906977,50002.0,50056.398555937856,50000.137931034486,50119.461600788316,50003.279507056955,50001.0,50001.0,50001.982558139534,53070.0,50001.03571428572,50001.03703703704,50001.517857142855,50114.666666666664,50001.000320204934,50001.188982236505,50001.188156114134,50001.0,50001.06896551724,50001.98270893372,50001.00032299742,50001.03571428572,50001.99127906977,50001.995620437956,50001.99135169763,50002.0,49999.83,50001.03571428572
org.apache.commons.math.ode.nonstiff.DormandPrince853StepInterpolator.<init>()V 50001.99030694669,50001.0,50001.06451612903,50001.03333333333,53066.0,50001.99031007752,50002.0,50056.37147279963,50000.125,50119.74267394066,50003.34034731932,50001.0,50001.0,50001.98062015504,53067.0,50001.032258064515,50001.03333333333,50001.51612903226,50103.2,50001.000319897634,50001.17960530203,50001.1787327205,50001.0,50001.0625,50001.98080614203,50001.00032299742,50001.032258064515,50001.99031007752,50001.99513145083,50001.9904,50002.0,49999.8,50001.032258064515
org.apache.commons.math.util.FastMath.ceil(D)D 50002.98933764136,50002.0,50002.05882352941,50002.030303030304,53064.0,50002.989341085275,50003.0,50057.623735940695,50001.114285714284,50129.01317545048,50005.70779275107,50003.333333333336,50057.623735940695,50002.99870801034,53096.0,50002.029411764706,50002.030303030304,50002.51470588235,51549.0,50002.00031959092,50002.17149858514,50002.17058184523,50002.0,50002.05714285714,50002.99870884442,50002.00032299742,50002.029411764706,50002.999354005166,50002.999676898224,50002.989450127876,50003.0,50001.0,50002.029411764706
org.apache.commons.math.ode.nonstiff.EmbeddedRungeKuttaIntegrator.integrate(Lorg/apache/commons/math/ode/ExpandableStatefulODE;D)V 50001.98707592892,50001.0,50001.04878048781,50001.025,53056.0,50001.98708010336,50002.0,50056.524769247604,50000.09523809524,50121.94659411348,50003.77148800248,50002.07142857143,50056.524769247604,50001.99160206718,53084.0,50001.0243902439,50001.025,50001.51219512195,50238.153846153844,50001.00031887755,50001.15617376189,50001.1551612795,50001.0,50001.04761904762,50001.99163718237,50001.00032299742,50001.0243902439,50001.99580103359,50001.997896099696,50001.987240829345,50002.0,49999.7,50001.0243902439
org.apache.commons.math.ode.nonstiff.EmbeddedRungeKuttaIntegrator.<init>(Ljava/lang/String;Z[D[[D[DLorg/apache/commons/math/ode/nonstiff/RungeKuttaStepInterpolator;DDDD)V 50001.98352180937,50001.0,50001.03846153846,50001.01960784314,53045.0,50001.983527131786,50002.0,50056.18151864529,50000.07547169811,50121.40687679415,50003.67234511778,50001.0,50001.0,50001.967054263565,53046.0,50001.019230769234,50001.01960784314,50001.50961538462,50060.705882352944,50001.00031776295,50001.13867504906,50001.137527746105,50001.0,50001.03773584906,50001.96758817922,50001.00032299742,50001.019230769234,50001.983527131786,50001.991695163655,50001.983788938334,50002.0,49999.59,50001.019230769234
org.apache.commons.math.ode.nonstiff.AdaptiveStepsizeIntegrator.filterStep(DZZ)D 50001.97027463651,50001.0,50001.021505376346,50001.010869565216,53004.0,50001.97028423772,50002.0,50056.57877292636,50000.04255319149,50124.21532273667,50004.15434214553,50002.125,50056.57877292636,50001.99547803617,53090.0,50001.01075268817,50001.010869565216,50001.50537634409,50442.28571428572,50001.00031367628,50001.10369516947,50001.10214235462,50001.0,50001.02127659575,50001.99548823719,50001.00032299742,50001.01075268817,50001.99773901809,50001.99886822959,50001.9711327267,50002.0,49999.18,50001.01075268817
org.apache.commons.math.ode.nonstiff.AdaptiveStepsizeIntegrator.<init>(Ljava/lang/String;DDDD)V 50001.96930533118,50001.0,50001.020833333336,50001.01052631579,53001.0,50001.96931524548,50002.0,50055.781383699206,50000.0412371134,50124.01224271042,50004.12198564135,50001.0,50001.0,50001.93863049096,53002.0,50001.010416666664,50001.01052631579,50001.505208333336,50032.58947368421,50001.00031338139,50001.10206207262,50001.10048348388,50001.0,50001.0206185567,50001.940457536824,50001.00032299742,50001.010416666664,50001.96931524548,50001.984418566506,50001.97021943574,50002.0,49999.15,50001.010416666664
org.apache.commons.math.ode.nonstiff.AdaptiveStepsizeIntegrator.setStepSizeControl(DDDD)V 50001.96930533118,50001.0,50001.020833333336,50001.01052631579,53001.0,50001.96931524548,50002.0,50055.781383699206,50000.0412371134,50124.01224271042,50004.12198564135,50001.0,50001.0,50001.93863049096,53002.0,50001.010416666664,50001.01052631579,50001.505208333336,50032.58947368421,50001.00031338139,50001.10206207262,50001.10048348388,50001.0,50001.0206185567,50001.940457536824,50001.00032299742,50001.010416666664,50001.96931524548,50001.984418566506,50001.97021943574,50002.0,49999.15,50001.010416666664
org.apache.commons.math.ode.nonstiff.AdaptiveStepsizeIntegrator.sanityChecks(Lorg/apache/commons/math/ode/ExpandableStatefulODE;D)V 50001.9676898223,50001.0,50001.0198019802,50001.01,52996.0,50001.9677002584,50002.0,50056.623735940695,50000.03921568627,50124.4143399307,50004.185732500555,50002.333333333336,50056.623735940695,50001.99870801034,53095.0,50001.0099009901,50001.01,50001.50495049505,51548.0,50001.00031289111,50001.09950371902,50001.09788302892,50001.0,50001.01960784314,50001.99870884442,50001.00032299742,50001.0099009901,50001.999354005166,50001.999676898224,50001.96870109546,50002.0,50000.0,50001.0099009901
org.apache.commons.math.ode.nonstiff.RungeKuttaStepInterpolator.<init>(Lorg/apache/commons/math/ode/nonstiff/RungeKuttaStepInterpolator;)V 50001.9676898223,50001.0,50001.0198019802,50001.01,52996.0,50001.9677002584,50002.0,50056.50675634551,50000.03921568627,50124.26544836561,50004.162277660165,50002.0625,50056.50675634551,50001.99031007752,53082.0,50001.0099009901,50001.01,50001.50495049505,50206.4,50001.00031289111,50001.09950371902,50001.09788302892,50001.0,50001.01960784314,50001.99035679846,50001.00032299742,50001.0099009901,50001.99515503876,50001.99757163672,50001.96870109546,50002.0,49999.1,50001.0099009901
org.apache.commons.math.ode.sampling.AbstractStepInterpolator.<init>(Lorg/apache/commons/math/ode/sampling/AbstractStepInterpolator;)V 50001.9676898223,50001.0,50001.0198019802,50001.01,52996.0,50001.9677002584,50002.0,50056.47071299343,50000.03921568627,50124.4143399307,50004.185732500555,50002.05,50056.47071299343,50001.98772609819,53078.0,50001.0099009901,50001.01,50001.50495049505,50162.94736842105,50001.00031289111,50001.09950371902,50001.09788302892,50001.0,50001.01960784314,50001.987800963085,50001.00032299742,50001.0099009901,50001.993863049094,50001.99692208003,50001.96870109546,50002.0,49999.1,50001.0099009901
org.apache.commons.math.ode.nonstiff.RungeKuttaStepInterpolator.reinitialize(Lorg/apache/commons/math/ode/AbstractIntegrator;[D[[DZLorg/apache/commons/math/ode/EquationsMapper;[Lorg/apache/commons/math/ode/EquationsMapper;)V 50001.96672051696,50001.0,50001.019230769234,50001.00970873787,52993.0,50001.96673126615,50002.0,50055.70831746636,50000.038095238095,50124.4143399307,50004.185732500555,50001.0,50001.0,50001.9334625323,52994.0,50001.00961538462,50001.00970873787,50001.504807692305,50030.05825242718,50001.00031259769,50001.09805806757,50001.09641260077,50001.0,50001.01904761905,50001.935604876526,50001.00032299742,50001.00961538462,50001.96673126615,50001.983084250285,50001.96779237023,50002.0,49999.07,50001.00961538462
org.apache.commons.math.ode.sampling.AbstractStepInterpolator.copy()Lorg/apache/commons/math/ode/sampling/StepInterpolator; 50001.96672051696,50001.0,50001.019230769234,50001.00970873787,52993.0,50001.96673126615,50002.0,50055.70831746636,50000.038095238095,50124.4143399307,50004.185732500555,50001.0,50001.0,50001.9334625323,52994.0,50001.00961538462,50001.00970873787,50001.504807692305,50030.05825242718,50001.00031259769,50001.09805806757,50001.09641260077,50001.0,50001.01904761905,50001.935604876526,50001.00032299742,50001.00961538462,50001.96673126615,50001.983084250285,50001.96779237023,50002.0,49999.07,50001.00961538462
org.apache.commons.math.ode.sampling.AbstractStepInterpolator.reinitialize([DZLorg/apache/commons/math/ode/EquationsMapper;[Lorg/apache/commons/math/ode/EquationsMapper;)V 50001.96672051696,50001.0,50001.019230769234,50001.00970873787,52993.0,50001.96673126615,50002.0,50055.70831746636,50000.038095238095,50124.4143399307,50004.185732500555,50001.0,50001.0,50001.9334625323,52994.0,50001.00961538462,50001.00970873787,50001.504807692305,50030.05825242718,50001.00031259769,50001.09805806757,50001.09641260077,50001.0,50001.01904761905,50001.935604876526,50001.00032299742,50001.00961538462,50001.96673126615,50001.983084250285,50001.96779237023,50002.0,49999.07,50001.00961538462
org.apache.commons.math.ode.sampling.AbstractStepInterpolator.finalizeStep()V 50001.966397415184,50001.0,50001.01904761905,50001.00961538462,52992.0,50001.96640826873,50002.0,50055.69917732471,50000.03773584906,50124.51239913157,50004.20108587294,50001.0,50001.0,50001.93281653747,52993.0,50001.009523809524,50001.00961538462,50001.50476190476,50029.769230769234,50001.0003125,50001.097590007295,50001.09593635863,50001.0,50001.018867924526,50001.935,50001.00032299742,50001.009523809524,50001.96640826873,50001.98291721419,50001.96748984057,50002.0,49999.06,50001.009523809524
org.apache.commons.math.ode.nonstiff.AdaptiveStepsizeIntegrator.resetInternalState()V 50001.9647819063,50001.0,50001.01818181818,50001.00917431193,52987.0,50001.96479328165,50002.0,50055.65345368776,50000.036036036036,50124.70575487452,50004.231146314996,50001.0,50001.0,50001.92958656331,52988.0,50001.009090909094,50001.00917431193,50001.50454545455,50028.40366972477,50001.00031201248,50001.095346258924,50001.09365225359,50001.0,50001.01801801802,50001.93198127925,50001.00032299742,50001.009090909094,50001.96479328165,50001.98208120993,50001.96598002497,50002.0,49999.01,50001.009090909094
org.apache.commons.math.ode.nonstiff.RungeKuttaStepInterpolator.<init>()V 50001.96284329564,50001.0,50001.01724137931,50001.00869565218,52981.0,50001.962855297155,50002.0,50055.598534778874,50000.03418803419,50124.98925366037,50004.27472217062,50001.0,50001.0,50001.92571059432,52982.0,50001.00862068965,50001.00869565218,50001.504310344826,50026.921739130434,50001.00031142946,50001.09284766909,50001.09110638418,50001.0,50001.017094017094,50001.92837122392,50001.00032299742,50001.00862068965,50001.962855297155,50001.98107618891,50001.96417445483,50002.0,49998.95,50001.00862068965
org.apache.commons.math.ode.sampling.AbstractStepInterpolator.<init>()V 50001.962197092085,50001.0,50001.016949152545,50001.00854700855,52979.0,50001.96220930233,50002.0,50055.58021619598,50000.033613445376,50125.082102192,50004.28886816798,50001.0,50001.0,50001.92441860465,52980.0,50001.00847457627,50001.00854700855,50001.504237288136,50026.46153846154,50001.000311235606,50001.09205746179,50001.09030067909,50001.0,50001.01680672269,50001.927170868345,50001.00032299742,50001.00847457627,50001.96220930233,50001.98074074074,50001.963574097135,50002.0,49998.93,50001.00847457627
org.apache.commons.math.ode.sampling.AbstractStepInterpolator.allocateInterpolatedArrays(I)V 50001.962197092085,50001.0,50001.016949152545,50001.00854700855,52979.0,50001.96220930233,50002.0,50056.59676249567,50000.033613445376,50127.03259370041,50004.57311423478,50002.166666666664,50056.59676249567,50001.99677002584,53092.0,50001.00847457627,50001.00854700855,50001.504237288136,50619.2,50001.000311235606,50001.09205746179,50001.09030067909,50001.0,50001.01680672269,50001.9967752338,50001.00032299742,50001.00847457627,50001.99838501292,50001.99919185389,50001.963574097135,50002.0,49998.93,50001.00847457627
org.apache.commons.math.ode.sampling.AbstractStepInterpolator.getPreviousTime()D 50001.95928917609,50001.0,50001.015748031496,50001.00793650794,52970.0,50001.95930232558,50002.0,50055.49770637375,50000.03125,50125.49042052593,50004.35036895883,50001.0,50001.0,50001.91860465116,52971.0,50001.00787401575,50001.00793650794,50001.503937007874,50024.57142857143,50001.00031036623,50001.08873565094,50001.086910632715,50001.0,50001.015625,50001.9217877095,50001.00032299742,50001.00787401575,50001.95930232558,50001.97922848665,50001.960881713756,50002.0,49998.84,50001.00787401575
org.apache.commons.math.ode.sampling.AbstractStepInterpolator.getCurrentTime()D 50001.95799676898,50001.0,50001.01526717557,50001.00769230769,52966.0,50001.95801033592,50002.0,50055.46099521676,50000.030303030304,50125.6672026166,50004.376648375386,50001.0,50001.0,50001.91602067184,52967.0,50001.00763358779,50001.00769230769,50001.50381679389,50023.81538461539,50001.0003099814,50001.087370405665,50001.08551580225,50001.0,50001.01515151515,50001.91940483571,50001.00032299742,50001.00763358779,50001.95801033592,50001.978554932364,50001.95968992248,50002.0,49998.8,50001.00763358779
org.apache.commons.math.ode.sampling.AbstractStepInterpolator.getGlobalCurrentTime()D 50001.95605815832,50001.0,50001.01459854015,50001.007352941175,52960.0,50001.95607235142,50002.0,50055.40588203494,50000.02898550725,50125.9273521553,50004.41495297035,50001.0,50001.0,50001.912144702845,52961.0,50001.00729927007,50001.007352941175,50001.50364963504,50022.76470588235,50001.00030940594,50001.08543576577,50001.0835375766,50001.0,50001.014492753624,50001.91584158416,50001.00032299742,50001.00729927007,50001.95607235142,50001.977542932626,50001.95790776849,50002.0,49998.74,50001.00729927007
org.apache.commons.math.ode.sampling.AbstractStepInterpolator.getGlobalPreviousTime()D 50001.95605815832,50001.0,50001.01459854015,50001.007352941175,52960.0,50001.95607235142,50002.0,50055.40588203494,50000.02898550725,50125.9273521553,50004.41495297035,50001.0,50001.0,50001.912144702845,52961.0,50001.00729927007,50001.007352941175,50001.50364963504,50022.76470588235,50001.00030940594,50001.08543576577,50001.0835375766,50001.0,50001.014492753624,50001.91584158416,50001.00032299742,50001.00729927007,50001.95607235142,50001.977542932626,50001.95790776849,50002.0,49998.74,50001.00729927007
org.apache.commons.math.ode.sampling.AbstractStepInterpolator.isForward()Z 50001.95541195477,50001.0,50001.01438848921,50001.00724637681,52958.0,50001.95542635659,50002.0,50055.38749856355,50000.02857142857,50126.01278849008,50004.42743929552,50001.0,50001.0,50001.910852713176,52959.0,50001.0071942446,50001.00724637681,50001.503597122304,50022.434782608696,50001.00030921459,50001.08481889297,50001.082906376716,50001.0,50001.014285714286,50001.9146567718,50001.00032299742,50001.0071942446,50001.95542635659,50001.97720515362,50001.95731518713,50002.0,49998.72,50001.0071942446
org.apache.commons.math.ode.ExpandableStatefulODE.getTotalDimension()I 50001.95508885299,50001.0,50001.014285714286,50001.0071942446,52957.0,50001.95510335917,50002.0,50056.59676249567,50000.02836879432,50126.22370910871,50004.458071824454,50002.166666666664,50056.59676249567,50001.99677002584,53092.0,50001.00714285715,50001.0071942446,50001.50357142857,50619.2,50001.00030911901,50001.08451542547,50001.08259578219,50001.0,50001.014184397165,50001.9967752338,50001.00032299742,50001.00714285715,50001.99838501292,50001.99919185389,50001.95701917131,50002.0,49998.8,50001.00714285715
org.apache.commons.math.analysis.solvers.BaseAbstractUnivariateRealSolver.getStartValue()D 50001.95444264943,50001.0,50001.01408450704,50001.00709219858,52955.0,50001.95445736434,50002.0,50055.35991169971,50000.02797202797,50126.139790452646,50004.445916726654,50001.0,50001.0,50001.90891472868,52956.0,50001.00704225352,50001.00709219858,50001.50352112676,50021.95744680851,50001.00030892802,50001.08391813583,50001.081984310134,50001.0,50001.01398601398,50001.91288229843,50001.00032299742,50001.00704225352,50001.95445736434,50001.976698066435,50001.95642768851,50002.0,49998.69,50001.00704225352
org.apache.commons.math.ode.ExpandableStatefulODE.computeDerivatives(D[D[D)V 50001.954119547656,50001.0,50001.01398601398,50001.00704225352,52954.0,50001.954134366926,50002.0,50056.59676249567,50000.02777777778,50126.22370910871,50004.458071824454,50002.166666666664,50056.59676249567,50001.99677002584,53092.0,50001.006993006995,50001.00704225352,50001.503496503494,50619.2,50001.00030883261,50001.083624201,50001.081683319404,50001.0,50001.01388888889,50001.9967752338,50001.00032299742,50001.006993006995,50001.99838501292,50001.99919185389,50001.956132221196,50002.0,49998.8,50001.006993006995
org.apache.commons.math.ode.AbstractIntegrator.computeDerivatives(D[D[D)V 50001.95379644588,50001.0,50001.01388888889,50001.006993006995,52953.0,50001.95381136951,50002.0,50055.34151267677,50000.027586206896,50126.22370910871,50004.458071824454,50001.0,50001.0,50001.90762273902,52954.0,50001.006944444445,50001.006993006995,50001.50347222222,50021.65034965035,50001.00030873727,50001.083333333336,50001.08138541903,50001.0,50001.01379310345,50001.91170114233,50001.00032299742,50001.006944444445,50001.95381136951,50001.976359728884,50001.95583693638,50002.0,49998.67,50001.006944444445
org.apache.commons.math.ode.AbstractIntegrator.integrate(Lorg/apache/commons/math/ode/FirstOrderDifferentialEquations;D[DD[D)D 50001.95379644588,50001.0,50001.01388888889,50001.006993006995,52953.0,50001.95381136951,50002.0,50056.614746245934,50000.027586206896,50126.59427637155,50004.511243085566,50002.25,50056.614746245934,50001.998062015504,53094.0,50001.006944444445,50001.006993006995,50001.50347222222,51032.0,50001.00030873727,50001.083333333336,50001.08138541903,50001.0,50001.01379310345,50001.99806389158,50001.00032299742,50001.006944444445,50001.999031007756,50001.999515269024,50001.95583693638,50002.0,49999.0,50001.006944444445
org.apache.commons.math.ode.AbstractIntegrator.setStateInitialized(Z)V 50001.95379644588,50001.0,50001.01388888889,50001.006993006995,52953.0,50001.95381136951,50002.0,50055.34151267677,50000.027586206896,50126.22370910871,50004.458071824454,50001.0,50001.0,50001.90762273902,52954.0,50001.006944444445,50001.006993006995,50001.50347222222,50021.65034965035,50001.00030873727,50001.083333333336,50001.08138541903,50001.0,50001.01379310345,50001.91170114233,50001.00032299742,50001.006944444445,50001.95381136951,50001.976359728884,50001.95583693638,50002.0,49998.67,50001.006944444445
org.apache.commons.math.ode.EquationsMapper.insertEquationData([D[D)V 50001.95379644588,50001.0,50001.01388888889,50001.006993006995,52953.0,50001.95381136951,50002.0,50055.34151267677,50000.027586206896,50126.22370910871,50004.458071824454,50001.0,50001.0,50001.90762273902,52954.0,50001.006944444445,50001.006993006995,50001.50347222222,50021.65034965035,50001.00030873727,50001.083333333336,50001.08138541903,50001.0,50001.01379310345,50001.91170114233,50001.00032299742,50001.006944444445,50001.95381136951,50001.976359728884,50001.95583693638,50002.0,49998.67,50001.006944444445
org.apache.commons.math.ode.ExpandableStatefulODE.getCompleteState()[D 50001.95379644588,50001.0,50001.01388888889,50001.006993006995,52953.0,50001.95381136951,50002.0,50056.59676249567,50000.027586206896,50126.22370910871,50004.458071824454,50002.166666666664,50056.59676249567,50001.99677002584,53092.0,50001.006944444445,50001.006993006995,50001.50347222222,50619.2,50001.00030873727,50001.083333333336,50001.08138541903,50001.0,50001.01379310345,50001.9967752338,50001.00032299742,50001.006944444445,50001.99838501292,50001.99919185389,50001.95583693638,50002.0,49998.8,50001.006944444445
org.apache.commons.math.ode.ExpandableStatefulODE.getSecondaryMappers()[Lorg/apache/commons/math/ode/EquationsMapper; 50001.95379644588,50001.0,50001.01388888889,50001.006993006995,52953.0,50001.95381136951,50002.0,50056.59676249567,50000.027586206896,50126.22370910871,50004.458071824454,50002.166666666664,50056.59676249567,50001.99677002584,53092.0,50001.006944444445,50001.006993006995,50001.50347222222,50619.2,50001.00030873727,50001.083333333336,50001.08138541903,50001.0,50001.01379310345,50001.9967752338,50001.00032299742,50001.006944444445,50001.99838501292,50001.99919185389,50001.95583693638,50002.0,49998.8,50001.006944444445
org.apache.commons.math.ode.AbstractIntegrator.sanityChecks(Lorg/apache/commons/math/ode/ExpandableStatefulODE;D)V 50001.9534733441,50001.0,50001.01379310345,50001.006944444445,52952.0,50001.95348837209,50002.0,50056.59676249567,50000.02739726027,50126.38980401859,50004.48200454523,50002.166666666664,50056.59676249567,50001.99677002584,53092.0,50001.00689655173,50001.006944444445,50001.503448275864,50619.2,50001.000308641975,50001.083045479856,50001.081090555774,50001.0,50001.01369863014,50001.9967752338,50001.00032299742,50001.00689655173,50001.99838501292,50001.99919185389,50001.9555418339,50002.0,49998.8,50001.00689655173
org.apache.commons.math.ode.ExpandableStatefulODE.getPrimaryMapper()Lorg/apache/commons/math/ode/EquationsMapper; 50001.9534733441,50001.0,50001.01379310345,50001.006944444445,52952.0,50001.95348837209,50002.0,50055.332310828824,50000.02739726027,50126.26544836561,50004.464101615136,50001.0,50001.0,50001.90697674418,52953.0,50001.00689655173,50001.006944444445,50001.503448275864,50021.5,50001.000308641975,50001.083045479856,50001.081090555774,50001.0,50001.01369863014,50001.91111111111,50001.00032299742,50001.00689655173,50001.95348837209,50001.97619047619,50001.9555418339,50002.0,49998.66,50001.00689655173
org.apache.commons.math.ode.sampling.AbstractStepInterpolator.evaluateCompleteInterpolatedState()V 50001.9534733441,50001.0,50001.01379310345,50001.006944444445,52952.0,50001.95348837209,50002.0,50055.332310828824,50000.02739726027,50126.26544836561,50004.464101615136,50001.0,50001.0,50001.90697674418,52953.0,50001.00689655173,50001.006944444445,50001.503448275864,50021.5,50001.000308641975,50001.083045479856,50001.081090555774,50001.0,50001.01369863014,50001.91111111111,50001.00032299742,50001.00689655173,50001.95348837209,50001.97619047619,50001.9555418339,50002.0,49998.66,50001.00689655173
org.apache.commons.math.ode.sampling.AbstractStepInterpolator.getInterpolatedState()[D 50001.9534733441,50001.0,50001.01379310345,50001.006944444445,52952.0,50001.95348837209,50002.0,50055.332310828824,50000.02739726027,50126.26544836561,50004.464101615136,50001.0,50001.0,50001.90697674418,52953.0,50001.00689655173,50001.006944444445,50001.503448275864,50021.5,50001.000308641975,50001.083045479856,50001.081090555774,50001.0,50001.01369863014,50001.91111111111,50001.00032299742,50001.00689655173,50001.95348837209,50001.97619047619,50001.9555418339,50002.0,49998.66,50001.00689655173
org.apache.commons.math.ode.ExpandableStatefulODE.<init>(Lorg/apache/commons/math/ode/FirstOrderDifferentialEquations;)V 50001.952504038774,50001.0,50001.01351351351,50001.00680272109,52949.0,50001.95251937985,50002.0,50055.30469592954,50000.026845637585,50126.38980401859,50004.48200454523,50001.0,50001.0,50001.90503875969,52950.0,50001.00675675676,50001.00680272109,50001.50337837838,50021.06122448979,50001.00030835646,50001.082199493656,50001.08022367543,50001.0,50001.01342281879,50001.90934320074,50001.00032299742,50001.00675675676,50001.95251937985,50001.97568238214,50001.95465761876,50002.0,49998.63,50001.00675675676
org.apache.commons.math.ode.ExpandableStatefulODE.getTime()D 50001.952504038774,50001.0,50001.01351351351,50001.00680272109,52949.0,50001.95251937985,50002.0,50055.30469592954,50000.026845637585,50126.38980401859,50004.48200454523,50001.0,50001.0,50001.90503875969,52950.0,50001.00675675676,50001.00680272109,50001.50337837838,50021.06122448979,50001.00030835646,50001.082199493656,50001.08022367543,50001.0,50001.01342281879,50001.90934320074,50001.00032299742,50001.00675675676,50001.95251937985,50001.97568238214,50001.95465761876,50002.0,49998.63,50001.00675675676
org.apache.commons.math.ode.ExpandableStatefulODE.setPrimaryState([D)V 50001.952504038774,50001.0,50001.01351351351,50001.00680272109,52949.0,50001.95251937985,50002.0,50055.30469592954,50000.026845637585,50126.38980401859,50004.48200454523,50001.0,50001.0,50001.90503875969,52950.0,50001.00675675676,50001.00680272109,50001.50337837838,50021.06122448979,50001.00030835646,50001.082199493656,50001.08022367543,50001.0,50001.01342281879,50001.90934320074,50001.00032299742,50001.00675675676,50001.95251937985,50001.97568238214,50001.95465761876,50002.0,49998.63,50001.00675675676
org.apache.commons.math.ode.EquationsMapper.extractEquationData([D[D)V 50001.95121163166,50001.0,50001.01315789474,50001.00662251656,52945.0,50001.95122739018,50002.0,50055.26785420486,50000.02614379085,50126.553654093055,50004.50545371207,50001.0,50001.0,50001.902454780364,52946.0,50001.00657894737,50001.00662251656,50001.50328947369,50020.503311258275,50001.000307976596,50001.08111071056,50001.07910734012,50001.0,50001.013071895424,50001.90699106868,50001.00032299742,50001.00657894737,50001.95122739018,50001.97500413839,50001.95348120764,50002.0,49998.59,50001.00657894737
org.apache.commons.math.ode.sampling.AbstractStepInterpolator.shift()V 50001.950888529886,50001.0,50001.013071895424,50001.00657894737,52944.0,50001.95090439277,50002.0,50055.258639865,50000.02597402597,50126.59427637155,50004.511243085566,50001.0,50001.0,50001.90180878553,52945.0,50001.006535947716,50001.00657894737,50001.50326797386,50020.36842105263,50001.000307881775,50001.080845208344,50001.078835003085,50001.0,50001.01298701299,50001.906403940884,50001.00032299742,50001.006535947716,50001.95090439277,50001.97483443709,50001.953187557745,50002.0,49998.58,50001.006535947716
org.apache.commons.math.ode.sampling.AbstractStepInterpolator.storeTime(D)V 50001.950888529886,50001.0,50001.013071895424,50001.00657894737,52944.0,50001.95090439277,50002.0,50055.258639865,50000.02597402597,50126.59427637155,50004.511243085566,50001.0,50001.0,50001.90180878553,52945.0,50001.006535947716,50001.00657894737,50001.50326797386,50020.36842105263,50001.000307881775,50001.080845208344,50001.078835003085,50001.0,50001.01298701299,50001.906403940884,50001.00032299742,50001.006535947716,50001.95090439277,50001.97483443709,50001.953187557745,50002.0,49998.58,50001.006535947716
org.apache.commons.math.ode.EquationsMapper.getDimension()I 50001.95056542811,50001.0,50001.01298701299,50001.006535947716,52943.0,50001.95058139535,50002.0,50055.24942396008,50000.02580645162,50126.63476524246,50004.517003963156,50001.0,50001.0,50001.901162790695,52944.0,50001.006493506495,50001.006535947716,50001.503246753244,50020.23529411765,50001.00030778701,50001.0805822964,50001.07856527719,50001.0,50001.012903225805,50001.90581717451,50001.00032299742,50001.006493506495,50001.95058139535,50001.97466467958,50001.95289408867,50002.0,49998.57,50001.006493506495
org.apache.commons.math.analysis.solvers.BaseAbstractUnivariateRealSolver.solve(ILorg/apache/commons/math/analysis/UnivariateRealFunction;DD)D 50001.94959612278,50001.0,50001.012738853504,50001.006410256414,52940.0,50001.9496124031,50002.0,50055.2217668469,50000.0253164557,50126.7554443624,50004.53411884305,50001.0,50001.0,50001.8992248062,52941.0,50001.00636942675,50001.006410256414,50001.50318471337,50019.846153846156,50001.000307503076,50001.079808688446,50001.07777135043,50001.0,50001.012658227846,50001.90405904059,50001.00032299742,50001.00636942675,50001.9496124031,50001.97415506958,50001.95201476469,50002.0,49998.54,50001.00636942675
org.apache.commons.math.ode.AbstractIntegrator.<init>(Ljava/lang/String;)V 50001.94830371567,50001.0,50001.01242236025,50001.00625,52936.0,50001.94832041344,50002.0,50055.18486873658,50000.02469135803,50126.91455900628,50004.55655882008,50001.0,50001.0,50001.896640826875,52937.0,50001.00621118012,50001.00625,50001.50310559006,50019.35,50001.00030712531,50001.07881104062,50001.07674689043,50001.0,50001.01234567901,50001.90171990172,50001.00032299742,50001.00621118012,50001.94832041344,50001.97347480106,50001.95084485407,50002.0,49998.5,50001.00621118012
org.apache.commons.math.ode.AbstractIntegrator.resetEvaluations()V 50001.94830371567,50001.0,50001.01242236025,50001.00625,52936.0,50001.94832041344,50002.0,50055.18486873658,50000.02469135803,50126.91455900628,50004.55655882008,50001.0,50001.0,50001.896640826875,52937.0,50001.00621118012,50001.00625,50001.50310559006,50019.35,50001.00030712531,50001.07881104062,50001.07674689043,50001.0,50001.01234567901,50001.90171990172,50001.00032299742,50001.00621118012,50001.94832041344,50001.97347480106,50001.95084485407,50002.0,49998.5,50001.00621118012
org.apache.commons.math.ode.AbstractIntegrator.setMaxEvaluations(I)V 50001.94830371567,50001.0,50001.01242236025,50001.00625,52936.0,50001.94832041344,50002.0,50055.18486873658,50000.02469135803,50126.91455900628,50004.55655882008,50001.0,50001.0,50001.896640826875,52937.0,50001.00621118012,50001.00625,50001.50310559006,50019.35,50001.00030712531,50001.07881104062,50001.07674689043,50001.0,50001.01234567901,50001.90171990172,50001.00032299742,50001.00621118012,50001.94832041344,50001.97347480106,50001.95084485407,50002.0,49998.5,50001.00621118012
org.apache.commons.math.util.FastMath.ulp(D)D 50001.947657512115,50001.0,50001.01226993865,50001.00617283951,52934.0,50001.9476744186,50002.0,50056.623735940695,50000.0243902439,50126.993370426964,50004.567621345006,50002.333333333336,50056.623735940695,50001.99870801034,53095.0,50001.00613496933,50001.00617283951,50001.503067484664,51548.0,50001.000306936774,50001.078326045,50001.07624860502,50001.0,50001.01219512195,50001.99870884442,50001.00032299742,50001.00613496933,50001.999354005166,50001.999676898224,50001.95026097636,50002.0,50000.0,50001.00613496933
org.apache.commons.math.analysis.solvers.BaseAbstractUnivariateRealSolver.getRelativeAccuracy()D 50001.94701130856,50001.0,50001.01212121212,50001.006097560974,52932.0,50001.947028423776,50002.0,50055.14794548272,50000.02409638554,50127.071696840474,50004.57858190836,50001.0,50001.0,50001.894056847545,52933.0,50001.00606060606,50001.006097560974,50001.50303030303,50018.87804878049,50001.000306748465,50001.07784989441,50001.0757592402,50001.0,50001.01204819277,50001.899386503064,50001.00032299742,50001.00606060606,50001.947028423776,50001.97279362973,50001.94967781528,50002.0,49998.46,50001.00606060606
org.apache.commons.math.analysis.solvers.BaseAbstractUnivariateRealSolver.getAbsoluteAccuracy()D 50001.9450726979,50001.0,50001.01169590643,50001.00588235294,52926.0,50001.94509043928,50002.0,50055.0925133452,50000.023255813954,50127.30385317602,50004.610873136844,50001.0,50001.0,50001.89018087855,52927.0,50001.005847953216,50001.00588235294,50001.50292397661,50018.211764705884,50001.000306184935,50001.07647191129,50001.07434205353,50001.0,50001.01162790698,50001.89589712186,50001.00032299742,50001.005847953216,50001.94509043928,50001.971770176024,50001.947932618685,50002.0,49998.4,50001.005847953216
org.apache.commons.math.analysis.solvers.BaseAbstractUnivariateRealSolver.getFunctionValueAccuracy()D 50001.94474959612,50001.0,50001.01162790698,50001.005847953216,52925.0,50001.94476744186,50002.0,50055.08326913196,50000.02312138728,50127.34214519623,50004.61617157096,50001.0,50001.0,50001.88953488372,52926.0,50001.00581395349,50001.005847953216,50001.50290697674,50018.10526315789,50001.00030609121,50001.076249285165,50001.07411295575,50001.0,50001.011560693645,50001.89531680441,50001.00032299742,50001.00581395349,50001.94476744186,50001.971599402095,50001.94764237599,50002.0,49998.39,50001.00581395349
org.apache.commons.math.analysis.solvers.AbstractUnivariateRealSolver.<init>(D)V 50001.94248788368,50001.0,50001.01117318436,50001.00561797753,52918.0,50001.94250645995,50002.0,50055.01851534428,50000.02222222222,50127.60711242974,50004.652624270864,50001.0,50001.0,50001.8850129199,52919.0,50001.00558659218,50001.00561797753,50001.50279329609,50017.393258426964,50001.00030543678,50001.07474350928,50001.072562355526,50001.0,50001.01111111111,50001.891264508246,50001.00032299742,50001.00558659218,50001.94250645995,50001.970402394414,50001.94561564314,50002.0,49998.32,50001.00558659218
org.apache.commons.math.analysis.solvers.BaseAbstractUnivariateRealSolver.<init>(D)V 50001.940226171246,50001.0,50001.01075268817,50001.005405405405,52911.0,50001.940245478036,50002.0,50054.95368384087,50000.021390374335,50127.866918874344,50004.68801715136,50001.0,50001.0,50001.88049095607,52912.0,50001.00537634409,50001.005405405405,50001.50268817204,50016.73513513513,50001.00030478513,50001.07332355751,50001.07109837843,50001.0,50001.010695187164,50001.8872295032,50001.00032299742,50001.00537634409,50001.940245478036,50001.96920259697,50001.943597560974,50002.0,49998.25,50001.00537634409
org.apache.commons.math.analysis.solvers.BaseAbstractUnivariateRealSolver.getMax()D 50001.940226171246,50001.0,50001.01075268817,50001.005405405405,52911.0,50001.940245478036,50002.0,50054.95368384087,50000.021390374335,50127.866918874344,50004.68801715136,50001.0,50001.0,50001.88049095607,52912.0,50001.00537634409,50001.005405405405,50001.50268817204,50016.73513513513,50001.00030478513,50001.07332355751,50001.07109837843,50001.0,50001.010695187164,50001.8872295032,50001.00032299742,50001.00537634409,50001.940245478036,50001.96920259697,50001.943597560974,50002.0,49998.25,50001.00537634409
org.apache.commons.math.analysis.solvers.BaseAbstractUnivariateRealSolver.getMin()D 50001.940226171246,50001.0,50001.01075268817,50001.005405405405,52911.0,50001.940245478036,50002.0,50054.95368384087,50000.021390374335,50127.866918874344,50004.68801715136,50001.0,50001.0,50001.88049095607,52912.0,50001.00537634409,50001.005405405405,50001.50268817204,50016.73513513513,50001.00030478513,50001.07332355751,50001.07109837843,50001.0,50001.010695187164,50001.8872295032,50001.00032299742,50001.00537634409,50001.940245478036,50001.96920259697,50001.943597560974,50002.0,49998.25,50001.00537634409
org.apache.commons.math.analysis.solvers.BaseAbstractUnivariateRealSolver.computeObjectiveValue(D)D 50001.93990306947,50001.0,50001.010695187164,50001.00537634409,52910.0,50001.93992248062,50002.0,50054.944415837046,50000.02127659575,50127.903630062596,50004.69299088775,50001.0,50001.0,50001.87984496124,52911.0,50001.005347593586,50001.00537634409,50001.50267379679,50016.645161290326,50001.00030469226,50001.07312724241,50001.07089583643,50001.0,50001.01063829787,50001.88665447898,50001.00032299742,50001.005347593586,50001.93992248062,50001.969030969034,50001.943309966475,50002.0,49998.24,50001.005347593586
org.apache.commons.math.analysis.solvers.BaseAbstractUnivariateRealSolver.incrementEvaluationCount()V 50001.93990306947,50001.0,50001.010695187164,50001.00537634409,52910.0,50001.93992248062,50002.0,50056.614746245934,50000.02127659575,50127.903630062596,50004.69299088775,50002.25,50056.614746245934,50001.998062015504,53094.0,50001.005347593586,50001.00537634409,50001.50267379679,51032.0,50001.00030469226,50001.07312724241,50001.07089583643,50001.0,50001.01063829787,50001.99806389158,50001.00032299742,50001.005347593586,50001.999031007756,50001.999515269024,50001.943309966475,50002.0,49999.0,50001.005347593586
org.apache.commons.math.analysis.solvers.BaseAbstractUnivariateRealSolver.setup(ILorg/apache/commons/math/analysis/UnivariateRealFunction;DDD)V 50001.93957996769,50001.0,50001.01063829787,50001.005347593586,52909.0,50001.9395994832,50002.0,50054.93514624065,50000.021164021164,50127.940242696786,50004.69794460899,50001.0,50001.0,50001.87919896641,52910.0,50001.005319148935,50001.005347593586,50001.50265957447,50016.55614973262,50001.00030459945,50001.07293249575,50001.07069487807,50001.0,50001.01058201058,50001.88607980506,50001.00032299742,50001.005319148935,50001.9395994832,50001.96885928393,50001.943022547224,50002.0,49998.23,50001.005319148935
org.apache.commons.math.analysis.solvers.BaseAbstractUnivariateRealSolver.solve(ILorg/apache/commons/math/analysis/UnivariateRealFunction;DDD)D 50001.93957996769,50001.0,50001.01063829787,50001.005347593586,52909.0,50001.9395994832,50002.0,50054.93514624065,50000.021164021164,50127.940242696786,50004.69794460899,50001.0,50001.0,50001.87919896641,52910.0,50001.005319148935,50001.005347593586,50001.50265957447,50016.55614973262,50001.00030459945,50001.07293249575,50001.07069487807,50001.0,50001.01058201058,50001.88607980506,50001.00032299742,50001.005319148935,50001.9395994832,50001.96885928393,50001.943022547224,50002.0,49998.23,50001.005319148935
org.apache.commons.math.analysis.solvers.BaseAbstractUnivariateRealSolver.<init>(DDD)V 50001.937964458804,50001.0,50001.0103626943,50001.005208333336,52904.0,50001.93798449612,50002.0,50054.88877434123,50000.0206185567,50128.12185482616,50004.72241943641,50001.0,50001.0,50001.875968992244,52905.0,50001.00518134715,50001.005208333336,50001.502590673575,50016.125,50001.00030413625,50001.07198157508,50001.06971312269,50001.0,50001.010309278354,50001.88321167883,50001.00032299742,50001.00518134715,50001.93798449612,50001.968,50001.94158807423,50002.0,49998.18,50001.00518134715
org.apache.commons.math.analysis.solvers.UnivariateRealSolverUtils.verifyInterval(DD)V 50001.93602584814,50001.0,50001.01005025126,50001.00505050505,52898.0,50001.936046511626,50002.0,50056.47071299343,50000.02,50128.513255214384,50004.774626716484,50002.05,50056.47071299343,50001.98772609819,53078.0,50001.005025125625,50001.00505050505,50001.502512562816,50162.94736842105,50001.000303582274,50001.0708881205,50001.06858314281,50001.0,50001.01,50001.987800963085,50001.00032299742,50001.005025125625,50001.993863049094,50001.99692208003,50001.93987245673,50002.0,49998.92,50001.005025125625
org.apache.commons.math.util.Precision.equals(DDI)Z 50001.93505654281,50001.0,50001.0099009901,50001.00497512438,52895.0,50001.93507751938,50002.0,50055.927224579435,50000.0197044335,50134.83241216681,50005.53508145475,50002.0125,50055.927224579435,50001.94896640827,53018.0,50001.00495049505,50001.00497512438,50001.50247524752,50039.18987341772,50001.000303306035,50001.07035975447,50001.068036701756,50001.0,50001.00985221675,50001.95023622047,50001.00032299742,50001.00495049505,50001.97448320413,50001.98707672174,50001.93901699029,50002.0,49998.32,50001.00495049505
org.apache.commons.math.util.FastMath.pow(DD)D 50001.93408723748,50001.0,50001.00975609756,50001.00490196078,52892.0,50001.93410852713,50002.0,50056.623735940695,50000.01941747573,50128.583269428884,50004.783889673774,50002.333333333336,50056.623735940695,50001.99870801034,53095.0,50001.00487804878,50001.00490196078,50001.50243902439,51548.0,50001.000303030305,50001.069843029574,50001.067502023005,50001.0,50001.00970873787,50001.99870884442,50001.00032299742,50001.00487804878,50001.999354005166,50001.999676898224,50001.93816307972,50002.0,50000.0,50001.00487804878
org.apache.commons.math.util.FastMath.log(D[D)D 50001.93247172859,50001.0,50001.009523809524,50001.004784688994,52887.0,50001.93249354005,50002.0,50056.623735940695,50000.01895734597,50138.90281835512,50005.96360453597,50002.333333333336,50056.623735940695,50001.99870801034,53095.0,50001.00476190476,50001.004784688994,50001.502380952385,51548.0,50001.00030257186,50001.06900655593,50001.06663588796,50001.0,50001.00947867298,50001.99870884442,50001.00032299742,50001.00476190476,50001.999354005166,50001.999676898224,50001.9367433414,50002.0,50000.0,50001.00476190476
org.apache.commons.math.util.FastMath.max(II)I 50001.91890145396,50001.0,50001.00793650794,50001.00398406375,52845.0,50001.91892764858,50002.0,50054.33854141238,50000.01581027668,50130.108427883366,50004.980324046825,50001.0,50001.0,50001.837855297155,52846.0,50001.00396825397,50001.00398406375,50001.50198412698,50012.33466135458,50001.00029877502,50001.062994078835,50001.060385713055,50001.0,50001.007905138336,50001.850014938755,50001.00032299742,50001.00396825397,50001.91892764858,50001.95775122033,50001.92498505679,50002.0,49997.59,50001.00396825397
org.apache.commons.math.util.FastMath.floor(D)D 50001.89466882068,50001.0,50001.00611620795,50001.003067484664,52770.0,50001.89470284238,50002.0,50056.57877292636,50000.01219512195,50133.630365096644,50005.40055868397,50002.125,50056.57877292636,50001.99547803617,53090.0,50001.003058103975,50001.003067484664,50001.50152905199,50442.28571428572,50001.00029222677,50001.05530012636,50001.052306694386,50001.0,50001.006097560974,50001.99548823719,50001.00032299742,50001.003058103975,50001.99773901809,50001.99886822959,50001.90470622625,50002.0,49998.99,50001.003058103975
org.apache.commons.math.util.FastMath.abs(J)J 50001.862358642975,50001.0,50001.00468384075,50001.00234741784,52670.0,50001.86240310078,50002.0,50052.67204273106,50000.009345794395,50134.90521580616,50005.54310108192,50001.0,50001.0,50001.72480620155,52671.0,50001.00234192037,50001.00234741784,50001.50117096019,50007.2676056338,50001.000283929585,50001.04839339185,50001.04493968487,50001.0,50001.004672897194,50001.758091993186,50001.00032299742,50001.00234192037,50001.86240310078,50001.926118626434,50001.87901164442,50002.0,49995.84,50001.00234192037
org.apache.commons.math.util.Incrementor.incrementCount()V 50001.83586429725,50001.0,50001.00392927309,50001.00196850394,52588.0,50001.83591731266,50002.0,50056.47972602672,50000.00784313725,50136.826476710965,50005.74984508646,50002.05263157895,50056.47972602672,50001.98837209302,53079.0,50001.00196463654,50001.00196850394,50001.50098231827,50172.0,50001.00027746948,50001.04432422072,50001.04052369113,50001.0,50001.00392156863,50001.988439306355,50001.00032299742,50001.00196463654,50001.99418604651,50001.99708454811,50001.85900638357,50002.0,49998.93,50001.00196463654
org.apache.commons.math.util.Incrementor$1.<init>()V 50001.81906300485,50001.0,50001.00356506239,50001.00178571429,52536.0,50001.81912144703,50002.0,50051.35871324805,50000.00711743772,50137.929767498004,50005.8645985582,50001.0,50001.0,50001.638242894056,52537.0,50001.001782531195,50001.00178571429,50001.5008912656,50005.52857142857,50001.00027352298,50001.042220033094,50001.038210016435,50001.0,50001.00355871886,50001.69365426696,50001.00032299742,50001.001782531195,50001.81912144703,50001.900568181816,50001.846785225716,50002.0,49994.5,50001.001782531195
org.apache.commons.math.util.Incrementor.<init>(ILorg/apache/commons/math/util/Incrementor$MaxCountExceededCallback;)V 50001.81873990307,50001.0,50001.00355871886,50001.001782531195,52535.0,50001.81879844961,50002.0,50051.348783500696,50000.00710479574,50137.950886930266,50005.866768801236,50001.0,50001.0,50001.63759689922,52536.0,50001.00177935943,50001.001782531195,50001.500889679715,50005.51871657754,50001.00027344818,50001.04218245406,50001.0381684761,50001.0,50001.003552397866,50001.69319114028,50001.00032299742,50001.00177935943,50001.81879844961,50001.90037293554,50001.84655361051,50002.0,49994.49,50001.00177935943
org.apache.commons.math.util.FastMath$ExpIntTable.access$100()[D 50001.81033925687,50001.0,50001.00340136055,50001.001703577516,52509.0,50001.8104005168,50002.0,50051.089919145474,50000.00679117148,50138.49353124478,50005.9222030514,50001.0,50001.0,50001.62080103359,52510.0,50001.001700680274,50001.001703577516,50001.50085034013,50005.27427597956,50001.00027151778,50001.04123930494,50001.037123146256,50001.0,50001.003395585736,50001.6812381211,50001.00032299742,50001.001700680274,50001.8104005168,50001.8952720785,50001.84057577403,50002.0,49994.23,50001.001700680274
org.apache.commons.math.util.FastMath$ExpFracTable.access$300()[D 50001.80936995154,50001.0,50001.00338409476,50001.001694915256,52506.0,50001.80943152455,50002.0,50051.05996404313,50000.00675675676,50138.55536396859,50005.92848004997,50001.0,50001.0,50001.618863049094,52507.0,50001.00169204738,50001.001694915256,50001.500846023686,50005.24745762712,50001.0002712968,50001.04113450349,50001.03700665216,50001.0,50001.00337837838,50001.67986977754,50001.00032299742,50001.00169204738,50001.80943152455,50001.89468047126,50001.83989145183,50002.0,49994.2,50001.00169204738
org.apache.commons.math.util.FastMath$lnMant.access$400()[[D 50001.8084006462,50001.0,50001.003367003366,50001.00168634064,52503.0,50001.8084625323,50002.0,50051.029991005395,50000.006722689075,50138.61703968938,50005.93473315629,50001.0,50001.0,50001.6169250646,52504.0,50001.00168350169,50001.00168634064,50001.50084175084,50005.220910623946,50001.00027107617,50001.04103049699,50001.03689097246,50001.0,50001.00336134454,50001.678503659525,50001.00032299742,50001.00168350169,50001.8084625323,50001.89408823004,50001.83920824295,50002.0,49994.17,50001.00168350169
org.apache.commons.math.util.FastMath.sqrt(D)D 50001.6972536349,50001.0,50001.00213219616,50001.00106723586,52159.0,50001.697351421186,50002.0,50047.46504062196,50000.0042598509,50144.875904095636,50006.53267166295,50001.0,50001.0,50001.39470284238,52160.0,50001.001066098084,50001.00106723586,50001.50053304904,50003.30416221985,50001.00024795438,50001.032651157424,50001.0272642763,50001.0,50001.00212992545,50001.535333498636,50001.00032299742,50001.001066098084,50001.697351421186,50001.82169362512,50001.76760912698,50002.0,49990.73,50001.001066098084
org.apache.commons.math.ode.AbstractIntegrator$1.<init>(Lorg/apache/commons/math/ode/AbstractIntegrator;I)V 50001.95605815832,50001.0,50001.01459854015,50001.007352941175,52960.0,50001.95607235142,50002.0,50055.40588203494,50000.02898550725,50125.9273521553,50004.41495297035,50001.0,50001.0,50001.912144702845,52961.0,50001.00729927007,50001.007352941175,50001.50364963504,50022.76470588235,50001.00030940594,50001.08543576577,50001.0835375766,50001.0,50001.014492753624,50001.91584158416,50001.00032299742,50001.00729927007,50001.95607235142,50001.977542932626,50001.95790776849,50002.0,49998.74,50001.00729927007
org.apache.commons.math.util.FastMath$ExpFracTable.access$200()[D 50001.80936995154,50001.0,50001.00338409476,50001.001694915256,52506.0,50001.80943152455,50002.0,50051.05996404313,50000.00675675676,50138.55536396859,50005.92848004997,50001.0,50001.0,50001.618863049094,52507.0,50001.00169204738,50001.001694915256,50001.500846023686,50005.24745762712,50001.0002712968,50001.04113450349,50001.03700665216,50001.0,50001.00337837838,50001.67986977754,50001.00032299742,50001.00169204738,50001.80943152455,50001.89468047126,50001.83989145183,50002.0,49994.2,50001.00169204738
org.apache.commons.math.util.FastMath$ExpIntTable.access$000()[D 50001.81033925687,50001.0,50001.00340136055,50001.001703577516,52509.0,50001.8104005168,50002.0,50051.089919145474,50000.00679117148,50138.49353124478,50005.9222030514,50001.0,50001.0,50001.62080103359,52510.0,50001.001700680274,50001.001703577516,50001.50085034013,50005.27427597956,50001.00027151778,50001.04123930494,50001.037123146256,50001.0,50001.003395585736,50001.6812381211,50001.00032299742,50001.001700680274,50001.8104005168,50001.8952720785,50001.84057577403,50002.0,49994.23,50001.001700680274
org.apache.commons.math.ode.sampling.AbstractStepInterpolator.setSoftCurrentTime(D)V 5013.994830371567,5013.0,5013.117647058823,5013.0625,8092.0,5013.994832041343,5014.0,5068.497747702047,5012.222222222223,5130.265448365609,5015.0,5013.0,5013.0,5013.989664082687,8093.0,5013.058823529412,5013.0625,5013.529411764706,5205.5,5013.000321336761,5013.242535625036,5013.2419079031815,5013.0,5013.111111111111,5013.989717223651,5013.000322997416,5013.058823529412,5013.994832041343,5013.9974093264245,5013.994856959177,5014.0,5011.94,5013.058823529412
org.apache.commons.math.ode.events.EventState$1.<init>(Lorg/apache/commons/math/ode/events/EventState;Lorg/apache/commons/math/ode/sampling/StepInterpolator;)V 5013.993861066236,5013.0,5013.1,5013.0526315789475,8089.0,5013.993863049096,5014.0,5068.470712993435,5012.190476190476,5130.62434730915,5015.08779762993,5013.0,5013.0,5013.987726098191,8090.0,5013.05,5013.0526315789475,5013.525,5174.9473684210525,5013.000321027287,5013.22360679775,5013.222919387474,5013.0,5013.0952380952385,5013.987800963082,5013.000322997416,5013.05,5013.993863049096,5013.996922080026,5013.9938985228,5014.0,5011.91,5013.05
org.apache.commons.math.ode.nonstiff.DormandPrince853StepInterpolator.doCopy()Lorg/apache/commons/math/ode/sampling/StepInterpolator; 5013.991599353796,5013.0,5013.074074074074,5013.038461538462,8082.0,5013.9916020671835,5014.0,5068.40758070878,5012.142857142857,5131.364467879202,5015.258100864353,5013.0,5013.0,5013.983204134367,8083.0,5013.037037037037,5013.038461538462,5013.518518518518,5131.076923076923,5013.000320307495,5013.19245008973,5013.1916400323325,5013.0,5013.071428571428,5013.98334401025,5013.000322997416,5013.037037037037,5013.9916020671835,5013.995783327928,5013.991669336751,5014.0,5011.84,5013.037037037037
org.apache.commons.math.ode.nonstiff.DormandPrince853Integrator.getOrder()I 5013.990306946688,5013.0,5013.064516129032,5013.033333333334,8078.0,5013.990310077519,5014.0,5068.3714727996285,5012.125,5131.742673940661,5015.340347319321,5013.0,5013.0,5013.980620155039,8079.0,5013.032258064516,5013.033333333334,5013.5161290322585,5115.2,5013.000319897633,5013.179605302027,5013.178732720499,5013.0,5013.0625,5013.980806142034,5013.000322997416,5013.032258064516,5013.990310077519,5013.995131450828,5013.9904,5014.0,5011.8,5013.032258064516
org.apache.commons.math.ode.nonstiff.EmbeddedRungeKuttaIntegrator.setMaxGrowth(D)V 5013.979321486268,5013.0,5013.030769230769,5013.015625,8044.0,5013.979328165375,5014.0,5068.063599591745,5012.060606060606,5134.265448365609,5015.828427124746,5013.0,5013.0,5013.958656330749,8045.0,5013.015384615384,5013.015625,5013.507692307692,5060.375,5013.0003164556965,5013.124034734589,5013.122745608493,5013.0,5013.030303030303,5013.959493670886,5013.000322997416,5013.015384615384,5013.979328165375,5013.98955613577,5013.9797404241845,5014.0,5011.46,5013.015384615384
org.apache.commons.math.ode.nonstiff.EmbeddedRungeKuttaIntegrator.setMinReduction(D)V 5013.979321486268,5013.0,5013.030769230769,5013.015625,8044.0,5013.979328165375,5014.0,5068.063599591745,5012.060606060606,5134.265448365609,5015.828427124746,5013.0,5013.0,5013.958656330749,8045.0,5013.015384615384,5013.015625,5013.507692307692,5060.375,5013.0003164556965,5013.124034734589,5013.122745608493,5013.0,5013.030303030303,5013.959493670886,5013.000322997416,5013.015384615384,5013.979328165375,5013.98955613577,5013.9797404241845,5014.0,5011.46,5013.015384615384
org.apache.commons.math.ode.nonstiff.EmbeddedRungeKuttaIntegrator.setSafety(D)V 5013.979321486268,5013.0,5013.030769230769,5013.015625,8044.0,5013.979328165375,5014.0,5068.063599591745,5012.060606060606,5134.265448365609,5015.828427124746,5013.0,5013.0,5013.958656330749,8045.0,5013.015384615384,5013.015625,5013.507692307692,5060.375,5013.0003164556965,5013.124034734589,5013.122745608493,5013.0,5013.030303030303,5013.959493670886,5013.000322997416,5013.015384615384,5013.979328165375,5013.98955613577,5013.9797404241845,5014.0,5011.46,5013.015384615384
org.apache.commons.math.analysis.solvers.BaseAbstractUnivariateRealSolver.verifySequence(DDD)V 5013.955088852988,5013.0,5013.0142857142855,5013.007194244605,7969.0,5013.955103359173,5014.0,5067.37830449729,5012.0283687943265,5138.055274488161,5016.433631623013,5013.0,5013.0,5013.910206718347,7970.0,5013.007142857143,5013.007194244605,5013.503571428571,5034.273381294964,5013.000309119011,5013.084515425473,5013.082595782191,5013.0,5013.014184397163,5013.914064914992,5013.000322997416,5013.007142857143,5013.955103359173,5013.977036180407,5013.957019171305,5014.0,5010.71,5013.007142857143
org.apache.commons.math.analysis.solvers.UnivariateRealSolverUtils.verifySequence(DDD)V 5013.9537964458805,5013.0,5013.013888888889,5013.006993006993,7965.0,5013.953811369509,5014.0,5067.341512676774,5012.027586206897,5138.22370910871,5016.458071824457,5013.0,5013.0,5013.907622739018,7966.0,5013.006944444444,5013.006993006993,5013.503472222223,5033.650349650349,5013.000308737264,5013.083333333333,5013.081385419024,5013.0,5013.013793103448,5013.911701142328,5013.000322997416,5013.006944444444,5013.953811369509,5013.976359728881,5013.95583693638,5014.0,5010.67,5013.006944444444
org.apache.commons.math.ode.AbstractIntegrator.setEquations(Lorg/apache/commons/math/ode/ExpandableStatefulODE;)V 5013.9537964458805,5013.0,5013.013888888889,5013.006993006993,7965.0,5013.953811369509,5014.0,5067.341512676774,5012.027586206897,5138.22370910871,5016.458071824457,5013.0,5013.0,5013.907622739018,7966.0,5013.006944444444,5013.006993006993,5013.503472222223,5033.650349650349,5013.000308737264,5013.083333333333,5013.081385419024,5013.0,5013.013793103448,5013.911701142328,5013.000322997416,5013.006944444444,5013.953811369509,5013.976359728881,5013.95583693638,5014.0,5010.67,5013.006944444444
org.apache.commons.math.ode.ExpandableStatefulODE.setTime(D)V 5013.9525040387725,5013.0,5013.013513513513,5013.006802721088,7961.0,5013.952519379845,5014.0,5067.304695929542,5012.026845637584,5138.389804018591,5016.482004545227,5013.0,5013.0,5013.90503875969,7962.0,5013.006756756757,5013.006802721088,5013.503378378378,5033.061224489796,5013.00030835646,5013.082199493652,5013.080223675432,5013.0,5013.013422818792,5013.90934320074,5013.000322997416,5013.006756756757,5013.952519379845,5013.975682382134,5013.954657618754,5014.0,5010.63,5013.006756756757
org.apache.commons.math.ode.sampling.AbstractStepInterpolator.setInterpolatedTime(D)V 5013.9508885298865,5013.0,5013.013071895425,5013.006578947368,7956.0,5013.950904392765,5014.0,5067.258639865002,5012.025974025974,5138.594276371547,5016.511243085566,5013.0,5013.0,5013.901808785529,7957.0,5013.006535947712,5013.006578947368,5013.503267973856,5032.368421052632,5013.000307881774,5013.080845208346,5013.078835003087,5013.0,5013.012987012987,5013.906403940887,5013.000322997416,5013.006535947712,5013.950904392765,5013.974834437086,5013.953187557746,5014.0,5010.58,5013.006535947712
org.apache.commons.math.ode.EquationsMapper.<init>(II)V 5013.9495961227785,5013.0,5013.012738853503,5013.00641025641,7952.0,5013.949612403101,5014.0,5067.221766846904,5012.025316455696,5138.755444362406,5016.534118843049,5013.0,5013.0,5013.899224806201,7953.0,5013.006369426752,5013.00641025641,5013.503184713376,5031.846153846154,5013.000307503075,5013.079808688447,5013.077771350429,5013.0,5013.012658227848,5013.90405904059,5013.000322997416,5013.006369426752,5013.949612403101,5013.974155069583,5013.952014764688,5014.0,5010.54,5013.006369426752
org.apache.commons.math.util.FastMath.min(DD)D 5013.915024232633,5013.0,5013.007575757576,5013.003802281369,7845.0,5013.915051679586,5014.0,5068.623735940693,5012.015094339623,5143.900640454158,5017.199427590583,5014.333333333333,5068.623735940693,5013.998708010336,8107.0,5013.003787878788,5013.003802281369,5013.501893939394,6560.0,5013.000297707651,5013.06154574549,5013.058872751602,5013.0,5013.007547169811,5013.998708844416,5013.000322997416,5013.003787878788,5013.999354005168,5013.999676898223,5013.921679571174,5014.0,5012.0,5013.003787878788
org.apache.commons.math.util.FastMath.max(DD)D 5013.867851373183,5013.0,5013.0048780487805,5013.002444987775,7699.0,5013.867894056848,5014.0,5068.623735940693,5012.009732360098,5150.348637523193,5017.907462598694,5014.333333333333,5068.623735940693,5013.998708010336,8107.0,5013.002439024391,5013.002444987775,5013.501219512195,6560.0,5013.000285306704,5013.049386479833,5013.046007723985,5013.0,5013.004866180048,5013.998708844416,5013.000322997416,5013.002439024391,5013.999354005168,5013.999676898223,5013.883276255708,5014.0,5012.0,5013.002439024391
org.apache.commons.math.util.Incrementor.resetCount()V 5013.828756058158,5013.0,5013.003766478343,5013.001886792453,7578.0,5013.828811369509,5014.0,5063.655700567656,5012.007518796992,5149.287177232051,5017.798096379445,5013.0,5013.0,5013.657622739018,7579.0,5013.001883239172,5013.001886792453,5013.500941619585,5017.8415094339625,5013.00027578599,5013.04339630366,5013.0395062763655,5013.0,5013.003759398496,5013.707666850524,5013.000322997416,5013.001883239172,5013.828811369509,5013.90639350053,5013.853793103448,5014.0,5006.8,5013.001883239172
org.apache.commons.math.util.Incrementor.setMaximalCount(I)V 5013.823263327949,5013.0,5013.003649635037,5013.001828153565,7561.0,5013.823320413437,5014.0,5063.487622245458,5012.007285974499,5149.653479492662,5017.836117360761,5013.0,5013.0,5013.646640826873,7562.0,5013.001824817518,5013.001828153565,5013.500912408759,5017.659963436929,5013.000274499039,5013.042717882886,5013.038759583886,5013.0,5013.00364298725,5013.699698051057,5013.000322997416,5013.001824817518,5013.823320413437,5013.903100088574,5013.849807797913,5014.0,5006.63,5013.001824817518
org.apache.commons.math.util.Incrementor.<init>()V 5013.820032310177,5013.0,5013.003584229391,5013.001795332137,7551.0,5013.820090439276,5014.0,5063.388490749377,5012.007155635062,5149.866295808021,5017.858070341444,5013.0,5013.0,5013.640180878553,7552.0,5013.0017921146955,5013.001795332137,5013.500896057348,5017.558348294435,5013.000273747604,5013.042333375667,5013.038335257319,5013.0,5013.003577817532,5013.695045168355,5013.000322997416,5013.0017921146955,5013.820090439276,5013.90115350488,5013.847480832421,5014.0,5006.53,5013.0017921146955
org.apache.commons.math.util.Incrementor.<init>(I)V 5013.819063004847,5013.0,5013.003565062389,5013.001785714286,7548.0,5013.819121447028,5014.0,5063.358713248057,5012.007117437723,5149.929767498007,5017.864598558195,5013.0,5013.0,5013.638242894057,7549.0,5013.001782531194,5013.001785714286,5013.500891265598,5017.528571428571,5013.0002735229755,5013.042220033092,5013.038210016439,5013.0,5013.003558718861,5013.693654266958,5013.000322997416,5013.001782531194,5013.819121447028,5013.900568181818,5013.846785225718,5014.0,5006.5,5013.001782531194
org.apache.commons.math.util.MathUtils.checkNotNull(Ljava/lang/Object;)V 5013.783198707593,5013.0,5013.002976190476,5013.001490312966,7437.0,5013.7832687338505,5014.0,5068.551777649324,5012.005943536404,5152.265448365609,5018.099019513593,5014.090909090909,5068.551777649324,5013.99354005168,8099.0,5013.0014880952385,5013.001490312966,5013.500744047619,5321.6,5013.0002654632335,5013.0385758374905,5013.03413904315,5013.0,5013.002971768202,5013.993560849968,5013.000322997416,5013.0014880952385,5013.996770025839,5013.998382400518,5013.821826872013,5014.0,5010.3,5013.0014880952385
org.apache.commons.math.util.FastMath.abs(D)D 5013.606462035541,5013.0,5013.001640689089,5013.000821018062,6890.0,5013.606589147287,5014.0,5056.335897360041,5012.003278688525,5161.165305098839,5018.907610069497,5013.0,5013.0,5013.2131782945735,6891.0,5013.000820344545,5013.000821018062,5013.5004101722725,5014.541871921182,5013.00023180343,5013.028641657506,5013.022304883376,5013.0,5013.001639344262,5013.435326842838,5013.000322997416,5013.000820344545,5013.606589147287,5013.755126658625,5013.717597959657,5014.0,4999.92,5013.000820344545
