org.apache.commons.math.complex.Complex.toString()Ljava/lang/String; 5000002.0,5000001.0,5000003.0,6000001.0,5002974.0,5000003.0,5000002.0,5000055.543560573,5000002.0,5000114.050447042,5000001.0,5000001.0,5000001.0,5000002.0,5002976.0,5000002.0,6000001.0,5000002.0,5000001.0,5000001.000672269,5000002.0,5000002.0,5000001.0,5000002.0,5000002.0,5000001.000672269,5000002.0,5000002.0,5000002.0,5000002.0,5000003.0,5000003.0,5000002.0
org.apache.commons.math.complex.Complex.divide(Lorg/apache/commons/math/complex/Complex;)Lorg/apache/commons/math/complex/Complex; 5000001.999327279,5000001.0,5000002.0,5000003.0,5002972.0,5000002.999327505,5000002.0,5000055.525223521,5000001.333333333,5000117.923430388,5000002.967989671,5000003.333333333,5000110.013760599,5000001.998655463,5002974.0,5000001.5,5000002.0,5000001.75,5001487.5,5000001.000671817,5000001.707106781,5000001.706868898,5000002.0,5000001.666666667,5000001.998656365,5000001.000672269,5000001.5,5000001.999327731,5000001.9996637525,5000001.999327731,5000003.0,5000001.0,5000001.5
org.apache.commons.math.complex.Complex.equals(Ljava/lang/Object;)Z 5000001.487218298,5000001.0,5000001.05,5000001.025641026,5000000.0,5000001.987222596,5000001.0,5000055.506880299,5000000.097560976,5000119.600281477,5000003.559264433,5000003.333333333,5000110.013760599,5000001.997310924,5002972.0,5000001.025,5000001.025641026,5000001.262820513,5000743.75,5000001.000331785,5000001.113227704,5000001.112482594,5000002.0,5000001.048780488,5000001.997314535,5000001.000336135,5000001.025641026,5000001.998655463,5000001.999327279,5000001.975073795,5000002.0,4999999.72,5000001.000002631
org.apache.commons.math.complex.Complex.atan()Lorg/apache/commons/math/complex/Complex; 500001.49932727887,500001.0,500001.5,500001.3333333333,500000.0,500001.99932750507,500001.0,500055.5160526818,500000.8,500113.7824978493,500002.73205080756,500003.4,500110.0321053635,500001.99798319326,502973.0,500001.25,500001.3333333333,500001.4166666667,500991.6666666667,500001.00033579586,500001.4082482905,500001.40804228367,500002.0,500001.4,500001.997985225,500001.00033613446,500001.3333333333,500001.9989915966,500001.99949554395,500001.9986563655,500002.0,500000.0,500001.00004999
org.apache.commons.math.complex.Complex.log()Lorg/apache/commons/math/complex/Complex; 500001.49798183655,500001.0,500001.25,500001.14285714284,500000.0,500001.99798251514,500001.0,500055.4793538875,500000.44444444444,500116.52258299675,500002.8633668332,500002.125,500055.46099521674,500001.99529411766,502969.0,500001.125,500001.14285714284,500001.3214285714,500425.0,500001.0003353454,500001.2672612419,500001.26694643515,500002.0,500001.22222222225,500001.9953051643,500001.00033613446,500001.14285714284,500001.9976470588,500001.9988221437,500001.9959798995,500002.0,499999.96,500001.00001666445
org.apache.commons.math.complex.Complex.subtract(Lorg/apache/commons/math/complex/Complex;)Lorg/apache/commons/math/complex/Complex; 500001.4929364279,500001.0,500001.0869565217,500001.04545454547,500000.0,500001.992938803,500001.0,500055.49770637375,500000.1666666667,500116.9494265273,500002.97458337015,500003.28571428574,500109.9954127475,500001.9966386555,502971.0,500001.04347826086,500001.04545454547,500001.2727272727,500595.0,500001.000333667,500001.1507556723,500001.15019685426,500002.0,500001.0833333333,500001.9966442953,500001.00033613446,500001.04545454547,500001.9983193277,500001.9991589571,500001.9860696517,500002.0,499999.89,500001.0000047614
org.apache.commons.math.complex.Complex.getReal()D 500001.9626639758,500001.0,500001.0353982301,500001.03603603604,502863.0,500002.96267652995,500002.0,500054.51635264105,500000.0695652174,500124.58610079455,500004.2458671804,500001.0,500001.0,500001.92537815124,502865.0,500001.01769911504,500001.01801801805,500001.50884955755,500026.8018018018,500001.0006480881,500001.13303802104,500001.130530841,500001.0,500001.0347826087,500001.92806221644,500001.0006722689,500001.01769911504,500001.9626890756,500001.9809898955,500001.9640077821,500003.0,499999.99,500001.01769911504
org.apache.commons.math.complex.Complex.getImaginary()D 500001.9623276152,500001.0,500001.0350877193,500001.03571428574,502862.0,500002.96234028245,500002.0,500054.50700888666,500000.0689655172,500124.63345228595,500004.25315312337,500001.0,500001.0,500001.9247058823,502864.0,500001.01754385966,500001.01785714284,500001.50877192983,500026.5625,500001.0006478782,500001.1324532357,500001.1299343704,500001.0,500001.0344827586,500001.9274376417,500001.0006722689,500001.01754385966,500001.96235294116,500001.98081534775,500001.9636952998,500003.0,499999.98,500001.01754385966
org.apache.commons.math.complex.Complex.isInfinite()Z 500001.4855364951,500001.0,500001.0444444445,500001.0227272727,500000.0,500001.9855413584,500001.0,500055.13871073455,500000.0869565217,500118.607885566,500003.3574220081,500002.02222222224,500055.12023651093,500001.9704201681,502932.0,500001.02222222224,500001.0227272727,500001.26136363635,500067.61363636365,500001.0003312355,500001.10660035815,500001.1058085884,500002.0,500001.04347826086,500001.97085127525,500001.00033613446,500001.0227272727,500001.985210084,500001.9925499492,500001.9718862373,500002.0,499999.67,500001.00000232534
org.apache.commons.math.complex.Complex.<init>(DD)V 500001.9387823747,500001.0,500001.02173913043,500001.021978022,502792.0,500002.938802959,500002.0,500053.8488410469,500000.0430107527,500127.541184605,500004.6729739399,500001.0,500001.0,500001.8776470588,502794.0,500001.01086956525,500001.010989011,500001.5054347826,500016.3461538461,500001.00063351286,500001.104257207,500001.1010156238,500001.0,500001.0215053763,500001.8847006652,500001.0006722689,500001.01086956525,500001.9388235294,500001.96844660194,500001.94231378764,500003.0,499999.28,500001.01086956525
org.apache.commons.math.util.FastMath.atan2(DD)D 50002.49899091826,50002.0,50002.4,50002.25,50001.0,50002.99899125756,50002.0,50056.516052681756,50001.666666666664,50121.53572841596,50004.7359242267,50004.4,50111.03210536351,50002.99798319328,52974.0,50002.2,50002.25,50002.375,50992.666666666664,50002.000335683115,50002.353553390596,50002.35331548772,50003.0,50002.333333333336,50002.99798522498,50002.00033613446,50002.25,50002.998991596636,50002.99949554397,50002.99798590131,50003.0,50001.0,50002.00003332778
org.apache.commons.math.complex.Complex.multiply(Lorg/apache/commons/math/complex/Complex;)Lorg/apache/commons/math/complex/Complex; 50003.496300033636,50003.0,50003.153846153844,50003.083333333336,50002.0,50003.99630127774,50003.0,50057.47017532559,50002.28571428572,50119.88139893657,50005.19794265049,50005.2,50111.94035065117,50003.99462184874,52970.0,50003.07692307692,50003.083333333336,50003.291666666664,50373.875,50003.00033478406,50003.20412414523,50003.20371178441,50004.0,50003.142857142855,50003.99463627221,50003.00033613446,50003.083333333336,50003.99731092437,50003.99865365197,50003.99265442404,50004.0,50001.99,50003.00000908983
org.apache.commons.math.complex.Complex.abs()D 50001.49495459132,50001.0,50001.117647058825,50001.0625,50000.0,50001.994956287825,50001.0,50055.516052681756,50000.22222222222,50117.88139893657,50003.19794265049,50003.4,50110.03210536351,50001.99798319328,52973.0,50001.05882352941,50001.0625,50001.28125,50991.666666666664,50001.00033433634,50001.1767766953,50001.17630037794,50002.0,50001.11111111111,50001.99798522498,50001.00033613446,50001.0625,50001.998991596636,50001.99949554397,50001.99000999001,50002.0,50000.0,50001.00000666591
org.apache.commons.math.complex.Complex.add(Lorg/apache/commons/math/complex/Complex;)Lorg/apache/commons/math/complex/Complex; 50001.49394550959,50001.0,50001.1,50001.05263157895,50000.0,50001.993947545394,50001.0,50055.4885309033,50000.19047619047,50116.74086280155,50002.92104548614,50003.25,50109.9770618066,50001.99596638655,52970.0,50001.05,50001.05263157895,50001.27631578947,50495.833333333336,50001.000334001335,50001.16222142113,50001.16170223307,50002.0,50001.09523809524,50001.9959745052,50001.00033613446,50001.05263157895,50001.99798319328,50001.99899057874,50001.988035892326,50002.0,49999.92,50001.00000555494
org.apache.commons.math.util.FastMath.log(D[D)D 50001.354355869495,50001.0,50001.00459770115,50001.00230414746,50000.0,50001.854404841964,50001.0,50055.516052681756,50000.00917431193,50136.38149716292,50005.8302225747,50003.4,50110.03210536351,50001.99798319328,52973.0,50001.00229885057,50001.00230414746,50001.25115207373,50991.666666666664,50001.00029334115,50001.03394221167,50001.03136707822,50002.0,50001.00458715596,50001.99798522498,50001.00033613446,50001.00230414746,50001.998991596636,50001.99949554397,50001.774420421985,50002.0,50000.0,50001.000000230924
org.apache.commons.math.util.FastMath.sqrt(D)D 50001.20400269089,50001.0,50001.0022675737,50001.00113507378,50000.0,50001.704102219235,50001.0,50046.76024475459,50000.00453001133,50141.71524099011,50006.35395124636,50002.00113378685,50046.73838650412,50001.40773109244,52095.0,50001.00113378685,50001.00113507378,50001.25056753689,50003.376844494895,50001.0002593361,50001.02382303276,50001.019983910825,50002.0,50001.00226500566,50001.54304979253,50001.00033613446,50001.00113507378,50001.70386554622,50001.82619846123,50001.62814282696,50002.0,49991.3,50001.00000011362
org.apache.commons.math.complex.Complex.createComplex(DD)Lorg/apache/commons/math/complex/Complex; 5013.4734275142955,5013.0,5013.024691358025,5013.0125,5012.0,5013.973436449227,5013.0,5066.805204209259,5012.048780487805,5132.93864145904,5015.808592960419,5014.0123456790125,5066.786615435441,5013.946218487395,7908.0,5013.0123456790125,5013.0125,5013.25625,5049.1875,5013.000327332242,5013.079056941504,5013.0779860271905,5014.0,5013.024390243902,5013.947626841244,5013.000336134453,5013.0125,5013.973109243698,5013.986371379898,5013.949536889173,5014.0,5011.31,5013.000001265693
org.apache.commons.math.util.MathUtils.checkNotNull(Ljava/lang/Object;)V 5013.803565422132,5013.0,5013.006825938566,5013.006849315068,7402.0,5014.803631472764,5014.0,5067.442630355265,5012.013605442177,5150.3197692407475,5017.926390382321,5015.153846153846,5121.88526071053,5013.992605042017,7977.0,5013.003412969283,5013.003424657534,5013.5017064846415,5282.454545454545,5013.000561955606,5013.058420623784,5013.052369304968,5013.0,5013.006802721088,5013.992632283992,5013.000672268908,5013.003412969283,5013.996302521008,5013.998147836336,5013.835816699466,5015.0,5010.3,5013.003412969283
org.apache.commons.math.util.FastMath.log(D)D 5013.3496468213925,5013.0,5013.004454342984,5013.002232142857,5012.0,5013.84969737727,5013.0,5063.269274910227,5012.008888888889,5145.192821553591,5017.488025680838,5014.002227171492,5063.249378105605,5013.698823529412,7540.0,5013.002227171492,5013.002232142857,5013.251116071428,5018.640625,5013.000292141396,5013.033407655239,5013.030787843183,5014.0,5013.004444444445,5013.7382413087935,5013.000336134453,5013.002232142857,5013.849411764706,5013.918575063613,5013.768813033359,5014.0,5007.63,5013.000000223691
org.apache.commons.math.util.FastMath.abs(D)D 5013.111503531786,5013.0,5013.00172860847,5013.000865051903,5012.0,5013.611634162744,5013.0,5055.649736224273,5012.003454231433,5158.035737977658,5018.743282244147,5014.000864304235,5055.626282971894,5013.222857142857,6832.0,5013.000864304235,5013.000865051903,5013.2504325259515,5014.573529411765,5013.000242072138,5013.02079725827,5013.016258712811,5014.0,5013.001727115717,5013.440329218107,5013.000336134453,5013.000865051903,5013.611428571428,5013.758865248227,5013.562748438388,5014.0,5000.55,5013.000000086571
