org.apache.commons.math.analysis.solvers.BaseAbstractUnivariateRealSolver.incrementEvaluationCount()V 50004.99932705249,50004.0,50004.666666666664,50004.5,52974.0,50004.99932727884,50005.0,50058.50688029965,50004.0,50128.63357587225,50007.68801715136,50004.0,50004.0,50004.99865455768,52975.0,50004.333333333336,50004.5,50004.666666666664,51489.5,50004.00033613446,50004.57735026919,50004.57715597328,50004.0,50004.5,50004.99865546219,50004.00033636058,50004.333333333336,50004.99932727884,50004.99966352624,50004.999327505044,50005.0,50003.0,50004.333333333336
org.apache.commons.math.analysis.solvers.BaseSecantSolver.doSolve()D 50001.99798115747,50001.0,50001.28571428572,50001.166666666664,52967.0,50001.99798183653,50002.0,50055.4885309033,50000.5,50117.59986972634,50003.35961106177,50002.2,50055.4885309033,50001.99730911537,52970.0,50001.142857142855,50001.166666666664,50001.57142857143,50743.25,50001.000335683115,50001.37796447301,50001.37758275488,50001.0,50001.25,50001.997312730935,50001.00033636058,50001.142857142855,50001.99865455768,50001.999326825986,50001.99798522498,50002.0,49999.89,50001.142857142855
org.apache.commons.math.analysis.solvers.RegulaFalsiSolver.<init>()V 50001.99730820996,50001.0,50001.22222222222,50001.125,52965.0,50001.99730911537,50002.0,50055.45181356025,50000.4,50114.86053248826,50002.68179283051,50001.0,50001.0,50001.99461823075,52966.0,50001.11111111111,50001.125,50001.555555555555,50371.625,50001.0003354579,50001.333333333336,50001.332884399344,50001.0,50001.2,50001.9946326736,50001.00033636058,50001.11111111111,50001.99730911537,50001.99865274503,50001.997315436245,50002.0,49999.4,50001.11111111111
org.apache.commons.math.exception.MaxCountExceededException.getMax()Ljava/lang/Number; 50001.9962987887,50001.0,50001.166666666664,50001.09090909091,52962.0,50001.996300033636,50002.0,50055.42425929675,50000.307692307695,50115.34873015387,50002.82116028684,50001.0,50001.0,50001.99260006727,52963.0,50001.083333333336,50001.09090909091,50001.541666666664,50270.27272727273,50001.00033512065,50001.288675134594,50001.28814041552,50001.0,50001.153846153844,50001.99262734585,50001.00033636058,50001.083333333336,50001.996300033636,50001.998146588034,50001.99631243714,50002.0,49999.99,50001.083333333336
org.apache.commons.math.exception.TooManyEvaluationsException.<init>(Ljava/lang/Number;)V 50002.9962987887,50002.0,50002.166666666664,50002.09090909091,52963.0,50002.996300033636,50003.0,50056.42425929675,50001.307692307695,50116.34873015387,50003.82116028684,50002.0,50002.0,50002.99260006727,52964.0,50002.083333333336,50002.09090909091,50002.541666666664,50271.27272727273,50002.00033512065,50002.288675134594,50002.28814041552,50002.0,50002.153846153844,50002.99262734585,50002.00033636058,50002.083333333336,50002.996300033636,50002.998146588034,50002.99631243714,50003.0,50000.99,50002.083333333336
org.apache.commons.math.util.Incrementor.incrementCount()V 50002.9962987887,50002.0,50002.166666666664,50002.09090909091,52963.0,50002.996300033636,50003.0,50056.42425929675,50001.307692307695,50131.33511058123,50006.27820116611,50002.0,50002.0,50002.99260006727,52964.0,50002.083333333336,50002.09090909091,50002.541666666664,50271.27272727273,50002.00033512065,50002.288675134594,50002.28814041552,50002.0,50002.153846153844,50002.99262734585,50002.00033636058,50002.083333333336,50002.996300033636,50002.998146588034,50002.99631243714,50003.0,50000.99,50002.083333333336
org.apache.commons.math.analysis.solvers.BaseSecantSolver.solve(ILorg/apache/commons/math/analysis/UnivariateRealFunction;DDD)D 50001.99596231494,50001.0,50001.153846153844,50001.083333333336,52961.0,50001.99596367306,50002.0,50055.415071441654,50000.28571428572,50115.49620697865,50002.861209718205,50001.0,50001.0,50001.99192734611,52962.0,50001.07692307692,50001.083333333336,50001.53846153846,50247.75,50001.00033500837,50001.27735009811,50001.276789605596,50001.0,50001.142857142855,50001.991959798994,50001.00033636058,50001.07692307692,50001.99596367306,50001.99797775531,50001.99597855228,50002.0,49999.98,50001.07692307692
org.apache.commons.math.exception.MaxCountExceededException.<init>(Ljava/lang/Number;)V 50001.995625841184,50001.0,50001.142857142855,50001.07692307692,52960.0,50001.99562731248,50002.0,50055.40588203494,50000.26666666667,50115.63765663897,50002.898828922116,50001.0,50001.0,50001.99125462496,52961.0,50001.07142857143,50001.07692307692,50001.53571428572,50228.692307692305,50001.00033489618,50001.26726124191,50001.26667607975,50001.0,50001.13333333333,50001.99129269926,50001.00033636058,50001.07142857143,50001.99562731248,50001.997808865664,50001.995644891125,50002.0,49999.97,50001.07142857143
org.apache.commons.math.exception.MaxCountExceededException.<init>(Lorg/apache/commons/math/exception/util/Localizable;Ljava/lang/Number;[Ljava/lang/Object;)V 50002.995625841184,50002.0,50002.142857142855,50002.07692307692,52961.0,50002.99562731248,50003.0,50056.40588203494,50001.26666666667,50116.63765663897,50003.898828922116,50002.0,50002.0,50002.99125462496,52962.0,50002.07142857143,50002.07692307692,50002.53571428572,50229.692307692305,50002.00033489618,50002.26726124191,50002.26667607975,50002.0,50002.13333333333,50002.99129269926,50002.00033636058,50002.07142857143,50002.99562731248,50002.997808865664,50002.995644891125,50003.0,50000.97,50002.07142857143
org.apache.commons.math.exception.MathIllegalStateException.getContext()Lorg/apache/commons/math/exception/util/ExceptionContext; 50001.992934051144,50001.0,50001.09090909091,50001.04761904762,52952.0,50001.99293642785,50002.0,50055.332310828824,50000.17391304348,50116.61468105847,50003.14069514293,50001.0,50001.0,50001.9858728557,52953.0,50001.045454545456,50001.04761904762,50001.52272727273,50141.57142857143,50001.000334001335,50001.21320071635,50001.212446148376,50001.0,50001.086956521736,50001.98597194389,50001.00033636058,50001.045454545456,50001.99293642785,50001.9964556962,50001.992983628465,50002.0,49999.89,50001.045454545456
org.apache.commons.math.exception.MathIllegalStateException.<init>()V 50001.99259757739,50001.0,50001.086956521736,50001.045454545456,52951.0,50001.99260006727,50002.0,50055.32310742216,50000.166666666664,50116.72252112334,50003.165736770665,50001.0,50001.0,50001.98520013454,52952.0,50001.04347826087,50001.045454545456,50001.52173913043,50135.13636363636,50001.00033388982,50001.20851441406,50001.20774122462,50001.0,50001.083333333336,50001.98530884808,50001.00033636058,50001.04347826087,50001.99260006727,50001.99628629305,50001.992651970606,50002.0,49999.88,50001.04347826087
org.apache.commons.math.analysis.solvers.BaseSecantSolver.<init>(DLorg/apache/commons/math/analysis/solvers/BaseSecantSolver$Method;)V 50001.99192462988,50001.0,50001.08,50001.041666666664,52949.0,50001.99192734611,50002.0,50055.30469592954,50000.153846153844,50116.93108484908,50003.2133638394,50001.0,50001.0,50001.98385469223,52950.0,50001.04,50001.041666666664,50001.52,50123.875,50001.000333667,50001.2,50001.19919082608,50001.0,50001.07692307692,50001.983983983984,50001.00033636058,50001.04,50001.99192734611,50001.995947315096,50001.99198931909,50002.0,49999.86,50001.04
org.apache.commons.math.exception.MathIllegalStateException.<init>(Lorg/apache/commons/math/exception/util/Localizable;[Ljava/lang/Object;)V 50001.991588156125,50001.0,50001.07692307692,50001.04,52948.0,50001.99159098553,50002.0,50055.29548784199,50000.148148148146,50117.03210536351,50003.2360679775,50001.0,50001.0,50001.983181971074,52949.0,50001.03846153846,50001.04,50001.519230769234,50118.92,50001.000333555705,50001.196116135136,50001.195289544026,50001.0,50001.07407407407,50001.98332221481,50001.00033636058,50001.03846153846,50001.99159098553,50001.995777740245,50001.991658324994,50002.0,49999.85,50001.03846153846
org.apache.commons.math.analysis.solvers.BaseSecantSolver.solve(ILorg/apache/commons/math/analysis/UnivariateRealFunction;DDDLorg/apache/commons/math/analysis/solvers/AllowedSolution;)D 50001.98956931359,50001.0,50001.0625,50001.032258064515,52942.0,50001.989572822065,50002.0,50055.24020648928,50000.121212121216,50117.59986972634,50003.35961106177,50001.0,50001.0,50001.97914564413,52943.0,50001.03125,50001.032258064515,50001.515625,50095.903225806454,50001.00033288948,50001.1767766953,50001.1758523274,50001.0,50001.06060606061,50001.979360852194,50001.00033636058,50001.03125,50001.989572822065,50001.994759087065,50001.98967698968,50002.0,49999.79,50001.03125
org.apache.commons.math.analysis.solvers.UnivariateRealSolverUtils.verifyBracketing(Lorg/apache/commons/math/analysis/UnivariateRealFunction;DD)V 50001.988896366085,50001.0,50001.05882352941,50001.030303030304,52940.0,50001.98890010091,50002.0,50055.46099521676,50000.114285714284,50118.277103361914,50003.49899939944,50002.125,50055.46099521676,50001.9952909519,52967.0,50001.029411764706,50001.030303030304,50001.51470588235,50424.71428571428,50001.000332667994,50001.17149858514,50001.17054379859,50001.0,50001.05714285714,50001.99530201342,50001.00033636058,50001.029411764706,50001.99764547595,50001.9988213504,50001.989018302826,50002.0,49999.77,50001.029411764706
org.apache.commons.math.analysis.solvers.BaseAbstractUnivariateRealSolver.verifyBracketing(DD)V 50001.98687752355,50001.0,50001.05,50001.02564102564,52934.0,50001.98688193744,50002.0,50055.166410255806,50000.09756097561,50118.277103361914,50003.49899939944,50001.0,50001.0,50001.97376387488,52935.0,50001.025,50001.02564102564,50001.5125,50076.230769230766,50001.000332005315,50001.15811388301,50001.15707303425,50001.0,50001.04878048781,50001.97410358566,50001.00033636058,50001.025,50001.98688193744,50001.99339766379,50001.98704749253,50002.0,49999.71,50001.025
org.apache.commons.math.analysis.solvers.UnivariateRealSolverUtils.isBracketing(Lorg/apache/commons/math/analysis/UnivariateRealFunction;DD)Z 50001.98687752355,50001.0,50001.05,50001.02564102564,52934.0,50001.98688193744,50002.0,50055.166410255806,50000.09756097561,50118.277103361914,50003.49899939944,50001.0,50001.0,50001.97376387488,52935.0,50001.025,50001.02564102564,50001.5125,50076.230769230766,50001.000332005315,50001.15811388301,50001.15707303425,50001.0,50001.04878048781,50001.97410358566,50001.00033636058,50001.025,50001.98688193744,50001.99339766379,50001.98704749253,50002.0,49999.71,50001.025
org.apache.commons.math.analysis.solvers.BaseAbstractUnivariateRealSolver.solve(ILorg/apache/commons/math/analysis/UnivariateRealFunction;DD)D 50001.94784656797,50001.0,50001.01282051282,50001.006451612906,52818.0,50001.94786411033,50002.0,50054.08483775995,50000.02547770701,50124.4820049615,50004.52844152538,50001.0,50001.0,50001.895728220654,52819.0,50001.006410256414,50001.006451612906,50001.5032051282,50019.180645161294,50001.00031969309,50001.0800640769,50001.07794831325,50001.0,50001.012738853504,50001.900895140665,50001.00033636058,50001.006410256414,50001.94786411033,50001.97323432913,50001.95043172369,50002.0,49998.55,50001.006410256414
org.apache.commons.math.analysis.solvers.BaseAbstractUnivariateRealSolver.getRelativeAccuracy()D 50001.945154777924,50001.0,50001.01219512195,50001.00613496933,52810.0,50001.9451732257,50002.0,50054.009433122796,50000.024242424246,50124.799250698314,50004.57311423478,50001.0,50001.0,50001.89034645139,52811.0,50001.006097560974,50001.00613496933,50001.50304878049,50018.23926380368,50001.00031887755,50001.078086880945,50001.07591534028,50001.0,50001.01212121212,50001.896045918365,50001.00033636058,50001.006097560974,50001.9451732257,50001.9718139374,50001.948006379585,50002.0,49998.47,50001.006097560974
org.apache.commons.math.analysis.solvers.BaseAbstractUnivariateRealSolver.getAbsoluteAccuracy()D 50001.9431359354,50001.0,50001.01176470588,50001.00591715976,52804.0,50001.943155062225,50002.0,50053.95280917949,50000.023391812865,50125.03210536351,50004.60555127546,50001.0,50001.0,50001.88631012446,52805.0,50001.00588235294,50001.00591715976,50001.50294117647,50017.591715976334,50001.00031826862,50001.07669649889,50001.07448394756,50001.0,50001.01169590643,50001.892425206875,50001.00033636058,50001.00588235294,50001.943155062225,50001.97074606197,50001.94619547915,50002.0,49998.41,50001.00588235294
org.apache.commons.math.analysis.solvers.BaseAbstractUnivariateRealSolver.getFunctionValueAccuracy()D 50001.94279946164,50001.0,50001.01169590643,50001.00588235294,52803.0,50001.942818701646,50002.0,50053.943365967796,50000.023255813954,50125.070510173915,50004.610873136844,50001.0,50001.0,50001.8856374033,52804.0,50001.005847953216,50001.00588235294,50001.50292397661,50017.48823529412,50001.00031816735,50001.07647191129,50001.07425259015,50001.0,50001.01162790698,50001.89182309895,50001.00033636058,50001.005847953216,50001.942818701646,50001.970567867036,50001.94589433482,50002.0,49998.4,50001.005847953216
org.apache.commons.math.analysis.solvers.AbstractUnivariateRealSolver.<init>(D)V 50001.94044414536,50001.0,50001.011235955055,50001.00564971752,52796.0,50001.9404641776,50002.0,50053.87721626561,50000.022346368714,50125.336240059165,50004.64748333727,50001.0,50001.0,50001.8809283552,52797.0,50001.00561797753,50001.00564971752,50001.502808988764,50016.79661016949,50001.00031746032,50001.0749531689,50001.07268695946,50001.0,50001.01117318436,50001.88761904762,50001.00033636058,50001.00561797753,50001.9404641776,50001.96931877275,50001.9437916799,50002.0,49998.33,50001.00561797753
org.apache.commons.math.analysis.solvers.BaseAbstractUnivariateRealSolver.<init>(D)V 50001.93808882907,50001.0,50001.01081081081,50001.00543478261,52789.0,50001.93810965355,50002.0,50053.81098370604,50000.021505376346,50125.59676532976,50004.68302321011,50001.0,50001.0,50001.876219307094,52790.0,50001.005405405405,50001.00543478261,50001.5027027027,50016.157608695656,50001.000316756414,50001.07352146221,50001.071209201844,50001.0,50001.01075268817,50001.88343363953,50001.00033636058,50001.005405405405,50001.93810965355,50001.96806664352,50001.94169835235,50002.0,49998.26,50001.005405405405
org.apache.commons.math.analysis.solvers.BaseAbstractUnivariateRealSolver.getMax()D 50001.93808882907,50001.0,50001.01081081081,50001.00543478261,52789.0,50001.93810965355,50002.0,50053.81098370604,50000.021505376346,50125.59676532976,50004.68302321011,50001.0,50001.0,50001.876219307094,52790.0,50001.005405405405,50001.00543478261,50001.5027027027,50016.157608695656,50001.000316756414,50001.07352146221,50001.071209201844,50001.0,50001.01075268817,50001.88343363953,50001.00033636058,50001.005405405405,50001.93810965355,50001.96806664352,50001.94169835235,50002.0,49998.26,50001.005405405405
org.apache.commons.math.analysis.solvers.BaseAbstractUnivariateRealSolver.getMin()D 50001.93808882907,50001.0,50001.01081081081,50001.00543478261,52789.0,50001.93810965355,50002.0,50053.81098370604,50000.021505376346,50125.59676532976,50004.68302321011,50001.0,50001.0,50001.876219307094,52790.0,50001.005405405405,50001.00543478261,50001.5027027027,50016.157608695656,50001.000316756414,50001.07352146221,50001.071209201844,50001.0,50001.01075268817,50001.88343363953,50001.00033636058,50001.005405405405,50001.93810965355,50001.96806664352,50001.94169835235,50002.0,49998.26,50001.005405405405
org.apache.commons.math.analysis.solvers.BaseAbstractUnivariateRealSolver.computeObjectiveValue(D)D 50001.93775235532,50001.0,50001.01075268817,50001.005405405405,52788.0,50001.93777329297,50002.0,50053.80151512977,50000.021390374335,50125.63357587225,50004.68801715136,50001.0,50001.0,50001.87554658594,52789.0,50001.00537634409,50001.005405405405,50001.50268817204,50016.07027027027,50001.000316656115,50001.07332355751,50001.07100478385,50001.0,50001.010695187164,50001.88283723876,50001.00033636058,50001.00537634409,50001.93777329297,50001.96788751953,50001.94140006335,50002.0,49998.25,50001.00537634409
org.apache.commons.math.analysis.solvers.BaseAbstractUnivariateRealSolver.setup(ILorg/apache/commons/math/analysis/UnivariateRealFunction;DDD)V 50001.93741588156,50001.0,50001.010695187164,50001.00537634409,52787.0,50001.93743693239,50002.0,50053.79204485526,50000.02127659575,50125.6702870605,50004.69299088775,50001.0,50001.0,50001.874873864785,52788.0,50001.005347593586,50001.00537634409,50001.50267379679,50015.98387096774,50001.000316555874,50001.07312724241,50001.07080197139,50001.0,50001.01063829787,50001.88224121557,50001.00033636058,50001.005347593586,50001.93743693239,50001.96770833333,50001.94110196327,50002.0,49998.24,50001.005347593586
org.apache.commons.math.analysis.solvers.BaseAbstractUnivariateRealSolver.solve(ILorg/apache/commons/math/analysis/UnivariateRealFunction;DDD)D 50001.93741588156,50001.0,50001.010695187164,50001.00537634409,52787.0,50001.93743693239,50002.0,50053.79204485526,50000.02127659575,50125.6702870605,50004.69299088775,50001.0,50001.0,50001.874873864785,52788.0,50001.005347593586,50001.00537634409,50001.50267379679,50015.98387096774,50001.000316555874,50001.07312724241,50001.07080197139,50001.0,50001.01063829787,50001.88224121557,50001.00033636058,50001.005347593586,50001.93743693239,50001.96770833333,50001.94110196327,50002.0,49998.24,50001.005347593586
org.apache.commons.math.analysis.solvers.BaseAbstractUnivariateRealSolver.<init>(DDD)V 50001.935733512786,50001.0,50001.010416666664,50001.0052356021,52782.0,50001.935755129496,50002.0,50053.744667976964,50000.020725388604,50125.8523803246,50004.717563040635,50001.0,50001.0,50001.871510259,52783.0,50001.005208333336,50001.0052356021,50001.502604166664,50015.56544502618,50001.00031605562,50001.07216878365,50001.06981126017,50001.0,50001.0103626943,50001.87926675095,50001.00033636058,50001.005208333336,50001.935755129496,50001.966811468286,50001.93961429023,50002.0,49998.19,50001.005208333336
org.apache.commons.math.analysis.solvers.UnivariateRealSolverUtils.verifyInterval(DD)V 50001.93539703903,50001.0,50001.0103626943,50001.005208333336,52781.0,50001.93541876892,50002.0,50055.35071296681,50000.0206185567,50126.06777421113,50004.74642080493,50002.05,50055.35071296681,50001.98721829802,52955.0,50001.00518134715,50001.005208333336,50001.502590673575,50156.47368421053,50001.00031595577,50001.07198157508,50001.06961764706,50001.0,50001.010309278354,50001.98729946524,50001.00033636058,50001.00518134715,50001.99360914901,50001.996794331026,50001.93931731985,50002.0,49998.92,50001.00518134715
org.apache.commons.math.util.Incrementor.<init>()V 50001.87920592194,50001.0,50001.00555555556,50001.002785515324,52614.0,50001.87924655231,50002.0,50052.12729212466,50000.01108033241,50130.979400685006,50005.35284910392,50001.0,50001.0,50001.75849310461,52615.0,50001.00277777778,50001.002785515324,50001.501388888886,50008.28133704735,50001.000300120046,50001.05270462767,50001.049419011244,50001.0,50001.0055401662,50001.78451380552,50001.00033636058,50001.00277777778,50001.87924655231,50001.93574369071,50001.89222455719,50002.0,49996.51,50001.00277777778
org.apache.commons.math.exception.util.ArgUtils.flatten([Ljava/lang/Object;)[Ljava/lang/Object; 50001.85666218035,50001.0,50001.00468384075,50001.00234741784,52547.0,50001.85671039354,50002.0,50051.65570056766,50000.009345794395,50135.35591294289,50005.82947280553,50002.00245098039,50051.65570056766,50001.726202489066,52567.0,50001.00234192037,50001.00234741784,50001.50117096019,50007.30466830467,50001.000294204176,50001.04839339185,50001.04479101042,50001.0,50001.004672897194,50001.75917159763,50001.00033636058,50001.00234192037,50001.86310124453,50001.92652103268,50001.874632136554,50002.0,49995.84,50001.00234192037
org.apache.commons.math.exception.util.ExceptionContext.addMessage(Lorg/apache/commons/math/exception/util/Localizable;[Ljava/lang/Object;)V 50001.81729475101,50001.0,50001.00367647059,50001.00184162063,52430.0,50001.81735620585,50002.0,50050.29503017547,50000.00733944954,50135.33446575898,50005.82725184711,50001.0,50001.0,50001.6347124117,52431.0,50001.001838235294,50001.00184162063,50001.50091911765,50005.47513812155,50001.000284414105,50001.042874646286,50001.038760547686,50001.0,50001.00366972477,50001.69112627986,50001.00033636058,50001.001838235294,50001.81735620585,50001.89950027762,50001.845519203416,50002.0,49994.67,50001.001838235294
org.apache.commons.math.exception.util.ExceptionContext.<init>()V 50001.81695827725,50001.0,50001.00366972477,50001.001838235294,52429.0,50001.81701984527,50002.0,50050.28488612141,50000.007326007326,50135.35591294289,50005.82947280553,50001.0,50001.0,50001.63403969055,52430.0,50001.001834862385,50001.001838235294,50001.50091743119,50005.46507352941,50001.00028433324,50001.04283529369,50001.03871699902,50001.0,50001.00366300366,50001.69064543645,50001.00033636058,50001.001834862385,50001.81701984527,50001.89929655683,50001.84527872583,50002.0,49994.66,50001.001834862385
org.apache.commons.math.exception.MathIllegalStateException.<init>(Ljava/lang/Throwable;Lorg/apache/commons/math/exception/util/Localizable;[Ljava/lang/Object;)V 50001.991588156125,50001.0,50001.07692307692,50001.04,52948.0,50001.99159098553,50002.0,50055.29548784199,50000.148148148146,50117.03210536351,50003.2360679775,50001.0,50001.0,50001.983181971074,52949.0,50001.03846153846,50001.04,50001.519230769234,50118.92,50001.000333555705,50001.196116135136,50001.195289544026,50001.0,50001.07407407407,50001.98332221481,50001.00033636058,50001.03846153846,50001.99159098553,50001.995777740245,50001.991658324994,50002.0,49999.85,50001.03846153846
org.apache.commons.math.util.Incrementor.resetCount()V 5013.8849259757735,5013.0,5013.00583090379,5013.002923976608,7643.0,5013.884964682139,5014.0,5064.293274412928,5012.011627906977,5142.525347372419,5017.300376961257,5013.0,5013.0,5013.769929364278,7644.0,5013.002915451895,5013.002923976608,5013.501457725947,5020.69298245614,5013.000301659125,5013.053994924716,5013.050793297914,5013.0,5013.0058139534885,5013.793665158371,5013.000336360578,5013.002915451895,5013.884964682139,5013.938972162741,5013.896801448401,5014.0,5008.68,5013.002915451895
org.apache.commons.math.util.Incrementor.setMaximalCount(I)V 5013.882570659489,5013.0,5013.005714285714,5013.002865329513,7636.0,5013.88261015809,5014.0,5064.224993899463,5012.011396011396,5142.713647055782,5017.32221490584,5013.0,5013.0,5013.765220316179,7637.0,5013.0028571428575,5013.002865329513,5013.501428571429,5020.518624641833,5013.00030102348,5013.053452248382,5013.0502158386935,5013.0,5013.005698005698,5013.789885611078,5013.000336360578,5013.0028571428575,5013.88261015809,5013.937645167054,5013.894911171334,5014.0,5008.61,5013.0028571428575
org.apache.commons.math.util.FastMath.max(DD)D 5013.846904441453,5013.0,5013.004385964912,5013.002197802198,7530.0,5013.846955936764,5014.0,5067.506880299647,5012.00875273523,5147.270005440757,5017.820570513668,5014.333333333333,5067.506880299647,5013.998654557686,7984.0,5013.002192982456,5013.002197802198,5013.501096491228,6498.5,5013.000291715286,5013.046829290579,5013.043095783809,5013.0,5013.004376367615,5013.998655462185,5013.000336360578,5013.002192982456,5013.999327278843,5013.999663526245,5013.867230814123,5014.0,5012.0,5013.002192982456
org.apache.commons.math.util.MathUtils.checkNotNull(Ljava/lang/Object;)V 5013.803499327052,5013.0,5013.003418803419,5013.001712328767,7401.0,5013.803565422132,5014.0,5067.433445601027,5012.006825938566,5148.3014275625355,5017.926390382321,5014.090909090909,5067.433445601027,5013.993272788429,7976.0,5013.001709401709,5013.001712328767,5013.500854700855,5309.3,5013.000281135789,5013.041344911529,5013.037060803056,5013.0,5013.003412969283,5013.993295340261,5013.000336360578,5013.001709401709,5013.996636394215,5013.998315363881,5013.8357705286835,5014.0,5010.3,5013.001709401709
org.apache.commons.math.util.FastMath.abs(D)D 5013.61137281292,5013.0,5013.001730103806,5013.0008658008655,6830.0,5013.611503531786,5014.0,5055.638011210655,5012.003457216941,5158.017396299445,5018.829690466563,5013.0,5013.0,5013.223007063572,6831.0,5013.000865051903,5013.0008658008655,5013.5004325259515,5014.574025974026,5013.000242248062,5013.029411764706,5013.02299715668,5013.0,5013.00172860847,5013.440406976744,5013.000336360578,5013.000865051903,5013.611503531786,5013.758922980589,5013.720135691786,5014.0,5000.55,5013.000865051903
