org.apache.commons.math.util.MultidimensionalCounter.getDimension()I 500001.9995793016,500001.0,500002.0,500002.0,502377.0,500001.9995794786,500002.0,500049.754486973,500001.3333333333,500101.508973946,500002.0,500001.0,500001.0,500001.9991589571,502378.0,500001.5,500002.0,500001.75,502378.0,500001.0004203447,500001.7071067812,500001.7069580262,500001.0,500001.6666666667,500001.99915931065,500001.0004205214,500001.5,500001.9995794786,500001.9997896951,500001.9995794786,500002.0,500001.0,500001.5
org.apache.commons.math.util.MultidimensionalCounter$Iterator.hasNext()Z 50005.0,50004.0,50006.0,1050004.0,52381.0,50005.0,50005.0,50052.764741360945,50005.0,50103.508973945995,50004.0,50004.0,50004.0,50005.0,52382.0,50005.0,1050004.0,50005.0,50004.0,50004.00042052145,50005.0,50005.0,50004.0,50005.0,50005.0,50004.00042052145,50005.0,50005.0,50005.0,50005.0,50005.0,50005.0,50005.0
org.apache.commons.math.util.MultidimensionalCounter$Iterator.next()Ljava/lang/Integer; 50007.0,50006.0,50008.0,1050006.0,52383.0,50007.0,50007.0,50054.764741360945,50007.0,50105.508973945995,50006.0,50006.0,50006.0,50007.0,52384.0,50007.0,1050006.0,50007.0,50006.0,50006.00042052145,50007.0,50007.0,50006.0,50007.0,50007.0,50006.00042052145,50007.0,50007.0,50007.0,50007.0,50007.0,50007.0,50007.0
org.apache.commons.math.util.MultidimensionalCounter.getCounts(I)[I 50011.0,50010.0,50012.0,1050010.0,52387.0,50011.0,50011.0,50058.764741360945,50011.0,50110.508973945995,50011.0,50011.333333333336,50058.744230427816,50011.0,52388.0,50011.0,1050010.0,50011.0,52387.0,50010.00042052145,50011.0,50011.0,50010.0,50011.0,50011.0,50010.00042052145,50011.0,50011.0,50011.0,50011.0,50011.0,50011.0,50011.0
org.apache.commons.math.util.MultidimensionalCounter.getSize()I 50004.0,50003.0,50005.0,1050003.0,52380.0,50004.0,50004.0,50051.764741360945,50004.0,50102.508973945995,50003.0,50003.0,50003.0,50004.0,52381.0,50004.0,1050003.0,50004.0,50003.0,50003.00042052145,50004.0,50004.0,50003.0,50004.0,50004.0,50003.00042052145,50004.0,50004.0,50004.0,50004.0,50004.0,50004.0,50004.0
org.apache.commons.math.util.MultidimensionalCounter$Iterator.<init>(Lorg/apache/commons/math/util/MultidimensionalCounter;)V 50001.99957930164,50001.0,50002.0,50002.0,52377.0,50001.99957947855,50002.0,50049.754486973,50001.333333333336,50101.508973945995,50002.0,50001.0,50001.0,50001.99915895711,52378.0,50001.5,50002.0,50001.75,52378.0,50001.00042034468,50001.707106781185,50001.70695802621,50001.0,50001.666666666664,50001.99915931063,50001.00042052145,50001.5,50001.99957947855,50001.99978969506,50001.99957947855,50002.0,50001.0,50001.5
org.apache.commons.math.util.MultidimensionalCounter$Iterator.getCount(I)I 50001.99957930164,50001.0,50002.0,50002.0,52377.0,50001.99957947855,50002.0,50049.754486973,50001.333333333336,50101.508973945995,50002.0,50001.0,50001.0,50001.99915895711,52378.0,50001.5,50002.0,50001.75,52378.0,50001.00042034468,50001.707106781185,50001.70695802621,50001.0,50001.666666666664,50001.99915931063,50001.00042052145,50001.5,50001.99957947855,50001.99978969506,50001.99957947855,50002.0,50001.0,50001.5
org.apache.commons.math.util.MultidimensionalCounter.getCount([I)I 50003.99957930164,50003.0,50004.0,50004.0,52379.0,50003.99957947855,50004.0,50051.754486973,50003.333333333336,50103.923187508364,50004.189207115,50004.333333333336,50051.744230427816,50003.99915895711,52380.0,50003.5,50004.0,50003.75,52380.0,50003.00042034468,50003.707106781185,50003.70695802621,50003.0,50003.666666666664,50003.99915931063,50003.00042052145,50003.5,50003.99957947855,50003.99978969506,50003.99957947855,50004.0,50003.0,50003.5
org.apache.commons.math.util.MultidimensionalCounter.<init>([I)V 50001.99831720656,50001.0,50001.4,50001.25,52374.0,50001.998317914215,50002.0,50049.744230427816,50000.666666666664,50102.508973945995,50002.41421356237,50002.333333333336,50049.744230427816,50001.998317914215,52377.0,50001.2,50001.25,50001.6,51189.0,50001.00041981528,50001.4472135955,50001.44683715301,50001.0,50001.333333333336,50001.99831932773,50001.00042052145,50001.2,50001.99915895711,50001.99957930164,50001.9983200336,50002.0,50000.0,50001.2
org.apache.commons.math.util.MathUtils.copyOf([I)[I 50001.997896508205,50001.0,50001.333333333336,50001.2,52373.0,50001.997897392765,50002.0,50049.713447835275,50000.57142857143,50102.74504192349,50002.49534878122,50001.0,50001.0,50001.99579478554,52374.0,50001.166666666664,50001.2,50001.583333333336,50475.6,50001.00041963911,50001.40824829046,50001.40781869097,50001.0,50001.28571428572,50001.995803608894,50001.00042052145,50001.166666666664,50001.997897392765,50001.99894758998,50001.99790092359,50002.0,49999.7,50001.166666666664
org.apache.commons.math.util.FastMath.min(II)I 50001.85401766933,50001.0,50001.00574712644,50001.00288184438,52031.0,50001.85407905803,50002.0,50046.06661735698,50000.01146131805,50119.136909956185,50005.31600926901,50001.0,50001.0,50001.70815811607,52032.0,50001.002873563215,50001.00288184438,50001.50143678161,50006.8530259366,50001.000366972476,50001.053605626745,50001.04953860881,50001.0,50001.005730659024,50001.74532110092,50001.00042052145,50001.002873563215,50001.85407905803,50001.921297346336,50001.87261380323,50002.0,49996.63,50001.002873563215
org.apache.commons.math.util.MultidimensionalCounter.access$000(Lorg/apache/commons/math/util/MultidimensionalCounter;)I 50001.99957930164,50001.0,50002.0,50002.0,52377.0,50001.99957947855,50002.0,50049.754486973,50001.333333333336,50101.508973945995,50002.0,50001.0,50001.0,50001.99915895711,52378.0,50001.5,50002.0,50001.75,52378.0,50001.00042034468,50001.707106781185,50001.70695802621,50001.0,50001.666666666664,50001.99915931063,50001.00042052145,50001.5,50001.99957947855,50001.99978969506,50001.99957947855,50002.0,50001.0,50001.5
org.apache.commons.math.util.MultidimensionalCounter.access$100(Lorg/apache/commons/math/util/MultidimensionalCounter;)I 50001.99957930164,50001.0,50002.0,50002.0,52377.0,50001.99957947855,50002.0,50049.754486973,50001.333333333336,50101.508973945995,50002.0,50001.0,50001.0,50001.99915895711,52378.0,50001.5,50002.0,50001.75,52378.0,50001.00042034468,50001.707106781185,50001.70695802621,50001.0,50001.666666666664,50001.99915931063,50001.00042052145,50001.5,50001.99957947855,50001.99978969506,50001.99957947855,50002.0,50001.0,50001.5
org.apache.commons.math.util.MultidimensionalCounter.access$200(Lorg/apache/commons/math/util/MultidimensionalCounter;)[I 50002.0,50001.0,50003.0,1050001.0,52378.0,50002.0,50002.0,50049.764741360945,50002.0,50100.508973945995,50001.0,50001.0,50001.0,50002.0,52379.0,50002.0,1050001.0,50002.0,50001.0,50001.00042052145,50002.0,50002.0,50001.0,50002.0,50002.0,50001.00042052145,50002.0,50002.0,50002.0,50002.0,50002.0,50002.0,50002.0
org.apache.commons.math.util.MultidimensionalCounter.iterator()Lorg/apache/commons/math/util/MultidimensionalCounter$Iterator; 5013.999579301641,5013.0,5014.0,5014.0,7389.0,5013.999579478554,5014.0,5061.754486972995,5013.333333333333,5113.508973945991,5014.0,5013.0,5013.0,5013.999158957106,7390.0,5013.5,5014.0,5013.75,7390.0,5013.000420344682,5013.707106781187,5013.706958026209,5013.0,5013.666666666667,5013.999159310635,5013.000420521446,5013.5,5013.999579478554,5013.999789695058,5013.999579478554,5014.0,5013.0,5013.5
org.apache.commons.math.util.MathUtils.copyOf([II)[I 5013.991165334455,5013.0,5013.090909090909,5013.047619047619,7369.0,5013.991169049622,5014.0,5061.548944375753,5012.173913043478,5117.091549640947,5015.140695142928,5013.0,5013.0,5013.982338099243,7370.0,5013.045454545455,5013.047619047619,5013.522727272727,5125.238095238095,5013.00041684035,5013.2132007163555,5013.21225684853,5013.0,5013.086956521739,5013.982492705294,5013.000420521446,5013.045454545455,5013.991169049622,5013.995564941922,5013.991242702252,5014.0,5011.89,5013.045454545455
