org.apache.commons.math3.distribution.DiscreteDistribution.sample(I)[Ljava/lang/Object; 5000008.0,5000007.0,5000009.0,6000007.0,5004824.0,5000008.0,5000008.0,5000076.411814556,5000008.0,5000147.8092215955,5000007.0,5000007.0,5000007.0,5000008.0,5004825.0,5000008.0,6000007.0,5000008.0,5000007.0,5000007.000207555,5000008.0,5000008.0,5000007.0,5000008.0,5000008.0,5000007.000207555,5000008.0,5000008.0,5000008.0,5000008.0,5000008.0,5000008.0,5000008.0
org.apache.commons.math3.distribution.DiscreteDistribution.sample()Ljava/lang/Object; 500003.9995848038,500003.0,500003.6666666667,500003.5,504818.0,500003.99958488997,500004.0,500072.39740629157,500003.0,500145.2234351581,500004.189207115,500003.0,500003.0,500003.99916978,504819.0,500003.3333333333,500003.5,500003.6666666667,502411.0,500003.00020746887,500003.5773502692,500003.57723039994,500003.0,500003.5,500003.9991701245,500003.000207555,500003.3333333333,500003.99958488997,500003.9997924019,500003.9995849761,500004.0,500002.0,500003.3333333333
org.apache.commons.math3.distribution.DiscreteDistribution.<init>(Lorg/apache/commons/math3/random/RandomGenerator;Ljava/util/List;)V 500001.9956404401,500001.0,500001.0909090909,500001.04761904763,504797.0,500001.995641345,500002.0,500070.39020103734,500000.17391304346,500146.39179729065,500003.1406951429,500002.25,500070.39020103734,500001.99875466997,504816.0,500001.04545454547,500001.04761904763,500001.5227272727,501606.0,500001.00020665425,500001.21320071636,500001.2127354781,500001.0,500001.0869565217,500001.99875544495,500001.000207555,500001.04545454547,500001.999377335,500001.99968857056,500001.9956593634,500002.0,499999.89,500001.04545454547
org.apache.commons.math3.util.MathArrays.normalizeArray([DD)[D 500001.9952252439,500001.0,500001.0833333333,500001.04347826086,504795.0,500001.99522623495,500002.0,500070.39740629157,500000.16,500146.605053119,500003.1899387031,500002.3333333333,500070.39740629157,500001.99916978,504817.0,500001.0416666667,500001.04347826086,500001.5208333333,502409.0,500001.0002065689,500001.2041241452,500001.2036362406,500001.0,500001.08,500001.9991701245,500001.000207555,500001.0416666667,500001.99958488997,500001.9997924019,500001.9952479339,500002.0,500000.0,500001.0416666667
org.apache.commons.math3.util.Pair.getKey()Ljava/lang/Object; 500001.92360390286,500001.0,500001.0054200542,500001.0027173913,504450.0,500001.9236197592,500002.0,500067.70832032064,500000.01081081084,500160.99254768895,500005.3798774062,500001.0,500001.0,500001.8472395185,504451.0,500001.0027100271,500001.0027173913,500001.5013550136,500013.0923913043,500001.00019282685,500001.0520579206,500001.05002990714,500001.0,500001.0054054054,500001.8580794447,500001.000207555,500001.0027100271,500001.9236197592,500001.96029348293,500001.92902603664,500002.0,499996.42,500001.0027100271
org.apache.commons.math3.distribution.DiscreteDistribution.<init>(Ljava/util/List;)V 50002.0,50001.0,50003.0,1050001.0,54818.0,50002.0,50002.0,50070.41181455631,50002.0,50141.809221595686,50001.0,50001.0,50001.0,50002.0,54819.0,50002.0,1050001.0,50002.0,50001.0,50001.000207555,50002.0,50002.0,50001.0,50002.0,50002.0,50001.000207555,50002.0,50002.0,50002.0,50002.0,50002.0,50002.0,50002.0
org.apache.commons.math3.distribution.DiscreteRealDistribution.<init>(Lorg/apache/commons/math3/random/RandomGenerator;[D[D)V 50001.99750882292,50001.0,50001.153846153844,50001.083333333336,54806.0,50001.99750933998,50002.0,50070.39740629159,50000.28571428572,50145.27332321082,50002.861209718205,50002.333333333336,50070.39740629159,50001.99916977999,54817.0,50001.07692307692,50001.083333333336,50001.53846153846,52409.0,50001.00020703934,50001.27735009811,50001.27700441859,50001.0,50001.142857142855,50001.99917012448,50001.000207555,50001.07692307692,50001.99958488999,50001.99979240191,50001.99751501346,50002.0,50000.0,50001.07692307692
org.apache.commons.math3.distribution.DiscreteRealDistribution.<init>([D[D)V 50001.99750882292,50001.0,50001.153846153844,50001.083333333336,54806.0,50001.99750933998,50002.0,50070.32532004975,50000.28571428572,50145.27332321082,50002.861209718205,50001.0,50001.0,50001.99501867995,54807.0,50001.07692307692,50001.083333333336,50001.53846153846,50401.5,50001.00020703934,50001.27735009811,50001.27700441859,50001.0,50001.142857142855,50001.9950310559,50001.000207555,50001.07692307692,50001.99750933998,50001.99875311721,50001.99751501346,50002.0,49999.98,50001.07692307692
org.apache.commons.math3.random.Well19937c.next(I)I 50002.96719950176,50002.0,50002.012578616355,50002.00632911392,54661.0,50002.96720630967,50003.0,50070.264192663504,50001.025,50155.37902668566,50005.54539209256,50002.0,50002.0,50002.93441261935,54662.0,50002.00628930818,50002.00632911392,50002.50314465409,50031.49367088608,50002.00020096463,50002.07930515857,50002.07799369035,50002.0,50002.0125,50002.93649517685,50002.000207555,50002.00628930818,50002.96720630967,50002.983329816416,50002.96824120603,50003.0,49999.52,50002.00628930818
org.apache.commons.math3.util.Pair.getValue()Ljava/lang/Object; 50001.94270292713,50001.0,50001.007220216605,50001.00362318841,54542.0,50001.94271481943,50002.0,50068.394361781975,50000.01438848921,50158.42246932152,50005.07593519647,50001.0,50001.0,50001.88542963885,54543.0,50001.0036101083,50001.00362318841,50001.501805054155,50017.45652173913,50001.00019630938,50001.06008417681,50001.05833746365,50001.0,50001.0071942446,50001.89163722026,50001.000207555,50001.0036101083,50001.94271481943,50001.97051282051,50001.94580797172,50002.0,49997.34,50001.0036101083
org.apache.commons.math3.random.BitsStreamGenerator.nextDouble()D 50001.89287938551,50001.0,50001.003868471955,50001.001937984496,54302.0,50001.89290161893,50002.0,50066.589633327225,50000.00772200772,50164.52485497889,50005.76609204519,50001.0,50001.0,50001.78580323786,54303.0,50001.001934235974,50001.001937984496,50001.50096711799,50009.33720930233,50001.000187476566,50001.04397994971,50001.04155766392,50001.0,50001.00386100386,50001.806524184474,50001.000207555,50001.001934235974,50001.89290161893,50001.94342105263,50001.903243952744,50002.0,49994.94,50001.001934235974
org.apache.commons.math3.distribution.AbstractRealDistribution.<init>(Lorg/apache/commons/math3/random/RandomGenerator;)V 50001.864023250986,50001.0,50001.00304878049,50001.001526717555,54163.0,50001.86405147364,50002.0,50065.521314307756,50000.00608828006,50167.40218937983,50006.05894927669,50001.0,50001.0,50001.72810294728,54164.0,50001.001524390245,50001.001526717555,50001.50076219512,50007.35572519084,50001.00018271515,50001.03904344047,50001.03629199105,50001.0,50001.00304414003,50001.760643157315,50001.000207555,50001.001524390245,50001.86405147364,50001.92706825521,50001.880299707605,50002.0,49993.55,50001.001524390245
org.apache.commons.math3.random.AbstractWell.<init>(IIII)V 50001.854473738844,50001.0,50001.00284900285,50001.00142653353,54117.0,50001.85450394355,50002.0,50065.16385275215,50000.00568990043,50168.28562618543,50006.14552277128,50001.0,50001.0,50001.70900788709,54118.0,50001.001424501424,50001.00142653353,50001.500712250716,50006.8730385164,50001.00018119225,50001.0377425678,50001.03488837999,50001.0,50001.00284495021,50001.74596847255,50001.000207555,50001.001424501424,50001.85450394355,50001.92154448797,50001.872961217836,50002.0,49993.09,50001.001424501424
org.apache.commons.math3.random.AbstractWell.setSeed([I)V 50001.854473738844,50001.0,50001.00284900285,50001.00142653353,54117.0,50001.85450394355,50002.0,50065.16385275215,50000.00568990043,50174.64213191445,50006.73000090042,50001.0,50001.0,50001.70900788709,54118.0,50001.001424501424,50001.00142653353,50001.500712250716,50006.8730385164,50001.00018119225,50001.0377425678,50001.03488837999,50001.0,50001.00284495021,50001.74596847255,50001.000207555,50001.001424501424,50001.85450394355,50001.92154448797,50001.872961217836,50002.0,49993.09,50001.001424501424
org.apache.commons.math3.random.Well19937c.<init>()V 50001.854473738844,50001.0,50001.00284900285,50001.00142653353,54117.0,50001.85450394355,50002.0,50065.16385275215,50000.00568990043,50168.28562618543,50006.14552277128,50001.0,50001.0,50001.70900788709,54118.0,50001.001424501424,50001.00142653353,50001.500712250716,50006.8730385164,50001.00018119225,50001.0377425678,50001.03488837999,50001.0,50001.00284495021,50001.74596847255,50001.000207555,50001.001424501424,50001.85450394355,50001.92154448797,50001.872961217836,50002.0,49993.09,50001.001424501424
org.apache.commons.math3.random.AbstractWell.setSeed(J)V 50001.78762715383,50001.0,50001.001953125,50001.000977517106,53795.0,50001.78767123288,50002.0,50062.603571325046,50000.00390243903,50173.793592779126,50006.65547267551,50001.0,50001.0,50001.57534246575,53796.0,50001.0009765625,50001.000977517106,50001.50048828125,50004.709677419356,50001.00017120356,50001.03125,50001.02773386274,50001.0,50001.001951219514,50001.64971751413,50001.000207555,50001.0009765625,50001.78767123288,50001.88122605364,50001.82482876712,50002.0,49989.87,50001.0009765625
org.apache.commons.math3.random.RandomDataGenerator.<init>()V 50001.78638156529,50001.0,50001.00194174757,50001.000971817295,53789.0,50001.786425902865,50002.0,50062.55485358605,50000.00387972842,50173.88725146038,50006.663746980994,50001.0,50001.0,50001.57285180573,53790.0,50001.000970873785,50001.000971817295,50001.500485436896,50004.68221574344,50001.00017102788,50001.03115884764,50001.02763109205,50001.0,50001.00193986421,50001.64802462801,50001.000207555,50001.000970873785,50001.786425902865,50001.88044614848,50001.82398221006,50002.0,49989.81,50001.000970873785
org.apache.commons.math3.random.RandomDataImpl.<init>()V 50001.78638156529,50001.0,50001.00194174757,50001.000971817295,53789.0,50001.786425902865,50002.0,50062.55485358605,50000.00387972842,50173.88725146038,50006.663746980994,50001.0,50001.0,50001.57285180573,53790.0,50001.000970873785,50001.000971817295,50001.500485436896,50004.68221574344,50001.00017102788,50001.03115884764,50001.02763109205,50001.0,50001.00193986421,50001.64802462801,50001.000207555,50001.000970873785,50001.786425902865,50001.88044614848,50001.82398221006,50002.0,49989.81,50001.000970873785
org.apache.commons.math3.random.RandomDataGenerator.<init>(Lorg/apache/commons/math3/random/RandomGenerator;)V 50001.78513597675,50001.0,50001.00193050193,50001.00096618357,53783.0,50001.78518057285,50002.0,50065.86909896091,50000.003857280615,50173.980637479974,50006.67198518019,50002.00163666121,50065.86909896091,50001.74678289747,54209.0,50001.00096525097,50001.00096618357,50001.50048262548,50007.89836065574,50001.00017085255,50001.0310684883,50001.027529134735,50001.0,50001.00192864031,50001.77523949889,50001.000207555,50001.00096525097,50001.87339144873,50001.932417460666,50001.82313738893,50002.0,49993.01,50001.00096525097
org.apache.commons.math3.random.AbstractWell.<init>(IIII[I)V 50001.776209258875,50001.0,50001.001853568116,50001.000927643785,53740.0,50001.776255707766,50002.0,50062.155539405685,50000.003703703704,50174.64213191445,50006.73000090042,50001.0,50001.0,50001.552511415524,53741.0,50001.00092678406,50001.000927643785,50001.50046339203,50004.4693877551,50001.000169606516,50001.03044312828,50001.026821229796,50001.0,50001.001851851855,50001.63432835821,50001.000207555,50001.00092678406,50001.776255707766,50001.87403598972,50001.8171331637,50002.0,49989.32,50001.00092678406
org.apache.commons.math3.random.BitsStreamGenerator.<init>()V 50001.756072244134,50001.0,50001.001700680274,50001.00085106383,53643.0,50001.75612287256,50002.0,50061.357269653294,50000.00339847069,50176.08749459769,50006.85476498264,50001.0,50001.0,50001.51224574512,53644.0,50001.00085034013,50001.00085106383,50001.50042517007,50004.10042553191,50001.00016686134,50001.029160592174,50001.02535583907,50001.0,50001.00169923534,50001.60787585517,50001.000207555,50001.00085034013,50001.75612287256,50001.861127526296,50001.80390520694,50002.0,49988.35,50001.00085034013
org.apache.commons.math3.util.Pair.<init>(Ljava/lang/Object;Ljava/lang/Object;)V 5013.892671787419,5013.0,5013.003861003861,5013.0019342359765,9313.0,5013.892694063927,5014.0,5078.5820097282785,5012.007707129094,5176.546855597489,5017.768399522041,5013.0,5013.0,5013.785388127854,9314.0,5013.0019305019305,5013.0019342359765,5013.500965250965,5021.31914893617,5013.000187441425,5013.043937477516,5013.041512704187,5013.0,5013.003853564547,5013.80618556701,5013.000207555002,5013.0019305019305,5013.892694063927,5013.943305186972,5013.903074615673,5014.0,5006.93,5013.0019305019305
org.apache.commons.math3.random.BitsStreamGenerator.clear()V 5013.756072244136,5013.0,5013.001700680272,5013.00085106383,8655.0,5013.756122872561,5014.0,5073.35726965329,5012.003398470688,5188.08749459769,5018.854764982645,5013.0,5013.0,5013.5122457451225,8656.0,5013.000850340136,5013.00085106383,5013.500425170068,5016.100425531915,5013.000166861339,5013.029160592176,5013.0253558390705,5013.0,5013.001699235344,5013.607875855164,5013.000207555002,5013.000850340136,5013.756122872561,5013.861127526297,5013.8039052069425,5014.0,5000.35,5013.000850340136
