org.apache.commons.math.optimization.linear.SimplexTableau.getSolution()Lorg/apache/commons/math/optimization/RealPointValuePair; 500001.9985380117,500001.0,500001.5,500001.3333333333,502050.0,500001.9985387238,500002.0,500046.2769256907,500000.8,500096.7602908834,500002.77827941003,500001.0,500001.0,500001.99707744765,502051.0,500001.25,500001.3333333333,500001.625,500684.3333333333,500001.00048638135,500001.5,500001.4996343692,500001.0,500001.4,500001.99708171206,500001.00048709207,500001.25,500001.9985387238,500001.99926882767,500001.998540146,500002.0,499999.9,500001.25
org.apache.commons.math.optimization.linear.SimplexTableau.getBasicRow(IZ)Ljava/lang/Integer; 500001.9956140351,500001.0,500001.2,500001.1111111111,502044.0,500001.99561617145,500002.0,500046.21061822184,500000.36363636365,500097.47099656943,500002.9679896713,500001.0,500001.0,500001.9912323429,502045.0,500001.1,500001.1111111111,500001.55,500228.1111111111,500001.00048496603,500001.31622776604,500001.315533522,500001.0,500001.1818181818,500001.99127061106,500001.00048709207,500001.1,500001.99561617145,500001.9978032707,500001.99563318776,500002.0,499999.96,500001.1
org.apache.commons.math.optimization.linear.SimplexTableau.discardArtificialVariables()V 500001.9951267057,500001.0,500001.1818181818,500001.1,502043.0,500001.9951290794,500002.0,500046.2769256907,500000.3333333333,500097.0621148384,500002.8612097182,500002.25,500046.2769256907,500001.99707744765,502051.0,500001.0909090909,500001.1,500001.54545454547,500684.3333333333,500001.000484731,500001.30151134456,500001.30077577056,500001.0,500001.1666666667,500001.99708171206,500001.00048709207,500001.0909090909,500001.9985387238,500001.99926882767,500001.9951503395,500002.0,499999.98,500001.0909090909
org.apache.commons.math.optimization.linear.SimplexTableau.divideRow(ID)V 500001.9941520468,500001.0,500001.1538461539,500001.0833333333,502041.0,500001.99415489525,500002.0,500046.1774279923,500000.28571428574,500097.0621148384,500002.8612097182,500001.0,500001.0,500001.98830979055,502042.0,500001.07692307694,500001.0833333333,500001.53846153844,500171.0833333333,500001.0004842615,500001.2773500981,500001.2765379438,500001.0,500001.14285714284,500001.98837772396,500001.00048709207,500001.07692307694,500001.99415489525,500001.9970688813,500001.99418604653,500002.0,499999.98,500001.07692307694
org.apache.commons.math.optimization.linear.SimplexTableau.getNumObjectiveFunctions()I 500001.99220272904,500001.0,500001.1176470588,500001.0625,502037.0,500001.99220652704,500002.0,500046.1331363856,500000.22222222225,500097.59801322327,500003.0,500001.0,500001.0,500001.9844130541,502038.0,500001.0588235294,500001.0625,500001.5294117647,500128.3125,500001.0004833253,500001.24253562506,500001.2415882166,500001.0,500001.1111111111,500001.9845335911,500001.00048709207,500001.0588235294,500001.99220652704,500001.9960880196,500001.9922630561,500002.0,499999.94,500001.0588235294
org.apache.commons.math.optimization.linear.SimplexSolver.doOptimize()Lorg/apache/commons/math/optimization/RealPointValuePair; 50001.99658869395,50001.0,50001.25,50001.142857142855,52046.0,50001.99659035558,50002.0,50046.2327315116,50000.444444444445,50097.06211483839,50002.861209718205,50001.0,50001.0,50001.99318071116,52047.0,50001.125,50001.142857142855,50001.5625,50293.28571428572,50001.000485436896,50001.353553390596,50001.352949836015,50001.0,50001.22222222222,50001.993203883496,50001.00048709206,50001.125,50001.99659035558,50001.998292266406,50001.9966002914,50002.0,49999.99,50001.125
org.apache.commons.math.optimization.linear.SimplexSolver.isOptimal(Lorg/apache/commons/math/optimization/linear/SimplexTableau;)Z 50003.99658869395,50003.0,50003.25,50003.142857142855,52048.0,50003.99659035558,50004.0,50048.2327315116,50002.444444444445,50098.9146380136,50004.82116028684,50003.0,50003.0,50003.99318071116,52049.0,50003.125,50003.142857142855,50003.5625,50295.28571428572,50003.000485436896,50003.353553390596,50003.352949836015,50003.0,50003.22222222222,50003.993203883496,50003.00048709206,50003.125,50003.99659035558,50003.998292266406,50003.9966002914,50004.0,50001.99,50003.125
org.apache.commons.math.optimization.linear.SimplexSolver.solvePhase1(Lorg/apache/commons/math/optimization/linear/SimplexTableau;)V 50001.995614035084,50001.0,50001.2,50001.11111111111,52044.0,50001.99561617146,50002.0,50046.28796749689,50000.36363636364,50097.06211483839,50002.861209718205,50002.333333333336,50046.28796749689,50001.99805163176,52052.0,50001.1,50001.11111111111,50001.55,51026.5,50001.000484966055,50001.316227766016,50001.31553352201,50001.0,50001.181818181816,50001.99805352798,50001.00048709206,50001.1,50001.99902581588,50001.99951267056,50001.99563318778,50002.0,50000.0,50001.1
org.apache.commons.math.optimization.linear.LinearObjectiveFunction.getValue([D)D 50001.99512670565,50001.0,50001.181818181816,50001.1,52043.0,50001.9951290794,50002.0,50046.19955751996,50000.333333333336,50096.760290883416,50002.77827941004,50001.0,50001.0,50001.99025815879,52044.0,50001.09090909091,50001.1,50001.545454545456,50205.3,50001.000484730976,50001.30151134458,50001.30077577055,50001.0,50001.166666666664,50001.99030538052,50001.00048709206,50001.09090909091,50001.9951290794,50001.99755859375,50001.99515033948,50002.0,49999.2,50001.09090909091
org.apache.commons.math.optimization.linear.SimplexSolver.isPhase1Solved(Lorg/apache/commons/math/optimization/linear/SimplexTableau;)Z 50004.99512670565,50004.0,50004.181818181816,50004.1,52046.0,50004.9951290794,50005.0,50049.19955751996,50003.333333333336,50099.760290883416,50005.77827941004,50004.0,50004.0,50004.99025815879,52047.0,50004.09090909091,50004.1,50004.545454545456,50208.3,50004.000484730976,50004.30151134458,50004.30077577055,50004.0,50004.166666666664,50004.99030538052,50004.00048709206,50004.09090909091,50004.9951290794,50004.99755859375,50004.99515033948,50005.0,50002.2,50004.09090909091
org.apache.commons.math.optimization.linear.SimplexTableau.getNegativeDecisionVariableOffset()I 50001.99512670565,50001.0,50001.181818181816,50001.1,52043.0,50001.9951290794,50002.0,50046.19955751996,50000.333333333336,50096.760290883416,50002.77827941004,50001.0,50001.0,50001.99025815879,52044.0,50001.09090909091,50001.1,50001.545454545456,50205.3,50001.000484730976,50001.30151134458,50001.30077577055,50001.0,50001.166666666664,50001.99030538052,50001.00048709206,50001.09090909091,50001.9951290794,50001.99755859375,50001.99515033948,50002.0,49999.2,50001.09090909091
org.apache.commons.math.optimization.linear.SimplexTableau.getOriginalNumDecisionVariables()I 50001.99512670565,50001.0,50001.181818181816,50001.1,52043.0,50001.9951290794,50002.0,50046.19955751996,50000.333333333336,50096.760290883416,50002.77827941004,50001.0,50001.0,50001.99025815879,52044.0,50001.09090909091,50001.1,50001.545454545456,50205.3,50001.000484730976,50001.30151134458,50001.30077577055,50001.0,50001.166666666664,50001.99030538052,50001.00048709206,50001.09090909091,50001.9951290794,50001.99755859375,50001.99515033948,50002.0,49999.2,50001.09090909091
org.apache.commons.math.optimization.linear.AbstractLinearOptimizer.<init>()V 50001.994152046784,50001.0,50001.153846153844,50001.083333333336,52041.0,50001.99415489528,50002.0,50046.177427992305,50000.28571428572,50097.06211483839,50002.861209718205,50001.0,50001.0,50001.98830979055,52042.0,50001.07692307692,50001.083333333336,50001.53846153846,50171.083333333336,50001.0004842615,50001.27735009811,50001.27653794381,50001.0,50001.142857142855,50001.988377723974,50001.00048709206,50001.07692307692,50001.99415489528,50001.99706888129,50001.99418604651,50002.0,49999.98,50001.07692307692
org.apache.commons.math.optimization.linear.AbstractLinearOptimizer.incrementIterationsCounter()V 50001.994152046784,50001.0,50001.153846153844,50001.083333333336,52041.0,50001.99415489528,50002.0,50046.177427992305,50000.28571428572,50097.06211483839,50002.861209718205,50001.0,50001.0,50001.98830979055,52042.0,50001.07692307692,50001.083333333336,50001.53846153846,50171.083333333336,50001.0004842615,50001.27735009811,50001.27653794381,50001.0,50001.142857142855,50001.988377723974,50001.00048709206,50001.07692307692,50001.99415489528,50001.99706888129,50001.99418604651,50002.0,49999.98,50001.07692307692
org.apache.commons.math.optimization.linear.AbstractLinearOptimizer.optimize(Lorg/apache/commons/math/optimization/linear/LinearObjectiveFunction;Ljava/util/Collection;Lorg/apache/commons/math/optimization/GoalType;Z)Lorg/apache/commons/math/optimization/RealPointValuePair; 50001.994152046784,50001.0,50001.153846153844,50001.083333333336,52041.0,50001.99415489528,50002.0,50046.177427992305,50000.28571428572,50097.06211483839,50002.861209718205,50001.0,50001.0,50001.98830979055,52042.0,50001.07692307692,50001.083333333336,50001.53846153846,50171.083333333336,50001.0004842615,50001.27735009811,50001.27653794381,50001.0,50001.142857142855,50001.988377723974,50001.00048709206,50001.07692307692,50001.99415489528,50001.99706888129,50001.99418604651,50002.0,49999.98,50001.07692307692
org.apache.commons.math.optimization.linear.AbstractLinearOptimizer.setMaxIterations(I)V 50001.994152046784,50001.0,50001.153846153844,50001.083333333336,52041.0,50001.99415489528,50002.0,50046.177427992305,50000.28571428572,50097.06211483839,50002.861209718205,50001.0,50001.0,50001.98830979055,52042.0,50001.07692307692,50001.083333333336,50001.53846153846,50171.083333333336,50001.0004842615,50001.27735009811,50001.27653794381,50001.0,50001.142857142855,50001.988377723974,50001.00048709206,50001.07692307692,50001.99415489528,50001.99706888129,50001.99418604651,50002.0,49999.98,50001.07692307692
org.apache.commons.math.optimization.linear.SimplexSolver.doIteration(Lorg/apache/commons/math/optimization/linear/SimplexTableau;)V 50002.994152046784,50002.0,50002.153846153844,50002.083333333336,52042.0,50002.99415489528,50003.0,50047.28796749689,50001.28571428572,50098.06211483839,50003.861209718205,50003.333333333336,50047.28796749689,50002.99805163176,52053.0,50002.07692307692,50002.083333333336,50002.53846153846,51027.5,50002.0004842615,50002.27735009811,50002.27653794381,50002.0,50002.142857142855,50002.99805352798,50002.00048709206,50002.07692307692,50002.99902581588,50002.99951267056,50002.99418604651,50003.0,50001.0,50002.07692307692
org.apache.commons.math.optimization.linear.SimplexSolver.getPivotColumn(Lorg/apache/commons/math/optimization/linear/SimplexTableau;)Ljava/lang/Integer; 50002.994152046784,50002.0,50002.153846153844,50002.083333333336,52042.0,50002.99415489528,50003.0,50047.177427992305,50001.28571428572,50098.06211483839,50003.861209718205,50002.0,50002.0,50002.98830979055,52043.0,50002.07692307692,50002.083333333336,50002.53846153846,50172.083333333336,50002.0004842615,50002.27735009811,50002.27653794381,50002.0,50002.142857142855,50002.988377723974,50002.00048709206,50002.07692307692,50002.99415489528,50002.99706888129,50002.99418604651,50003.0,50000.98,50002.07692307692
org.apache.commons.math.optimization.linear.SimplexSolver.getPivotRow(ILorg/apache/commons/math/optimization/linear/SimplexTableau;)Ljava/lang/Integer; 50001.994152046784,50001.0,50001.153846153844,50001.083333333336,52041.0,50001.99415489528,50002.0,50046.177427992305,50000.28571428572,50097.06211483839,50002.861209718205,50001.0,50001.0,50001.98830979055,52042.0,50001.07692307692,50001.083333333336,50001.53846153846,50171.083333333336,50001.0004842615,50001.27735009811,50001.27653794381,50001.0,50001.142857142855,50001.988377723974,50001.00048709206,50001.07692307692,50001.99415489528,50001.99706888129,50001.99418604651,50002.0,49999.98,50001.07692307692
org.apache.commons.math.optimization.linear.SimplexTableau.getNumArtificialVariables()I 50001.994152046784,50001.0,50001.153846153844,50001.083333333336,52041.0,50001.99415489528,50002.0,50046.177427992305,50000.28571428572,50097.06211483839,50002.861209718205,50001.0,50001.0,50001.98830979055,52042.0,50001.07692307692,50001.083333333336,50001.53846153846,50171.083333333336,50001.0004842615,50001.27735009811,50001.27653794381,50001.0,50001.142857142855,50001.988377723974,50001.00048709206,50001.07692307692,50001.99415489528,50001.99706888129,50001.99418604651,50002.0,49999.98,50001.07692307692
org.apache.commons.math.optimization.linear.SimplexTableau.createTableau(Z)[[D 50002.993664717345,50002.0,50002.142857142855,50002.07692307692,52041.0,50002.99366780322,50003.0,50047.2327315116,50001.26666666667,50098.59801322325,50004.0,50003.125,50047.2327315116,50002.99318071116,52048.0,50002.07142857143,50002.07692307692,50002.53571428572,50294.28571428572,50002.00048402711,50002.26726124191,50002.26641330905,50002.0,50002.13333333333,50002.993203883496,50002.00048709206,50002.07142857143,50002.99659035558,50002.998292266406,50002.993704600485,50003.0,50000.97,50002.07142857143
org.apache.commons.math.optimization.linear.SimplexTableau.getArtificialVariableOffset()I 50001.993664717345,50001.0,50001.142857142855,50001.07692307692,52040.0,50001.99366780322,50002.0,50046.16635916255,50000.26666666667,50097.20356449871,50002.898828922116,50001.0,50001.0,50001.98733560643,52041.0,50001.07142857143,50001.07692307692,50001.53571428572,50157.92307692308,50001.00048402711,50001.26726124191,50001.26641330905,50001.0,50001.13333333333,50001.987415295254,50001.00048709206,50001.07142857143,50001.99366780322,50001.99682384559,50001.993704600485,50002.0,49999.97,50001.07142857143
org.apache.commons.math.optimization.linear.SimplexTableau.getRhsOffset()I 50001.993664717345,50001.0,50001.142857142855,50001.07692307692,52040.0,50001.99366780322,50002.0,50046.16635916255,50000.26666666667,50097.20356449871,50002.898828922116,50001.0,50001.0,50001.98733560643,52041.0,50001.07142857143,50001.07692307692,50001.53571428572,50157.92307692308,50001.00048402711,50001.26726124191,50001.26641330905,50001.0,50001.13333333333,50001.987415295254,50001.00048709206,50001.07142857143,50001.99366780322,50001.99682384559,50001.993704600485,50002.0,49999.97,50001.07142857143
org.apache.commons.math.optimization.linear.SimplexTableau.initialize()V 50001.993664717345,50001.0,50001.142857142855,50001.07692307692,52040.0,50001.99366780322,50002.0,50046.16635916255,50000.26666666667,50097.59801322325,50003.0,50001.0,50001.0,50001.98733560643,52041.0,50001.07142857143,50001.07692307692,50001.53571428572,50157.92307692308,50001.00048402711,50001.26726124191,50001.26641330905,50001.0,50001.13333333333,50001.987415295254,50001.00048709206,50001.07142857143,50001.99366780322,50001.99682384559,50001.993704600485,50002.0,49999.97,50001.07142857143
org.apache.commons.math.util.MathUtils.compareTo(DDD)I 50001.993664717345,50001.0,50001.142857142855,50001.07692307692,52040.0,50001.99366780322,50002.0,50046.16635916255,50000.26666666667,50097.20356449871,50002.898828922116,50001.0,50001.0,50001.98733560643,52041.0,50001.07142857143,50001.07692307692,50001.53571428572,50157.92307692308,50001.00048402711,50001.26726124191,50001.26641330905,50001.0,50001.13333333333,50001.987415295254,50001.00048709206,50001.07142857143,50001.99366780322,50001.99682384559,50001.993704600485,50002.0,49999.97,50001.07142857143
org.apache.commons.math.linear.ArrayRealVector.dotProduct([D)D 50001.993177387914,50001.0,50001.13333333333,50001.07142857143,52039.0,50001.99318071116,50002.0,50046.155287619506,50000.25,50097.339670610025,50002.934336420265,50001.0,50001.0,50001.98636142231,52040.0,50001.066666666666,50001.07142857143,50001.53333333333,50146.642857142855,50001.00048379294,50001.258198889744,50001.25731658684,50001.0,50001.125,50001.98645379778,50001.00048709206,50001.066666666666,50001.99318071116,50001.99657869013,50001.99322362052,50002.0,49999.96,50001.066666666666
org.apache.commons.math.linear.ArrayRealVector.mapMultiply(D)Lorg/apache/commons/math/linear/RealVector; 50001.992690058476,50001.0,50001.125,50001.066666666666,52038.0,50001.9926936191,50002.0,50046.144213361185,50000.23529411765,50097.47099656946,50002.96798967126,50001.0,50001.0,50001.98538723819,52039.0,50001.0625,50001.066666666666,50001.53125,50136.86666666667,50001.00048355899,50001.25,50001.24908458133,50001.0,50001.117647058825,50001.985493230175,50001.00048709206,50001.0625,50001.9926936191,50001.99633341481,50001.99274310595,50002.0,49999.95,50001.0625
org.apache.commons.math.optimization.linear.SimplexTableau.getBasicRow(I)Ljava/lang/Integer; 50001.992690058476,50001.0,50001.125,50001.066666666666,52038.0,50001.9926936191,50002.0,50046.144213361185,50000.23529411765,50097.47099656946,50002.96798967126,50001.0,50001.0,50001.98538723819,52039.0,50001.0625,50001.066666666666,50001.53125,50136.86666666667,50001.00048355899,50001.25,50001.24908458133,50001.0,50001.117647058825,50001.985493230175,50001.00048709206,50001.0625,50001.9926936191,50001.99633341481,50001.99274310595,50002.0,49999.95,50001.0625
org.apache.commons.math.optimization.linear.SimplexTableau.getEntry(II)D 50001.992690058476,50001.0,50001.125,50001.066666666666,52038.0,50001.9926936191,50002.0,50046.144213361185,50000.23529411765,50097.47099656946,50002.96798967126,50001.0,50001.0,50001.98538723819,52039.0,50001.0625,50001.066666666666,50001.53125,50136.86666666667,50001.00048355899,50001.25,50001.24908458133,50001.0,50001.117647058825,50001.985493230175,50001.00048709206,50001.0625,50001.9926936191,50001.99633341481,50001.99274310595,50002.0,49999.95,50001.0625
org.apache.commons.math.optimization.linear.SimplexTableau.getHeight()I 50001.992690058476,50001.0,50001.125,50001.066666666666,52038.0,50001.9926936191,50002.0,50046.144213361185,50000.23529411765,50097.47099656946,50002.96798967126,50001.0,50001.0,50001.98538723819,52039.0,50001.0625,50001.066666666666,50001.53125,50136.86666666667,50001.00048355899,50001.25,50001.24908458133,50001.0,50001.117647058825,50001.985493230175,50001.00048709206,50001.0625,50001.9926936191,50001.99633341481,50001.99274310595,50002.0,49999.95,50001.0625
org.apache.commons.math.optimization.linear.SimplexTableau.getWidth()I 50001.992690058476,50001.0,50001.125,50001.066666666666,52038.0,50001.9926936191,50002.0,50046.144213361185,50000.23529411765,50097.47099656946,50002.96798967126,50001.0,50001.0,50001.98538723819,52039.0,50001.0625,50001.066666666666,50001.53125,50136.86666666667,50001.00048355899,50001.25,50001.24908458133,50001.0,50001.117647058825,50001.985493230175,50001.00048709206,50001.0625,50001.9926936191,50001.99633341481,50001.99274310595,50002.0,49999.95,50001.0625
org.apache.commons.math.optimization.linear.SimplexTableau.subtractRow(IID)V 50001.992690058476,50001.0,50001.125,50001.066666666666,52038.0,50001.9926936191,50002.0,50046.144213361185,50000.23529411765,50097.47099656946,50002.96798967126,50001.0,50001.0,50001.98538723819,52039.0,50001.0625,50001.066666666666,50001.53125,50136.86666666667,50001.00048355899,50001.25,50001.24908458133,50001.0,50001.117647058825,50001.985493230175,50001.00048709206,50001.0625,50001.9926936191,50001.99633341481,50001.99274310595,50002.0,49999.95,50001.0625
org.apache.commons.math.optimization.linear.LinearConstraint.getCoefficients()Lorg/apache/commons/math/linear/RealVector; 50001.992202729045,50001.0,50001.117647058825,50001.0625,52037.0,50001.99220652704,50002.0,50046.133136385586,50000.22222222222,50097.59801322325,50003.0,50001.0,50001.0,50001.984413054066,52038.0,50001.05882352941,50001.0625,50001.529411764706,50128.3125,50001.000483325275,50001.24253562504,50001.24158821663,50001.0,50001.11111111111,50001.98453359111,50001.00048709206,50001.05882352941,50001.99220652704,50001.99608801956,50001.99226305609,50002.0,49999.94,50001.05882352941
org.apache.commons.math.optimization.linear.LinearConstraint.getRelationship()Lorg/apache/commons/math/optimization/linear/Relationship; 50001.992202729045,50001.0,50001.117647058825,50001.0625,52037.0,50001.99220652704,50002.0,50046.133136385586,50000.22222222222,50097.59801322325,50003.0,50001.0,50001.0,50001.984413054066,52038.0,50001.05882352941,50001.0625,50001.529411764706,50128.3125,50001.000483325275,50001.24253562504,50001.24158821663,50001.0,50001.11111111111,50001.98453359111,50001.00048709206,50001.05882352941,50001.99220652704,50001.99608801956,50001.99226305609,50002.0,49999.94,50001.05882352941
org.apache.commons.math.optimization.linear.LinearConstraint.getValue()D 50001.992202729045,50001.0,50001.117647058825,50001.0625,52037.0,50001.99220652704,50002.0,50046.133136385586,50000.22222222222,50097.59801322325,50003.0,50001.0,50001.0,50001.984413054066,52038.0,50001.05882352941,50001.0625,50001.529411764706,50128.3125,50001.000483325275,50001.24253562504,50001.24158821663,50001.0,50001.11111111111,50001.98453359111,50001.00048709206,50001.05882352941,50001.99220652704,50001.99608801956,50001.99226305609,50002.0,49999.94,50001.05882352941
org.apache.commons.math.optimization.linear.LinearObjectiveFunction.getCoefficients()Lorg/apache/commons/math/linear/RealVector; 50001.992202729045,50001.0,50001.117647058825,50001.0625,52037.0,50001.99220652704,50002.0,50046.133136385586,50000.22222222222,50097.59801322325,50003.0,50001.0,50001.0,50001.984413054066,52038.0,50001.05882352941,50001.0625,50001.529411764706,50128.3125,50001.000483325275,50001.24253562504,50001.24158821663,50001.0,50001.11111111111,50001.98453359111,50001.00048709206,50001.05882352941,50001.99220652704,50001.99608801956,50001.99226305609,50002.0,49999.94,50001.05882352941
org.apache.commons.math.optimization.linear.LinearObjectiveFunction.getConstantTerm()D 50001.992202729045,50001.0,50001.117647058825,50001.0625,52037.0,50001.99220652704,50002.0,50046.133136385586,50000.22222222222,50097.59801322325,50003.0,50001.0,50001.0,50001.984413054066,52038.0,50001.05882352941,50001.0625,50001.529411764706,50128.3125,50001.000483325275,50001.24253562504,50001.24158821663,50001.0,50001.11111111111,50001.98453359111,50001.00048709206,50001.05882352941,50001.99220652704,50001.99608801956,50001.99226305609,50002.0,49999.94,50001.05882352941
org.apache.commons.math.optimization.linear.SimplexTableau.<init>(Lorg/apache/commons/math/optimization/linear/LinearObjectiveFunction;Ljava/util/Collection;Lorg/apache/commons/math/optimization/GoalType;ZD)V 50001.992202729045,50001.0,50001.117647058825,50001.0625,52037.0,50001.99220652704,50002.0,50046.133136385586,50000.22222222222,50097.59801322325,50003.0,50001.0,50001.0,50001.984413054066,52038.0,50001.05882352941,50001.0625,50001.529411764706,50128.3125,50001.000483325275,50001.24253562504,50001.24158821663,50001.0,50001.11111111111,50001.98453359111,50001.00048709206,50001.05882352941,50001.99220652704,50001.99608801956,50001.99226305609,50002.0,49999.94,50001.05882352941
org.apache.commons.math.optimization.linear.SimplexTableau.copyArray([D[DI)V 50001.992202729045,50001.0,50001.117647058825,50001.0625,52037.0,50001.99220652704,50002.0,50046.133136385586,50000.22222222222,50097.59801322325,50003.0,50001.0,50001.0,50001.984413054066,52038.0,50001.05882352941,50001.0625,50001.529411764706,50128.3125,50001.000483325275,50001.24253562504,50001.24158821663,50001.0,50001.11111111111,50001.98453359111,50001.00048709206,50001.05882352941,50001.99220652704,50001.99608801956,50001.99226305609,50002.0,49999.94,50001.05882352941
org.apache.commons.math.optimization.linear.SimplexTableau.getConstraintTypeCounts(Lorg/apache/commons/math/optimization/linear/Relationship;)I 50001.992202729045,50001.0,50001.117647058825,50001.0625,52037.0,50001.99220652704,50002.0,50046.133136385586,50000.22222222222,50097.59801322325,50003.0,50001.0,50001.0,50001.984413054066,52038.0,50001.05882352941,50001.0625,50001.529411764706,50128.3125,50001.000483325275,50001.24253562504,50001.24158821663,50001.0,50001.11111111111,50001.98453359111,50001.00048709206,50001.05882352941,50001.99220652704,50001.99608801956,50001.99226305609,50002.0,49999.94,50001.05882352941
org.apache.commons.math.optimization.linear.SimplexTableau.getNormalizedConstraints()Ljava/util/List; 50001.992202729045,50001.0,50001.117647058825,50001.0625,52037.0,50001.99220652704,50002.0,50046.133136385586,50000.22222222222,50097.59801322325,50003.0,50001.0,50001.0,50001.984413054066,52038.0,50001.05882352941,50001.0625,50001.529411764706,50128.3125,50001.000483325275,50001.24253562504,50001.24158821663,50001.0,50001.11111111111,50001.98453359111,50001.00048709206,50001.05882352941,50001.99220652704,50001.99608801956,50001.99226305609,50002.0,49999.94,50001.05882352941
org.apache.commons.math.optimization.linear.SimplexTableau.getNumVariables()I 50001.992202729045,50001.0,50001.117647058825,50001.0625,52037.0,50001.99220652704,50002.0,50046.133136385586,50000.22222222222,50097.59801322325,50003.0,50001.0,50001.0,50001.984413054066,52038.0,50001.05882352941,50001.0625,50001.529411764706,50128.3125,50001.000483325275,50001.24253562504,50001.24158821663,50001.0,50001.11111111111,50001.98453359111,50001.00048709206,50001.05882352941,50001.99220652704,50001.99608801956,50001.99226305609,50002.0,49999.94,50001.05882352941
org.apache.commons.math.optimization.linear.SimplexTableau.normalize(Lorg/apache/commons/math/optimization/linear/LinearConstraint;)Lorg/apache/commons/math/optimization/linear/LinearConstraint; 50001.992202729045,50001.0,50001.117647058825,50001.0625,52037.0,50001.99220652704,50002.0,50046.133136385586,50000.22222222222,50097.59801322325,50003.0,50001.0,50001.0,50001.984413054066,52038.0,50001.05882352941,50001.0625,50001.529411764706,50128.3125,50001.000483325275,50001.24253562504,50001.24158821663,50001.0,50001.11111111111,50001.98453359111,50001.00048709206,50001.05882352941,50001.99220652704,50001.99608801956,50001.99226305609,50002.0,49999.94,50001.05882352941
org.apache.commons.math.util.MathUtils.equals(DDD)Z 50001.99171539961,50001.0,50001.11111111111,50001.05882352941,52036.0,50001.99171943498,50002.0,50046.122056690714,50000.21052631579,50097.721118848865,50003.03054318487,50001.0,50001.0,50001.983438869946,52037.0,50001.055555555555,50001.05882352941,50001.52777777778,50120.76470588235,50001.00048309179,50001.2357022604,50001.23472388029,50001.0,50001.10526315789,50001.983574879225,50001.00048709206,50001.055555555555,50001.99171943498,50001.99584250428,50001.99178347027,50002.0,49999.93,50001.055555555555
org.apache.commons.math.linear.ArrayRealVector.getData()[D 50001.98294346978,50001.0,50001.055555555555,50001.02857142857,52018.0,50001.982951777885,50002.0,50045.92215489043,50000.10810810811,50099.51409300635,50003.4322992791,50001.0,50001.0,50001.96590355577,52019.0,50001.02777777778,50001.02857142857,50001.51388888889,50058.65714285714,50001.000478927206,50001.166666666664,50001.165239175956,50001.0,50001.05405405405,50001.96647509579,50001.00048709206,50001.02777777778,50001.982951777885,50001.99140260378,50001.98322951605,50002.0,49999.75,50001.02777777778
org.apache.commons.math.linear.ArrayRealVector.checkVectorDimensions(I)V 50001.98148148148,50001.0,50001.05128205128,50001.02631578947,52015.0,50001.981490501705,50002.0,50046.28796749689,50000.1,50099.843011221645,50003.49899939944,50002.333333333336,50046.28796749689,50001.99805163176,52052.0,50001.02564102564,50001.02631578947,50001.51282051282,51026.5,50001.00047824008,50001.1601281538,50001.15863855721,50001.0,50001.05,50001.99805352798,50001.00048709206,50001.02564102564,50001.99902581588,50001.99951267056,50001.98181818182,50002.0,50000.0,50001.02564102564
org.apache.commons.math.optimization.RealPointValuePair.<init>([DD)V 50001.98148148148,50001.0,50001.05128205128,50001.02631578947,52015.0,50001.981490501705,50002.0,50045.88875137493,50000.1,50099.76242722622,50003.4828237962,50001.0,50001.0,50001.96298100341,52016.0,50001.02564102564,50001.02631578947,50001.51282051282,50054.02631578947,50001.00047824008,50001.1601281538,50001.15863855721,50001.0,50001.05,50001.96365375418,50001.00048709206,50001.02564102564,50001.981490501705,50001.990658800394,50001.98181818182,50002.0,49999.72,50001.02564102564
org.apache.commons.math.optimization.RealPointValuePair.getValue()D 50001.98148148148,50001.0,50001.05128205128,50001.02631578947,52015.0,50001.981490501705,50002.0,50045.88875137493,50000.1,50099.76242722622,50003.4828237962,50001.0,50001.0,50001.96298100341,52016.0,50001.02564102564,50001.02631578947,50001.51282051282,50054.02631578947,50001.00047824008,50001.1601281538,50001.15863855721,50001.0,50001.05,50001.96365375418,50001.00048709206,50001.02564102564,50001.981490501705,50001.990658800394,50001.98181818182,50002.0,49999.72,50001.02564102564
org.apache.commons.math.util.MathUtils.equals(DD)Z 50001.95126705653,50001.0,50001.0198019802,50001.01,51953.0,50001.95129079396,50002.0,50045.19275958797,50000.03921568627,50103.59801322325,50004.162277660165,50001.0,50001.0,50001.90258158792,51954.0,50001.0099009901,50001.01,50001.50495049505,50020.53,50001.00046446818,50001.09950371902,50001.097048883086,50001.0,50001.01960784314,50001.907106363215,50001.00048709206,50001.0099009901,50001.95129079396,50001.97503744384,50001.95353159851,50002.0,49999.1,50001.0099009901
org.apache.commons.math.linear.ArrayRealVector.getDimension()I 50001.95029239766,50001.0,50001.01941747573,50001.009803921566,51951.0,50001.95031660984,50002.0,50045.170125650715,50000.03846153846,50103.697518161614,50004.17797182781,50001.0,50001.0,50001.90063321968,51952.0,50001.00970873787,50001.009803921566,50001.50485436893,50020.12745098039,50001.000464037126,50001.09853292782,50001.09605279685,50001.0,50001.019230769234,50001.90533642691,50001.00048709206,50001.00970873787,50001.95031660984,50001.97452547453,50001.95264623955,50002.0,49999.08,50001.00970873787
org.apache.commons.math.linear.ArrayRealVector.<init>([D)V 50001.93762183236,50001.0,50001.01550387597,50001.0078125,51925.0,50001.93765221627,50002.0,50044.87482193696,50000.03076923077,50104.91172172223,50004.36358566101,50001.0,50001.0,50001.875304432535,51926.0,50001.007751937985,50001.0078125,50001.50387596899,50016.0390625,50001.000458505274,50001.08804509063,50001.085254831516,50001.0,50001.015384615384,50001.88262265016,50001.00048709206,50001.007751937985,50001.93765221627,50001.96782302664,50001.94128440367,50002.0,49998.82,50001.007751937985
org.apache.commons.math.linear.Array2DRowRealMatrix.getEntry(II)D 50001.92738791423,50001.0,50001.013333333336,50001.0067114094,51904.0,50001.927423283,50002.0,50046.28796749689,50000.02649006622,50105.80456883898,50004.493788146945,50002.333333333336,50046.28796749689,50001.99805163176,52052.0,50001.00666666667,50001.0067114094,50001.503333333334,51026.5,50001.000454132605,50001.081649658096,50001.078629422576,50001.0,50001.013245033115,50001.99805352798,50001.00048709206,50001.00666666667,50001.99902581588,50001.99951267056,50001.93230349841,50002.0,50000.0,50001.00666666667
org.apache.commons.math.linear.Array2DRowRealMatrix.setEntry(IID)V 50001.92300194932,50001.0,50001.012578616355,50001.00632911392,51895.0,50001.92303945446,50002.0,50044.53159771936,50000.025,50106.167818313224,50004.54539209256,50001.0,50001.0,50001.846078908915,51896.0,50001.00628930818,50001.00632911392,50001.50314465409,50012.99367088608,50001.00045228403,50001.07930515857,50001.07619083742,50001.0,50001.0125,50001.857078245135,50001.00048709206,50001.00628930818,50001.92303945446,50001.95997973657,50001.92850678733,50002.0,49998.52,50001.00628930818
org.apache.commons.math.linear.Array2DRowRealMatrix.<init>([[D)V 50001.916666666664,50001.0,50001.01162790698,50001.005847953216,51882.0,50001.916707257675,50002.0,50044.38202392697,50000.02312138728,50106.67471005387,50004.61617157096,50001.0,50001.0,50001.83341451534,51883.0,50001.00581395349,50001.005847953216,50001.50290697674,50012.005847953216,50001.00044964029,50001.076249285165,50001.073003132566,50001.0,50001.011560693645,50001.84622302158,50001.00048709206,50001.00581395349,50001.916707257675,50001.956543837354,50001.92307692308,50002.0,49998.39,50001.00581395349
org.apache.commons.math.linear.Array2DRowRealMatrix.copyIn([[D)V 50001.91617933723,50001.0,50001.011560693645,50001.00581395349,51881.0,50001.916220165615,50002.0,50044.3704968844,50000.02298850575,50106.712890271854,50004.62144681704,50001.0,50001.0,50001.83244033122,51882.0,50001.00578034682,50001.00581395349,50001.50289017341,50011.936046511626,50001.0004494382,50001.07602859213,50001.072772483254,50001.0,50001.011494252874,50001.84539325842,50001.00048709206,50001.00578034682,50001.916220165615,50001.956278596845,50001.92266187051,50002.0,49998.38,50001.00578034682
org.apache.commons.math.linear.Array2DRowRealMatrix.setSubMatrix([[DII)V 50001.91617933723,50001.0,50001.011560693645,50001.00581395349,51881.0,50001.916220165615,50002.0,50046.28796749689,50000.02298850575,50106.712890271854,50004.62144681704,50002.333333333336,50046.28796749689,50001.99805163176,52052.0,50001.00578034682,50001.00581395349,50001.50289017341,51026.5,50001.0004494382,50001.07602859213,50001.072772483254,50001.0,50001.011494252874,50001.99805352798,50001.00048709206,50001.00578034682,50001.99902581588,50001.99951267056,50001.92266187051,50002.0,50000.0,50001.00578034682
org.apache.commons.math.linear.Array2DRowRealMatrix.getColumnDimension()I 50001.89619883041,50001.0,50001.009345794395,50001.00469483568,51840.0,50001.89624939114,50002.0,50043.89522117905,50000.018604651166,50108.19253274258,50004.82027741392,50001.0,50001.0,50001.79249878227,51841.0,50001.004672897194,50001.00469483568,50001.5023364486,50009.63849765258,50001.00044130626,50001.0683585927,50001.06471356119,50001.0,50001.00930232558,50001.81200353045,50001.00048709206,50001.004672897194,50001.89624939114,50001.94528641151,50001.9059602649,50002.0,49997.97,50001.004672897194
org.apache.commons.math.linear.Array2DRowRealMatrix.getRowDimension()I 50001.895711500976,50001.0,50001.00930232558,50001.004672897194,51839.0,50001.89576229907,50002.0,50043.883563284784,50000.01851851852,50108.22675206158,50004.82475343497,50001.0,50001.0,50001.79152459815,51840.0,50001.00465116279,50001.004672897194,50001.502325581394,50009.59345794393,50001.0004411116,50001.06819943395,50001.06454533294,50001.0,50001.00925925926,50001.81120423467,50001.00048709206,50001.00465116279,50001.89576229907,50001.94501541624,50001.90556045896,50002.0,49997.96,50001.00465116279
org.apache.commons.math.linear.AbstractRealMatrix.<init>()V 50001.87573099415,50001.0,50001.0078125,50001.00392156863,51798.0,50001.875791524595,50002.0,50043.40283009423,50000.01556420233,50109.56673264592,50004.99608801488,50001.0,50001.0,50001.7515830492,51799.0,50001.00390625,50001.00392156863,50001.501953125,50008.05098039216,50001.00043327556,50001.0625,50001.05848781237,50001.0,50001.007782101166,50001.77902946274,50001.00048709206,50001.00390625,50001.875791524595,50001.933783432876,50001.88946684005,50002.0,49997.55,50001.00390625
org.apache.commons.math.optimization.linear.SimplexSolver.<init>()V 5012.994152046784,5012.0,5012.153846153846,5012.083333333333,7052.0,5012.994154895276,5013.0,5057.177427992306,5011.285714285715,5108.062114838387,5013.861209718204,5012.0,5012.0,5012.98830979055,7053.0,5012.076923076923,5012.083333333333,5012.538461538462,5182.083333333333,5012.000484261501,5012.277350098113,5012.276537943812,5012.0,5012.142857142857,5012.988377723971,5012.00048709206,5012.076923076923,5012.994154895276,5012.99706888129,5012.9941860465115,5013.0,5010.98,5012.076923076923
org.apache.commons.math.optimization.linear.SimplexSolver.<init>(D)V 5012.994152046784,5012.0,5012.153846153846,5012.083333333333,7052.0,5012.994154895276,5013.0,5057.177427992306,5011.285714285715,5108.062114838387,5013.861209718204,5012.0,5012.0,5012.98830979055,7053.0,5012.076923076923,5012.083333333333,5012.538461538462,5182.083333333333,5012.000484261501,5012.277350098113,5012.276537943812,5012.0,5012.142857142857,5012.988377723971,5012.00048709206,5012.076923076923,5012.994154895276,5012.99706888129,5012.9941860465115,5013.0,5010.98,5012.076923076923
org.apache.commons.math.optimization.linear.LinearConstraint.<init>([DLorg/apache/commons/math/optimization/linear/Relationship;D)V 5012.99269005848,5012.0,5012.125,5012.066666666667,7049.0,5012.992693619094,5013.0,5057.144213361183,5011.235294117647,5108.4709965694565,5013.967989671265,5012.0,5012.0,5012.985387238188,7050.0,5012.0625,5012.066666666667,5012.53125,5147.866666666667,5012.000483558994,5012.25,5012.249084581327,5012.0,5012.117647058823,5012.985493230174,5012.00048709206,5012.0625,5012.992693619094,5012.996333414813,5012.9927431059505,5013.0,5010.95,5012.0625
org.apache.commons.math.optimization.linear.LinearConstraint.<init>(Lorg/apache/commons/math/linear/RealVector;Lorg/apache/commons/math/optimization/linear/Relationship;D)V 5012.992202729045,5012.0,5012.117647058823,5012.0625,7048.0,5012.992206527034,5013.0,5057.133136385587,5011.222222222223,5108.598013223249,5014.0,5012.0,5012.0,5012.984413054067,7049.0,5012.058823529412,5012.0625,5012.529411764706,5139.3125,5012.000483325278,5012.242535625036,5012.24158821663,5012.0,5012.111111111111,5012.984533591107,5012.00048709206,5012.058823529412,5012.992206527034,5012.9960880195595,5012.992263056093,5013.0,5010.94,5012.058823529412
org.apache.commons.math.optimization.linear.LinearObjectiveFunction.<init>(Lorg/apache/commons/math/linear/RealVector;D)V 5012.992202729045,5012.0,5012.117647058823,5012.0625,7048.0,5012.992206527034,5013.0,5057.133136385587,5011.222222222223,5108.598013223249,5014.0,5012.0,5012.0,5012.984413054067,7049.0,5012.058823529412,5012.0625,5012.529411764706,5139.3125,5012.000483325278,5012.242535625036,5012.24158821663,5012.0,5012.111111111111,5012.984533591107,5012.00048709206,5012.058823529412,5012.992206527034,5012.9960880195595,5012.992263056093,5013.0,5010.94,5012.058823529412
org.apache.commons.math.optimization.linear.LinearObjectiveFunction.<init>([DD)V 5012.992202729045,5012.0,5012.117647058823,5012.0625,7048.0,5012.992206527034,5013.0,5057.133136385587,5011.222222222223,5108.598013223249,5014.0,5012.0,5012.0,5012.984413054067,7049.0,5012.058823529412,5012.0625,5012.529411764706,5139.3125,5012.000483325278,5012.242535625036,5012.24158821663,5012.0,5012.111111111111,5012.984533591107,5012.00048709206,5012.058823529412,5012.992206527034,5012.9960880195595,5012.992263056093,5013.0,5010.94,5012.058823529412
