org.apache.commons.math.linear.CholeskyDecompositionImpl.<init>(Lorg/apache/commons/math/linear/RealMatrix;)V 5000001.994714588,5000001.0,5000001.333333333,5000001.4,5001883.0,5000002.99471738,5000002.0,5000044.405068829,5000000.571428572,5000095.156530344,5000002.77827941,5000001.0,5000001.0,5000001.989440338,5001885.0,5000001.166666667,5000001.2,5000001.583333333,5000189.4,5000001.00105042,5000001.40824829,5000001.40716798,5000001.0,5000001.285714285,5000001.989495798,5000001.001055966,5000001.166666667,5000001.994720169,5000001.9973530965,5000001.994742377,5000003.0,5000000.2,5000001.166666667
org.apache.commons.math.linear.CholeskyDecompositionImpl.<init>(Lorg/apache/commons/math/linear/RealMatrix;DD)V 500001.9957716702,500001.0,500001.4,500001.5,501885.0,500002.99577390385,500002.0,500044.4856298103,500000.6666666667,500095.15653034387,500002.77827941003,500003.4,500087.9712596206,500001.9968321014,501892.0,500001.2,500001.25,500001.6,500631.3333333333,500001.0010515247,500001.4472135955,500001.44626711064,500001.0,500001.3333333333,500001.99683711125,500001.0010559662,500001.2,500001.9984160507,500001.99920739763,500001.9957894737,500003.0,500000.4,500001.2
org.apache.commons.math.linear.DenseRealMatrix.getData()[[D 500001.9254756871,500001.0,500001.02797202795,500001.0283687943,501752.0,500002.9255150555,500002.0,500044.38202392694,500000.0551724138,500103.8685947708,500004.44591672666,500003.14285714284,500087.76404785394,500001.9873284055,501883.0,500001.013986014,500001.0141843972,500001.506993007,500157.8333333333,500001.00098280096,500001.1182624792,500001.1137704527,500001.0,500001.0275862069,500001.9874081847,500001.0010559662,500001.013986014,500001.99366420275,500001.9968220339,500001.93064436794,500003.0,499999.69,500001.013986014
org.apache.commons.math.linear.DenseRealMatrix.<init>([[D)V 500001.9053911205,500001.0,500001.0220994475,500001.0223463687,501714.0,500002.9054410988,500002.0,500042.4125584817,500000.043715847,500105.373340844,500004.6577435887,500001.0,500001.0,500001.81098204857,501716.0,500001.0110497238,500001.0111731844,500001.50552486186,500010.5810055866,500001.00096478534,500001.10511766624,500001.10002160654,500001.0,500001.0218579235,500001.827303425,500001.0010559662,500001.0110497238,500001.9054910243,500001.9504017733,500001.91356832447,500003.0,499999.31,500001.0110497238
org.apache.commons.math.linear.DenseRealMatrix.toBlocksLayout([[D)[[D 500001.9053911205,500001.0,500001.0220994475,500001.0223463687,501714.0,500002.9054410988,500002.0,500044.4856298103,500000.043715847,500105.373340844,500004.6577435887,500003.4,500087.9712596206,500001.9968321014,501892.0,500001.0110497238,500001.0111731844,500001.50552486186,500631.3333333333,500001.00096478534,500001.10511766624,500001.10002160654,500001.0,500001.0218579235,500001.99683711125,500001.0010559662,500001.0110497238,500001.9984160507,500001.99920739763,500001.91356832447,500003.0,500000.0,500001.0110497238
org.apache.commons.math.linear.DenseRealMatrix.<init>(II[[DZ)V 500001.90433403803,500001.0,500001.0218579235,500001.0220994475,501712.0,500002.90438457474,500002.0,500042.38840417314,500000.04324324324,500105.4478767308,500004.6679182171,500001.0,500001.0,500001.80887011613,501714.0,500001.01092896174,500001.0110497238,500001.5054644809,500010.4640883978,500001.0009638554,500001.1045416747,500001.09941545204,500001.0,500001.0216216216,500001.8255421687,500001.0010559662,500001.01092896174,500001.90443505807,500001.94981979486,500001.9126869272,500003.0,499999.29,500001.01092896174
org.apache.commons.math.linear.AbstractRealMatrix.toString()Ljava/lang/String; 50008.49841437632,50008.0,50008.4,50008.25,50007.0,50008.998415213944,50008.0,50051.47413023857,50007.666666666664,50098.7263034913,50008.85559967717,50009.2,50051.4511219648,50008.99577613516,51898.0,50008.2,50008.25,50008.375,50480.5,50008.00052687039,50008.353553390596,50008.353179507256,50009.0,50008.333333333336,50008.99578503688,50008.0005279831,50008.25,50008.997888067584,50008.99894291755,50008.99683877766,50009.0,50006.9,50008.00003332778
org.apache.commons.math.linear.CholeskyDecompositionImpl.getL()Lorg/apache/commons/math/linear/RealMatrix; 50002.49735729387,50002.0,50002.28571428572,50002.166666666664,50001.0,50002.99735868991,50002.0,50045.4511219648,50001.5,50093.23032066123,50003.111785940506,50003.142857142855,50045.42810150122,50002.993664202746,51890.0,50002.142857142855,50002.166666666664,50002.333333333336,50316.666666666664,50002.00052631579,50002.288675134594,50002.28821708147,50003.0,50002.25,50002.99368421052,50002.0005279831,50002.166666666664,50002.99683210137,50002.99841353781,50002.994742376446,50003.0,50000.7,50002.0000199972
org.apache.commons.math.linear.CholeskyDecompositionImpl.getLT()Lorg/apache/commons/math/linear/RealMatrix; 50001.49735729387,50001.0,50001.28571428572,50001.166666666664,50000.0,50001.99735868991,50001.0,50044.4511219648,50000.5,50092.23032066123,50002.111785940506,50002.142857142855,50044.42810150122,50001.993664202746,51889.0,50001.142857142855,50001.166666666664,50001.333333333336,50315.666666666664,50001.00052631579,50001.288675134594,50001.28821708147,50002.0,50001.25,50001.99368421052,50001.0005279831,50001.166666666664,50001.99683210137,50001.99841353781,50001.994742376446,50002.0,49999.7,50001.0000199972
org.apache.commons.math.linear.AbstractRealMatrix.isSquare()Z 50001.946088794924,50001.0,50001.03846153846,50001.03921568627,51791.0,50002.946117274165,50002.0,50043.33202097703,50000.07547169811,50102.09375762209,50004.17797182781,50001.0,50001.0,50001.892291446675,51793.0,50001.019230769234,50001.01960784314,50001.50961538462,50018.56862745098,50001.001002004006,50001.13867504906,50001.13488519299,50001.0,50001.03773584906,50001.89779559118,50001.00105596621,50001.019230769234,50001.946145723334,50001.97232772653,50001.94884653962,50003.0,50000.08,50001.019230769234
org.apache.commons.math.linear.DenseRealMatrix.multiply(Lorg/apache/commons/math/linear/DenseRealMatrix;)Lorg/apache/commons/math/linear/DenseRealMatrix; 50002.476744186046,50002.0,50002.04347826087,50002.02222222222,50001.0,50002.97675647121,50002.0,50045.0,50001.085106382976,50098.477567457274,50004.54623541205,50003.02173913043,50044.976737893885,50002.95248152059,51851.0,50002.02173913043,50002.02222222222,50002.26111111111,50043.08888888889,50002.00051572976,50002.10540925534,50002.10414818133,50003.0,50002.04255319149,50002.95358432182,50002.0005279831,50002.02222222222,50002.9762407603,50002.98797755811,50002.955555555556,50003.0,50000.66,50002.00000227249
org.apache.commons.math.linear.DenseRealMatrix.blockHeight(I)I 50001.89746300211,50001.0,50001.02040816326,50001.0206185567,51699.0,50002.897517168516,50002.0,50042.231056256176,50000.0404040404,50105.92264096091,50004.73207559907,50001.0,50001.0,50001.795142555435,51701.0,50001.010204081635,50001.010309278354,50001.505102040814,50009.762886597935,50001.000957854405,50001.101015254455,50001.095696320386,50001.0,50001.020202020205,50001.814176245214,50001.00105596621,50001.010204081635,50001.89757127772,50001.94602114635,50001.906999041224,50003.0,49999.16,50001.010204081635
org.apache.commons.math.linear.DenseRealMatrix.getColumnDimension()I 50001.883192389,50001.0,50001.01793721973,50001.01809954751,51672.0,50002.88325409403,50002.0,50041.90232267244,50000.03555555556,50106.86032143104,50004.85565412704,50001.0,50001.0,50001.76663146779,51674.0,50001.008968609865,50001.009049773755,50001.50448430493,50008.57013574661,50001.000945626474,50001.09470274476,50001.08900004479,50001.0,50001.01777777778,50001.791016548465,50001.00105596621,50001.008968609865,50001.883315733896,50001.93804317353,50001.89540937056,50003.0,49998.89,50001.008968609865
org.apache.commons.math.linear.DenseRealMatrix.multiply(Lorg/apache/commons/math/linear/RealMatrix;)Lorg/apache/commons/math/linear/DenseRealMatrix; 50001.47093023256,50001.0,50001.0350877193,50001.017857142855,50000.0,50001.97094558901,50001.0,50044.48562981032,50000.06896551724,50097.41045117082,50003.53302161205,50003.4,50087.97125962064,50001.99683210137,51892.0,50001.01754385965,50001.017857142855,50001.25892857143,50631.333333333336,50001.000512820516,50001.09449111825,50001.09308223989,50002.0,50001.03448275862,50001.996837111226,50001.0005279831,50001.017857142855,50001.99841605069,50001.999207397625,50001.945054945056,50002.0,50000.0,50001.00000181799
org.apache.commons.math.linear.DenseRealMatrix.getRowDimension()I 50001.88213530655,50001.0,50001.01777777778,50001.01793721973,51670.0,50002.88219757,50002.0,50041.87786687194,50000.035242290745,50106.927437206796,50004.86434787811,50001.0,50001.0,50001.764519535376,51672.0,50001.008888888886,50001.008968609865,50001.50444444444,50008.4932735426,50001.00094473311,50001.09428090416,50001.088550565924,50001.0,50001.01762114537,50001.78932451583,50001.00105596621,50001.008888888886,50001.882259767684,50001.93744740533,50001.89456264775,50003.0,49998.87,50001.008888888886
org.apache.commons.math.linear.DenseRealMatrix.blockWidth(I)I 50001.87632135306,50001.0,50001.016949152545,50001.017094017094,51659.0,50002.8763866878,50002.0,50041.74309757493,50000.033613445376,50107.29131122451,50004.91114542568,50001.0,50001.0,50001.75290390707,51661.0,50001.00847457627,50001.00854700855,50001.504237288136,50008.094017094016,50001.000939849626,50001.09205746179,50001.08617686549,50001.0,50001.01680672269,50001.78007518797,50001.00105596621,50001.00847457627,50001.87645195354,50001.93415869443,50001.88993414864,50003.0,49998.76,50001.00847457627
org.apache.commons.math.linear.AbstractRealMatrix.<init>(II)V 50001.855708245246,50001.0,50001.01454545455,50001.01465201465,51620.0,50002.855784469095,50002.0,50044.47413023857,50000.028880866426,50108.577376635505,50005.07223819929,50003.333333333336,50087.94826047714,50001.99577613516,51891.0,50001.00727272727,50001.007326007326,50001.50363636364,50473.5,50001.00092293493,50001.08528028654,50001.078888102355,50001.0,50001.01444043321,50001.99578503688,50001.00105596621,50001.00727272727,50001.997888067584,50001.99894291755,50001.873903002306,50003.0,49999.0,50001.00727272727
org.apache.commons.math.linear.DenseRealMatrix.transpose()Lorg/apache/commons/math/linear/DenseRealMatrix; 50001.45824524313,50001.0,50001.02469135803,50001.0125,50000.0,50001.95826730058,50001.0,50043.5910788781,50000.04878048781,50098.882447101045,50003.80859296042,50002.01234567901,50043.56759330758,50001.915522703275,51815.0,50001.01234567901,50001.0125,50001.25625,50023.675,50001.00050658561,50001.079056941504,50001.077367507445,50002.0,50001.0243902439,50001.91894630193,50001.0005279831,50001.0125,50001.95776135164,50001.978425026966,50001.92292682927,50002.0,49999.31,50001.0000012657
org.apache.commons.math.linear.MatrixUtils.checkMultiplicationCompatible(Lorg/apache/commons/math/linear/AnyMatrix;Lorg/apache/commons/math/linear/AnyMatrix;)V 50002.45348837209,50002.0,50002.02222222222,50002.011235955055,50001.0,50002.95351294242,50002.0,50045.40506882842,50001.043956043955,50100.37508420337,50004.89496658351,50004.166666666664,50088.810137656845,50002.98944033791,51886.0,50002.01111111111,50002.011235955055,50002.25561797753,50190.4,50002.000504286436,50002.0749531689,50002.073169040996,50003.0,50002.02197802198,50002.98949579832,50002.0005279831,50002.011235955055,50002.99472016896,50002.99735309688,50002.914893617024,50003.0,50000.22,50002.00000113625
org.apache.commons.math.linear.DenseRealMatrix.getEntry(II)D 50001.437632135305,50001.0,50001.01666666667,50001.008403361346,50000.0,50001.93766508188,50001.0,50044.48562981032,50000.03305785124,50100.85703317493,50004.14050640681,50003.4,50087.97125962064,50001.99683210137,51892.0,50001.00833333333,50001.008403361346,50001.25420168067,50631.333333333336,50001.00049677099,50001.064820372354,50001.06274879529,50002.0,50001.01652892562,50001.996837111226,50001.0005279831,50001.008403361346,50001.99841605069,50001.999207397625,50001.88909774436,50002.0,50000.0,50001.00000084737
org.apache.commons.math.linear.DenseRealMatrix.createBlocksLayout(II)[[D 50001.41120507399,50001.0,50001.01176470588,50001.00591715976,50000.0,50001.911251980986,50001.0,50042.53311931459,50000.023391812865,50102.95573408054,50004.458537465,50002.00588235294,50042.509035161034,50001.82154171066,51726.0,50001.00588235294,50001.00591715976,50001.252958579884,50011.20710059172,50001.000484730976,50001.05439282932,50001.051906744986,50002.0,50001.01169590643,50001.83616093068,50001.0005279831,50001.00591715976,50001.910770855335,50001.95330201713,50001.84919210054,50002.0,49998.42,50001.00000059518
org.apache.commons.math.linear.MatrixUtils.createRealMatrix([[D)Lorg/apache/commons/math/linear/RealMatrix; 5013.952431289641,5013.0,5013.04347826087,5013.044444444445,6815.0,5014.952456418384,5014.0,5055.4735211631905,5012.085106382979,5113.481085664232,5016.080070288241,5013.0,5013.0,5013.904963041183,6817.0,5013.021739130435,5013.022222222222,5013.510869565217,5033.044444444445,5013.001008064516,5013.147441956155,5013.14389241827,5013.0,5013.04255319149,5013.909274193548,5013.001055966209,5013.021739130435,5013.952481520591,5013.975662520281,5013.954591321897,5015.0,5012.2,5013.021739130435
org.apache.commons.math.linear.DenseRealMatrix.<init>(II)V 5013.410147991543,5013.0,5013.011627906977,5013.005847953216,5012.0,5013.910195456947,5013.0,5054.509035161034,5012.023121387283,5115.032657494132,5016.4696404439665,5014.0058139534885,5054.484937025383,5013.8194297782475,6736.0,5013.0058139534885,5013.005847953216,5013.252923976608,5023.076023391813,5013.000484261501,5013.054073807044,5013.051572346195,5014.0,5013.0115606936415,5013.834382566586,5013.000527983105,5013.005847953216,5013.909714889123,5013.952723251313,5013.847670250896,5014.0,5010.4,5013.000000588176
