org.apache.commons.math.optimization.linear.SimplexTableau.getSolution()Lorg/apache/commons/math/optimization/RealPointValuePair; 500001.995243129,500001.0,500001.2,500001.1111111111,501884.0,500001.99524564185,500002.0,500044.4626276242,500000.36363636365,500092.9942526837,500002.73205080756,500002.2,500044.4626276242,500001.99577390385,501890.0,500001.1,500001.1111111111,500001.55,500473.25,500001.0005257623,500001.31622776604,500001.3154747421,500001.0,500001.1818181818,500001.995782815,500001.000528262,500001.1,500001.99788695195,500001.99894235854,500001.99526564963,500002.0,499999.3,500001.1
org.apache.commons.math.optimization.linear.SimplexTableau.createTableau(Z)[[D 500001.99418604653,500001.0,500001.1666666667,500001.0909090909,501882.0,500001.9941891178,500002.0,500044.4281015012,500000.3076923077,500093.86723602994,500002.9679896713,500002.125,500044.4281015012,500001.99260433175,501887.0,500001.0833333333,500001.0909090909,500001.5416666667,500270.4285714286,500001.0005252101,500001.2886751346,500001.2878347394,500001.0,500001.1538461539,500001.99263157893,500001.000528262,500001.0833333333,500001.99630216585,500001.99814765813,500001.9942196532,500002.0,499999.99,500001.0833333333
org.apache.commons.math.optimization.linear.SimplexTableau.getInvertedCoeffiecientSum(Lorg/apache/commons/math/linear/RealVector;)D 500001.99418604653,500001.0,500001.1666666667,500001.0909090909,501882.0,500001.9941891178,500002.0,500044.38202392694,500000.3076923077,500093.3108774741,500002.82116028684,500001.0,500001.0,500001.9883782356,501883.0,500001.0833333333,500001.0909090909,500001.5416666667,500172.0909090909,500001.0005252101,500001.2886751346,500001.2878347394,500001.0,500001.1538461539,500001.98844537814,500001.000528262,500001.0833333333,500001.9941891178,500001.9970860927,500001.9942196532,500002.0,499999.99,500001.0833333333
org.apache.commons.math.optimization.linear.SimplexTableau.getSlackVariableOffset()I 500001.9926004228,500001.0,500001.13333333336,500001.0714285714,501879.0,500001.99260433175,500002.0,500044.34743360337,500000.25,500093.7359100705,500002.93433642027,500001.0,500001.0,500001.9852086635,501880.0,500001.06666666665,500001.0714285714,500001.5333333333,500135.21428571426,500001.00052438385,500001.2581988897,500001.2572418347,500001.0,500001.125,500001.9853172522,500001.000528262,500001.06666666665,500001.99260433175,500001.9962884411,500001.9926547744,500002.0,499999.96,500001.06666666665
org.apache.commons.math.util.MathUtils.equals(DDD)Z 500001.9915433404,500001.0,500001.1176470588,500001.0625,501877.0,500001.9915478077,500002.0,500044.3243580449,500000.22222222225,500093.9942526837,500003.0,500001.0,500001.0,500001.9830956154,501878.0,500001.0588235294,500001.0625,500001.5294117647,500118.3125,500001.0005238345,500001.24253562506,500001.2415079271,500001.0,500001.1111111111,500001.98323729704,500001.000528262,500001.0588235294,500001.9915478077,500001.99575596815,500001.99161425576,500002.0,499999.94,500001.0588235294
org.apache.commons.math.util.MathUtils.equals(DD)Z 500001.9497885835,500001.0,500001.0208333333,500001.0105263158,501798.0,500001.94981510827,500002.0,500043.4028300942,500000.0412371134,500099.7410470285,500004.12198564137,500001.0,500001.0,500001.8996302166,501799.0,500001.0104166667,500001.0105263158,500001.5052083333,500019.92631578946,500001.0005030181,500001.1020620726,500001.0994667335,500001.0,500001.0206185567,500001.90442655934,500001.000528262,500001.0104166667,500001.94981510827,500001.9742617177,500001.95218923,500002.0,499999.15,500001.0104166667
org.apache.commons.math.optimization.linear.SimplexSolver.solvePhase1(Lorg/apache/commons/math/optimization/linear/SimplexTableau;)V 50003.999471458774,50003.0,50004.0,50004.0,51894.0,50003.99947173798,50004.0,50046.49712634186,50003.333333333336,50095.31087747408,50004.82116028684,50004.333333333336,50046.48562981032,50003.99894347596,51895.0,50003.5,50004.0,50003.75,51895.0,50003.0005279831,50003.707106781185,50003.706919888944,50003.0,50003.666666666664,50003.99894403379,50003.00052826202,50003.5,50003.99947173798,50003.99973579921,50003.99947173798,50004.0,50003.0,50003.5
org.apache.commons.math.optimization.linear.SimplexTableau.discardArtificialVariables()V 50002.999471458774,50002.0,50003.0,50003.0,51893.0,50002.99947173798,50003.0,50045.49712634186,50002.333333333336,50094.31087747408,50003.82116028684,50003.083333333336,50045.38202392697,50002.99894347596,51894.0,50002.5,50003.0,50002.75,51894.0,50002.0005279831,50002.707106781185,50002.706919888944,50002.0,50002.666666666664,50002.99894403379,50002.00052826202,50002.5,50002.99947173798,50002.99973579921,50002.99947173798,50003.0,50002.0,50002.5
org.apache.commons.math.optimization.linear.SimplexSolver.doOptimize()Lorg/apache/commons/math/optimization/RealPointValuePair; 50002.99682875264,50002.0,50002.28571428572,50002.166666666664,51888.0,50002.996830427895,50003.0,50045.43961325795,50001.5,50094.31087747408,50003.82116028684,50002.0,50002.0,50002.993660855784,51889.0,50002.142857142855,50002.166666666664,50002.57142857143,50316.5,50002.00052659294,50002.37796447301,50002.377364687694,50002.0,50002.25,50002.993680884676,50002.00052826202,50002.142857142855,50002.996830427895,50002.99841269841,50002.99683877766,50003.0,50000.99,50002.142857142855
org.apache.commons.math.optimization.linear.SimplexSolver.isOptimal(Lorg/apache/commons/math/optimization/linear/SimplexTableau;)Z 50004.99682875264,50004.0,50004.28571428572,50004.166666666664,51890.0,50004.996830427895,50005.0,50047.43961325795,50003.5,50096.15653034389,50005.77827941004,50004.0,50004.0,50004.993660855784,51891.0,50004.142857142855,50004.166666666664,50004.57142857143,50318.5,50004.00052659294,50004.37796447301,50004.377364687694,50004.0,50004.25,50004.993680884676,50004.00052826202,50004.142857142855,50004.996830427895,50004.99841269841,50004.99683877766,50005.0,50002.6,50004.142857142855
org.apache.commons.math.optimization.linear.LinearObjectiveFunction.getValue([D)D 50002.995243128964,50002.0,50002.2,50002.11111111111,51885.0,50002.99524564184,50003.0,50045.40506882842,50001.36363636364,50093.994252683726,50003.73205080757,50002.0,50002.0,50002.99049128368,51886.0,50002.1,50002.11111111111,50002.55,50211.333333333336,50002.000525762356,50002.316227766016,50002.31547474209,50002.0,50002.181818181816,50002.990536277604,50002.00052826202,50002.1,50002.99524564184,50002.99761715647,50002.99526564966,50003.0,50000.3,50002.1
org.apache.commons.math.optimization.linear.SimplexTableau.getOriginalNumDecisionVariables()I 50001.995243128964,50001.0,50001.2,50001.11111111111,51884.0,50001.99524564184,50002.0,50044.40506882842,50000.36363636364,50092.994252683726,50002.73205080757,50001.0,50001.0,50001.99049128368,51885.0,50001.1,50001.11111111111,50001.55,50210.333333333336,50001.000525762356,50001.316227766016,50001.31547474209,50001.0,50001.181818181816,50001.990536277604,50001.00052826202,50001.1,50001.99524564184,50001.99761715647,50001.99526564966,50002.0,49999.3,50001.1
org.apache.commons.math.optimization.linear.AbstractLinearOptimizer.<init>()V 50001.99418604651,50001.0,50001.166666666664,50001.09090909091,51882.0,50001.9941891178,50002.0,50044.38202392697,50000.307692307695,50093.31087747408,50002.82116028684,50001.0,50001.0,50001.988378235605,51883.0,50001.083333333336,50001.09090909091,50001.541666666664,50172.09090909091,50001.00052521008,50001.288675134594,50001.28783473941,50001.0,50001.153846153844,50001.98844537815,50001.00052826202,50001.083333333336,50001.9941891178,50001.99708609271,50001.99421965318,50002.0,49999.99,50001.083333333336
org.apache.commons.math.optimization.linear.AbstractLinearOptimizer.incrementIterationsCounter()V 50001.99418604651,50001.0,50001.166666666664,50001.09090909091,51882.0,50001.9941891178,50002.0,50044.38202392697,50000.307692307695,50093.31087747408,50002.82116028684,50001.0,50001.0,50001.988378235605,51883.0,50001.083333333336,50001.09090909091,50001.541666666664,50172.09090909091,50001.00052521008,50001.288675134594,50001.28783473941,50001.0,50001.153846153844,50001.98844537815,50001.00052826202,50001.083333333336,50001.9941891178,50001.99708609271,50001.99421965318,50002.0,49999.99,50001.083333333336
org.apache.commons.math.optimization.linear.AbstractLinearOptimizer.optimize(Lorg/apache/commons/math/optimization/linear/LinearObjectiveFunction;Ljava/util/Collection;Lorg/apache/commons/math/optimization/GoalType;Z)Lorg/apache/commons/math/optimization/RealPointValuePair; 50002.99418604651,50002.0,50002.166666666664,50002.09090909091,51883.0,50002.9941891178,50003.0,50045.38202392697,50001.307692307695,50094.31087747408,50003.82116028684,50002.0,50002.0,50002.988378235605,51884.0,50002.083333333336,50002.09090909091,50002.541666666664,50173.09090909091,50002.00052521008,50002.288675134594,50002.28783473941,50002.0,50002.153846153844,50002.98844537815,50002.00052826202,50002.083333333336,50002.9941891178,50002.99708609271,50002.99421965318,50003.0,50000.99,50002.083333333336
org.apache.commons.math.optimization.linear.AbstractLinearOptimizer.setMaxIterations(I)V 50001.99418604651,50001.0,50001.166666666664,50001.09090909091,51882.0,50001.9941891178,50002.0,50044.38202392697,50000.307692307695,50093.31087747408,50002.82116028684,50001.0,50001.0,50001.988378235605,51883.0,50001.083333333336,50001.09090909091,50001.541666666664,50172.09090909091,50001.00052521008,50001.288675134594,50001.28783473941,50001.0,50001.153846153844,50001.98844537815,50001.00052826202,50001.083333333336,50001.9941891178,50001.99708609271,50001.99421965318,50002.0,49999.99,50001.083333333336
org.apache.commons.math.optimization.linear.SimplexSolver.doIteration(Lorg/apache/commons/math/optimization/linear/SimplexTableau;)V 50002.99418604651,50002.0,50002.166666666664,50002.09090909091,51883.0,50002.9941891178,50003.0,50045.48562981032,50001.307692307695,50094.31087747408,50003.82116028684,50003.333333333336,50045.48562981032,50002.997886951925,51893.0,50002.083333333336,50002.09090909091,50002.541666666664,50947.5,50002.00052521008,50002.288675134594,50002.28783473941,50002.0,50002.153846153844,50002.99788918206,50002.00052826202,50002.083333333336,50002.99894347596,50002.999471458774,50002.99421965318,50003.0,50001.0,50002.083333333336
org.apache.commons.math.optimization.linear.SimplexSolver.getPivotColumn(Lorg/apache/commons/math/optimization/linear/SimplexTableau;)Ljava/lang/Integer; 50001.99418604651,50001.0,50001.166666666664,50001.09090909091,51882.0,50001.9941891178,50002.0,50044.38202392697,50000.307692307695,50093.31087747408,50002.82116028684,50001.0,50001.0,50001.988378235605,51883.0,50001.083333333336,50001.09090909091,50001.541666666664,50172.09090909091,50001.00052521008,50001.288675134594,50001.28783473941,50001.0,50001.153846153844,50001.98844537815,50001.00052826202,50001.083333333336,50001.9941891178,50001.99708609271,50001.99421965318,50002.0,49999.99,50001.083333333336
org.apache.commons.math.optimization.linear.SimplexSolver.getPivotRow(ILorg/apache/commons/math/optimization/linear/SimplexTableau;)Ljava/lang/Integer; 50002.99418604651,50002.0,50002.166666666664,50002.09090909091,51883.0,50002.9941891178,50003.0,50045.38202392697,50001.307692307695,50094.31087747408,50003.82116028684,50002.0,50002.0,50002.988378235605,51884.0,50002.083333333336,50002.09090909091,50002.541666666664,50173.09090909091,50002.00052521008,50002.288675134594,50002.28783473941,50002.0,50002.153846153844,50002.98844537815,50002.00052826202,50002.083333333336,50002.9941891178,50002.99708609271,50002.99421965318,50003.0,50000.99,50002.083333333336
org.apache.commons.math.optimization.linear.SimplexTableau.divideRow(ID)V 50001.99418604651,50001.0,50001.166666666664,50001.09090909091,51882.0,50001.9941891178,50002.0,50044.38202392697,50000.307692307695,50093.31087747408,50002.82116028684,50001.0,50001.0,50001.988378235605,51883.0,50001.083333333336,50001.09090909091,50001.541666666664,50172.09090909091,50001.00052521008,50001.288675134594,50001.28783473941,50001.0,50001.153846153844,50001.98844537815,50001.00052826202,50001.083333333336,50001.9941891178,50001.99708609271,50001.99421965318,50002.0,49999.99,50001.083333333336
org.apache.commons.math.optimization.linear.SimplexTableau.getNumArtificialVariables()I 50001.99418604651,50001.0,50001.166666666664,50001.09090909091,51882.0,50001.9941891178,50002.0,50044.38202392697,50000.307692307695,50093.31087747408,50002.82116028684,50001.0,50001.0,50001.988378235605,51883.0,50001.083333333336,50001.09090909091,50001.541666666664,50172.09090909091,50001.00052521008,50001.288675134594,50001.28783473941,50001.0,50001.153846153844,50001.98844537815,50001.00052826202,50001.083333333336,50001.9941891178,50001.99708609271,50001.99421965318,50002.0,49999.99,50001.083333333336
org.apache.commons.math.optimization.linear.SimplexTableau.getRhsOffset()I 50001.993657505285,50001.0,50001.153846153844,50001.083333333336,51881.0,50001.993660855784,50002.0,50044.3704968844,50000.28571428572,50093.45835429886,50002.861209718205,50001.0,50001.0,50001.98732171157,51882.0,50001.07692307692,50001.083333333336,50001.53846153846,50157.75,50001.00052493438,50001.27735009811,50001.27646915328,50001.0,50001.142857142855,50001.98740157481,50001.00052826202,50001.07692307692,50001.993660855784,50001.99682034976,50001.99369747899,50002.0,49999.98,50001.07692307692
org.apache.commons.math.util.MathUtils.compareTo(DDD)I 50001.993657505285,50001.0,50001.153846153844,50001.083333333336,51881.0,50001.993660855784,50002.0,50044.3704968844,50000.28571428572,50093.45835429886,50002.861209718205,50001.0,50001.0,50001.98732171157,51882.0,50001.07692307692,50001.083333333336,50001.53846153846,50157.75,50001.00052493438,50001.27735009811,50001.27646915328,50001.0,50001.142857142855,50001.98740157481,50001.00052826202,50001.07692307692,50001.993660855784,50001.99682034976,50001.99369747899,50002.0,49999.98,50001.07692307692
org.apache.commons.math.linear.RealVectorImpl.dotProduct([D)D 50001.99312896406,50001.0,50001.142857142855,50001.07692307692,51880.0,50001.993132593765,50002.0,50044.358966777356,50000.26666666667,50093.59980395919,50002.898828922116,50001.0,50001.0,50001.98626518753,51881.0,50001.07142857143,50001.07692307692,50001.53571428572,50145.61538461538,50001.00052465897,50001.26726124191,50001.266341478455,50001.0,50001.13333333333,50001.986358866736,50001.00052826202,50001.07142857143,50001.993132593765,50001.99655446594,50001.99317585302,50002.0,49999.97,50001.07142857143
org.apache.commons.math.linear.RealVectorImpl.mapMultiply(D)Lorg/apache/commons/math/linear/RealVector; 50001.99260042283,50001.0,50001.13333333333,50001.07142857143,51879.0,50001.99260433175,50002.0,50044.34743360338,50000.25,50093.7359100705,50002.934336420265,50001.0,50001.0,50001.9852086635,51880.0,50001.066666666666,50001.07142857143,50001.53333333333,50135.21428571428,50001.000524383846,50001.258198889744,50001.257241834704,50001.0,50001.125,50001.98531725223,50001.00052826202,50001.066666666666,50001.99260433175,50001.99628844114,50001.992654774396,50002.0,49999.96,50001.066666666666
org.apache.commons.math.optimization.linear.SimplexTableau.getBasicRow(I)Ljava/lang/Integer; 50001.99260042283,50001.0,50001.13333333333,50001.07142857143,51879.0,50001.99260433175,50002.0,50044.40506882842,50000.25,50093.7359100705,50002.934336420265,50002.1,50044.40506882842,50001.99049128368,51885.0,50001.066666666666,50001.07142857143,50001.53333333333,50210.333333333336,50001.000524383846,50001.258198889744,50001.257241834704,50001.0,50001.125,50001.990536277604,50001.00052826202,50001.066666666666,50001.99524564184,50001.99761715647,50001.992654774396,50002.0,49999.96,50001.066666666666
org.apache.commons.math.optimization.linear.SimplexTableau.getEntry(II)D 50001.99260042283,50001.0,50001.13333333333,50001.07142857143,51879.0,50001.99260433175,50002.0,50044.34743360338,50000.25,50093.7359100705,50002.934336420265,50001.0,50001.0,50001.9852086635,51880.0,50001.066666666666,50001.07142857143,50001.53333333333,50135.21428571428,50001.000524383846,50001.258198889744,50001.257241834704,50001.0,50001.125,50001.98531725223,50001.00052826202,50001.066666666666,50001.99260433175,50001.99628844114,50001.992654774396,50002.0,49999.96,50001.066666666666
org.apache.commons.math.optimization.linear.SimplexTableau.getHeight()I 50001.99260042283,50001.0,50001.13333333333,50001.07142857143,51879.0,50001.99260433175,50002.0,50044.34743360338,50000.25,50093.7359100705,50002.934336420265,50001.0,50001.0,50001.9852086635,51880.0,50001.066666666666,50001.07142857143,50001.53333333333,50135.21428571428,50001.000524383846,50001.258198889744,50001.257241834704,50001.0,50001.125,50001.98531725223,50001.00052826202,50001.066666666666,50001.99260433175,50001.99628844114,50001.992654774396,50002.0,49999.96,50001.066666666666
org.apache.commons.math.optimization.linear.SimplexTableau.getWidth()I 50001.99260042283,50001.0,50001.13333333333,50001.07142857143,51879.0,50001.99260433175,50002.0,50044.34743360338,50000.25,50093.7359100705,50002.934336420265,50001.0,50001.0,50001.9852086635,51880.0,50001.066666666666,50001.07142857143,50001.53333333333,50135.21428571428,50001.000524383846,50001.258198889744,50001.257241834704,50001.0,50001.125,50001.98531725223,50001.00052826202,50001.066666666666,50001.99260433175,50001.99628844114,50001.992654774396,50002.0,49999.96,50001.066666666666
org.apache.commons.math.optimization.linear.SimplexTableau.subtractRow(IID)V 50001.99260042283,50001.0,50001.13333333333,50001.07142857143,51879.0,50001.99260433175,50002.0,50044.34743360338,50000.25,50093.7359100705,50002.934336420265,50001.0,50001.0,50001.9852086635,51880.0,50001.066666666666,50001.07142857143,50001.53333333333,50135.21428571428,50001.000524383846,50001.258198889744,50001.257241834704,50001.0,50001.125,50001.98531725223,50001.00052826202,50001.066666666666,50001.99260433175,50001.99628844114,50001.992654774396,50002.0,49999.96,50001.066666666666
org.apache.commons.math.optimization.linear.LinearConstraint.getCoefficients()Lorg/apache/commons/math/linear/RealVector; 50001.99207188161,50001.0,50001.125,50001.066666666666,51878.0,50001.99207606973,50002.0,50044.33589736004,50000.23529411765,50093.86723602993,50002.96798967126,50001.0,50001.0,50001.98415213946,51879.0,50001.0625,50001.066666666666,50001.53125,50126.2,50001.00052410901,50001.25,50001.24900701315,50001.0,50001.117647058825,50001.98427672956,50001.00052826202,50001.0625,50001.99207606973,50001.996022275256,50001.99213424227,50002.0,49999.95,50001.0625
org.apache.commons.math.optimization.linear.LinearConstraint.getRelationship()Lorg/apache/commons/math/optimization/linear/Relationship; 50001.99207188161,50001.0,50001.125,50001.066666666666,51878.0,50001.99207606973,50002.0,50044.33589736004,50000.23529411765,50093.86723602993,50002.96798967126,50001.0,50001.0,50001.98415213946,51879.0,50001.0625,50001.066666666666,50001.53125,50126.2,50001.00052410901,50001.25,50001.24900701315,50001.0,50001.117647058825,50001.98427672956,50001.00052826202,50001.0625,50001.99207606973,50001.996022275256,50001.99213424227,50002.0,49999.95,50001.0625
org.apache.commons.math.optimization.linear.LinearConstraint.getValue()D 50001.99207188161,50001.0,50001.125,50001.066666666666,51878.0,50001.99207606973,50002.0,50044.33589736004,50000.23529411765,50093.86723602993,50002.96798967126,50001.0,50001.0,50001.98415213946,51879.0,50001.0625,50001.066666666666,50001.53125,50126.2,50001.00052410901,50001.25,50001.24900701315,50001.0,50001.117647058825,50001.98427672956,50001.00052826202,50001.0625,50001.99207606973,50001.996022275256,50001.99213424227,50002.0,49999.95,50001.0625
org.apache.commons.math.optimization.linear.LinearObjectiveFunction.getCoefficients()Lorg/apache/commons/math/linear/RealVector; 50001.99207188161,50001.0,50001.125,50001.066666666666,51878.0,50001.99207606973,50002.0,50044.33589736004,50000.23529411765,50093.86723602993,50002.96798967126,50001.0,50001.0,50001.98415213946,51879.0,50001.0625,50001.066666666666,50001.53125,50126.2,50001.00052410901,50001.25,50001.24900701315,50001.0,50001.117647058825,50001.98427672956,50001.00052826202,50001.0625,50001.99207606973,50001.996022275256,50001.99213424227,50002.0,49999.95,50001.0625
org.apache.commons.math.optimization.linear.LinearObjectiveFunction.getConstantTerm()D 50001.99207188161,50001.0,50001.125,50001.066666666666,51878.0,50001.99207606973,50002.0,50044.33589736004,50000.23529411765,50093.86723602993,50002.96798967126,50001.0,50001.0,50001.98415213946,51879.0,50001.0625,50001.066666666666,50001.53125,50126.2,50001.00052410901,50001.25,50001.24900701315,50001.0,50001.117647058825,50001.98427672956,50001.00052826202,50001.0625,50001.99207606973,50001.996022275256,50001.99213424227,50002.0,49999.95,50001.0625
org.apache.commons.math.optimization.linear.SimplexTableau.<init>(Lorg/apache/commons/math/optimization/linear/LinearObjectiveFunction;Ljava/util/Collection;Lorg/apache/commons/math/optimization/GoalType;ZD)V 50001.99207188161,50001.0,50001.125,50001.066666666666,51878.0,50001.99207606973,50002.0,50044.33589736004,50000.23529411765,50093.86723602993,50002.96798967126,50001.0,50001.0,50001.98415213946,51879.0,50001.0625,50001.066666666666,50001.53125,50126.2,50001.00052410901,50001.25,50001.24900701315,50001.0,50001.117647058825,50001.98427672956,50001.00052826202,50001.0625,50001.99207606973,50001.996022275256,50001.99213424227,50002.0,49999.95,50001.0625
org.apache.commons.math.optimization.linear.SimplexTableau.copyArray([D[DI)V 50001.99207188161,50001.0,50001.125,50001.066666666666,51878.0,50001.99207606973,50002.0,50044.33589736004,50000.23529411765,50093.86723602993,50002.96798967126,50001.0,50001.0,50001.98415213946,51879.0,50001.0625,50001.066666666666,50001.53125,50126.2,50001.00052410901,50001.25,50001.24900701315,50001.0,50001.117647058825,50001.98427672956,50001.00052826202,50001.0625,50001.99207606973,50001.996022275256,50001.99213424227,50002.0,49999.95,50001.0625
org.apache.commons.math.optimization.linear.SimplexTableau.getConstraintTypeCounts(Lorg/apache/commons/math/optimization/linear/Relationship;)I 50001.99207188161,50001.0,50001.125,50001.066666666666,51878.0,50001.99207606973,50002.0,50044.33589736004,50000.23529411765,50093.86723602993,50002.96798967126,50001.0,50001.0,50001.98415213946,51879.0,50001.0625,50001.066666666666,50001.53125,50126.2,50001.00052410901,50001.25,50001.24900701315,50001.0,50001.117647058825,50001.98427672956,50001.00052826202,50001.0625,50001.99207606973,50001.996022275256,50001.99213424227,50002.0,49999.95,50001.0625
org.apache.commons.math.optimization.linear.SimplexTableau.getNormalizedConstraints()Ljava/util/List; 50001.99207188161,50001.0,50001.125,50001.066666666666,51878.0,50001.99207606973,50002.0,50044.33589736004,50000.23529411765,50093.86723602993,50002.96798967126,50001.0,50001.0,50001.98415213946,51879.0,50001.0625,50001.066666666666,50001.53125,50126.2,50001.00052410901,50001.25,50001.24900701315,50001.0,50001.117647058825,50001.98427672956,50001.00052826202,50001.0625,50001.99207606973,50001.996022275256,50001.99213424227,50002.0,49999.95,50001.0625
org.apache.commons.math.optimization.linear.SimplexTableau.getNumObjectiveFunctions()I 50001.99207188161,50001.0,50001.125,50001.066666666666,51878.0,50001.99207606973,50002.0,50044.33589736004,50000.23529411765,50093.86723602993,50002.96798967126,50001.0,50001.0,50001.98415213946,51879.0,50001.0625,50001.066666666666,50001.53125,50126.2,50001.00052410901,50001.25,50001.24900701315,50001.0,50001.117647058825,50001.98427672956,50001.00052826202,50001.0625,50001.99207606973,50001.996022275256,50001.99213424227,50002.0,49999.95,50001.0625
org.apache.commons.math.optimization.linear.SimplexTableau.getNumVariables()I 50001.99207188161,50001.0,50001.125,50001.066666666666,51878.0,50001.99207606973,50002.0,50044.33589736004,50000.23529411765,50093.86723602993,50002.96798967126,50001.0,50001.0,50001.98415213946,51879.0,50001.0625,50001.066666666666,50001.53125,50126.2,50001.00052410901,50001.25,50001.24900701315,50001.0,50001.117647058825,50001.98427672956,50001.00052826202,50001.0625,50001.99207606973,50001.996022275256,50001.99213424227,50002.0,49999.95,50001.0625
org.apache.commons.math.optimization.linear.SimplexTableau.initialize()V 50001.99207188161,50001.0,50001.125,50001.066666666666,51878.0,50001.99207606973,50002.0,50044.34743360338,50000.23529411765,50093.86723602993,50002.96798967126,50002.066666666666,50044.34743360338,50001.9852086635,51880.0,50001.0625,50001.066666666666,50001.53125,50135.21428571428,50001.00052410901,50001.25,50001.24900701315,50001.0,50001.117647058825,50001.98531725223,50001.00052826202,50001.0625,50001.99260433175,50001.99628844114,50001.99213424227,50002.0,49999.95,50001.0625
org.apache.commons.math.optimization.linear.SimplexTableau.normalize(Lorg/apache/commons/math/optimization/linear/LinearConstraint;)Lorg/apache/commons/math/optimization/linear/LinearConstraint; 50001.99207188161,50001.0,50001.125,50001.066666666666,51878.0,50001.99207606973,50002.0,50044.33589736004,50000.23529411765,50093.86723602993,50002.96798967126,50001.0,50001.0,50001.98415213946,51879.0,50001.0625,50001.066666666666,50001.53125,50126.2,50001.00052410901,50001.25,50001.24900701315,50001.0,50001.117647058825,50001.98427672956,50001.00052826202,50001.0625,50001.99207606973,50001.996022275256,50001.99213424227,50002.0,49999.95,50001.0625
org.apache.commons.math.optimization.RealPointValuePair.getPoint()[D 50001.991014799154,50001.0,50001.11111111111,50001.05882352941,51876.0,50001.9910195457,50002.0,50044.312815655416,50000.21052631579,50094.11735830934,50003.03054318487,50001.0,50001.0,50001.98203909139,51877.0,50001.055555555555,50001.05882352941,50001.52777777778,50111.35294117647,50001.00052356021,50001.2357022604,50001.23464095493,50001.0,50001.10526315789,50001.98219895288,50001.00052826202,50001.055555555555,50001.9910195457,50001.995489519766,50001.99109481404,50002.0,49999.93,50001.055555555555
org.apache.commons.math.optimization.RealPointValuePair.<init>([DD)V 50001.98361522199,50001.0,50001.0625,50001.032258064515,51862.0,50001.983623877444,50002.0,50044.15089802078,50000.121212121216,50095.562017046555,50003.35961106177,50001.0,50001.0,50001.96724775489,51863.0,50001.03125,50001.032258064515,50001.515625,50061.06451612903,50001.00051975052,50001.1767766953,50001.17532249053,50001.0,50001.06060606061,50001.967775467776,50001.00052826202,50001.03125,50001.983623877444,50001.99174434088,50001.983879355175,50002.0,49999.79,50001.03125
org.apache.commons.math.linear.RealVectorImpl.getData()[D 50001.98308668076,50001.0,50001.06060606061,50001.03125,51861.0,50001.983095615426,50002.0,50044.13930922025,50000.117647058825,50095.65110693322,50003.37841423001,50001.0,50001.0,50001.96619123085,51862.0,50001.030303030304,50001.03125,50001.51515151515,50059.15625,50001.00051948052,50001.17407765595,50001.17259926268,50001.0,50001.05882352941,50001.96675324675,50001.00052826202,50001.030303030304,50001.983095615426,50001.99147575919,50001.98336798337,50002.0,49999.78,50001.030303030304
org.apache.commons.math.linear.RealVectorImpl.checkVectorDimensions(I)V 50001.98044397463,50001.0,50001.05263157895,50001.02702702703,51856.0,50001.98045430533,50002.0,50044.48562981032,50000.10256410256,50096.15866668669,50003.4828237962,50002.333333333336,50044.48562981032,50001.997886951925,51892.0,50001.02631578947,50001.02702702703,50001.51315789474,50946.5,50001.000518134715,50001.16222142113,50001.16062738629,50001.0,50001.05128205128,50001.99788918206,50001.00052826202,50001.02631578947,50001.99894347596,50001.999471458774,50001.980819077246,50002.0,50000.0,50001.02631578947
org.apache.commons.math.linear.RealMatrixImpl.getEntry(II)D 50001.97568710359,50001.0,50001.04255319149,50001.02173913043,51847.0,50001.97569994717,50002.0,50044.48562981032,50000.083333333336,50096.776582666855,50003.60429068714,50002.333333333336,50044.48562981032,50001.997886951925,51892.0,50001.02127659575,50001.02173913043,50001.51063829787,50946.5,50001.00051572976,50001.1458649915,50001.14408088033,50001.0,50001.041666666664,50001.99788918206,50001.00052826202,50001.02127659575,50001.99894347596,50001.999471458774,50001.976264189885,50002.0,50000.0,50001.02127659575
org.apache.commons.math.linear.RealMatrixImpl.setEntry(IID)V 50001.974101479915,50001.0,50001.04,50001.02040816326,51844.0,50001.97411516112,50002.0,50043.94182110717,50000.07843137255,50096.994252683726,50003.645751311065,50001.0,50001.0,50001.94823032224,51845.0,50001.02,50001.02040816326,50001.51,50038.63265306123,50001.00051493306,50001.14142135624,50001.13957804125,50001.0,50001.03921568627,50001.94953656025,50001.00052826202,50001.02,50001.97411516112,50001.986887877974,50001.97475528078,50002.0,49999.61,50001.02
org.apache.commons.math.linear.RealMatrixImpl.<init>([[D)V 50001.95983086681,50001.0,50001.02597402597,50001.01315789474,51817.0,50001.959852086635,50002.0,50043.62628297189,50000.05128205128,50098.71205057081,50003.95259172374,50001.0,50001.0,50001.91970417327,51818.0,50001.01298701299,50001.01315789474,50001.506493506495,50024.90789473684,50001.00050787201,50001.11396057646,50001.11164826883,50001.0,50001.02564102564,50001.922803453526,50001.00052826202,50001.01298701299,50001.959852086635,50001.9795148248,50001.96138211382,50002.0,49999.34,50001.01298701299
org.apache.commons.math.linear.RealMatrixImpl.copyIn([[D)V 50001.95983086681,50001.0,50001.02597402597,50001.01315789474,51817.0,50001.959852086635,50002.0,50043.62628297189,50000.05128205128,50098.71205057081,50003.95259172374,50001.0,50001.0,50001.91970417327,51818.0,50001.01298701299,50001.01315789474,50001.506493506495,50024.90789473684,50001.00050787201,50001.11396057646,50001.11164826883,50001.0,50001.02564102564,50001.922803453526,50001.00052826202,50001.01298701299,50001.959852086635,50001.9795148248,50001.96138211382,50002.0,49999.34,50001.01298701299
org.apache.commons.math.linear.RealMatrixImpl.setSubMatrix([[DII)V 50001.95983086681,50001.0,50001.02597402597,50001.01315789474,51817.0,50001.959852086635,50002.0,50044.48562981032,50000.05128205128,50098.71205057081,50003.95259172374,50002.333333333336,50044.48562981032,50001.997886951925,51892.0,50001.01298701299,50001.01315789474,50001.506493506495,50946.5,50001.00050787201,50001.11396057646,50001.11164826883,50001.0,50001.02564102564,50001.99788918206,50001.00052826202,50001.01298701299,50001.99894347596,50001.999471458774,50001.96138211382,50002.0,50000.0,50001.01298701299
org.apache.commons.math.linear.RealVectorImpl.getDimension()I 50001.955602537,50001.0,50001.02352941177,50001.01190476191,51809.0,50001.95562599049,50002.0,50043.53234063627,50000.04651162791,50099.15940407364,50004.02740010404,50001.0,50001.0,50001.911251980986,51810.0,50001.01176470588,50001.01190476191,50001.50588235294,50022.53571428572,50001.0005058169,50001.10846522891,50001.10603010322,50001.0,50001.023255813954,50001.91502276176,50001.00052826202,50001.01176470588,50001.95562599049,50001.9773095624,50001.95748987854,50002.0,49999.26,50001.01176470588
org.apache.commons.math.linear.RealMatrixImpl.getColumnDimension()I 50001.94978858351,50001.0,50001.020833333336,50001.01052631579,51798.0,50001.949815108295,50002.0,50043.40283009423,50000.0412371134,50099.74104702853,50004.12198564135,50001.0,50001.0,50001.89963021659,51799.0,50001.010416666664,50001.01052631579,50001.505208333336,50019.926315789475,50001.000503018106,50001.10206207262,50001.099466733525,50001.0,50001.0206185567,50001.904426559355,50001.00052826202,50001.010416666664,50001.949815108295,50001.97426171769,50001.952189229996,50002.0,49999.15,50001.010416666664
org.apache.commons.math.linear.RealMatrixImpl.getRowDimension()I 50001.94978858351,50001.0,50001.020833333336,50001.01052631579,51798.0,50001.949815108295,50002.0,50043.40283009423,50000.0412371134,50099.74104702853,50004.12198564135,50001.0,50001.0,50001.89963021659,51799.0,50001.010416666664,50001.01052631579,50001.505208333336,50019.926315789475,50001.000503018106,50001.10206207262,50001.099466733525,50001.0,50001.0206185567,50001.904426559355,50001.00052826202,50001.010416666664,50001.949815108295,50001.97426171769,50001.952189229996,50002.0,49999.15,50001.010416666664
org.apache.commons.math.linear.AbstractRealMatrix.<init>()V 50001.94133192389,50001.0,50001.017857142855,50001.00900900901,51782.0,50001.941362916004,50002.0,50043.21374183841,50000.03539823009,50100.529906436575,50004.245867180405,50001.0,50001.0,50001.882725832016,51783.0,50001.00892857143,50001.00900900901,50001.50446428572,50017.05405405405,50001.000499001995,50001.09449111825,50001.09167741991,50001.0,50001.017699115044,50001.889221556885,50001.00052826202,50001.00892857143,50001.941362916004,50001.96979591837,50001.94458312531,50002.0,49998.99,50001.00892857143
org.apache.commons.math.linear.RealVectorImpl.<init>([D)V 50001.9355179704,50001.0,50001.0162601626,50001.00819672131,51771.0,50001.93555203381,50002.0,50043.083250825,50000.032258064515,50101.039613700916,50004.323456185535,50001.0,50001.0,50001.87110406762,51772.0,50001.0081300813,50001.00819672131,50001.50406504065,50015.516393442624,50001.00049627791,50001.09016696347,50001.08721145084,50001.0,50001.01612903226,50001.878908188584,50001.00052826202,50001.0081300813,50001.93555203381,50001.966703056765,50001.93942403178,50002.0,49998.88,50001.0081300813
org.apache.commons.math.optimization.linear.SimplexSolver.<init>()V 5012.9941860465115,5012.0,5012.166666666667,5012.090909090909,6893.0,5012.994189117802,5013.0,5055.382023926968,5011.307692307692,5104.310877474081,5013.821160286838,5012.0,5012.0,5012.988378235605,6894.0,5012.083333333333,5012.090909090909,5012.541666666667,5183.090909090909,5012.000525210084,5012.288675134595,5012.287834739407,5012.0,5012.153846153846,5012.9884453781515,5012.000528262018,5012.083333333333,5012.994189117802,5012.997086092715,5012.994219653179,5013.0,5010.99,5012.083333333333
org.apache.commons.math.optimization.linear.SimplexSolver.<init>(D)V 5012.9941860465115,5012.0,5012.166666666667,5012.090909090909,6893.0,5012.994189117802,5013.0,5055.382023926968,5011.307692307692,5104.310877474081,5013.821160286838,5012.0,5012.0,5012.988378235605,6894.0,5012.083333333333,5012.090909090909,5012.541666666667,5183.090909090909,5012.000525210084,5012.288675134595,5012.287834739407,5012.0,5012.153846153846,5012.9884453781515,5012.000528262018,5012.083333333333,5012.994189117802,5012.997086092715,5012.994219653179,5013.0,5010.99,5012.083333333333
org.apache.commons.math.optimization.linear.LinearConstraint.<init>([DLorg/apache/commons/math/optimization/linear/Relationship;D)V 5012.992600422833,5012.0,5012.133333333333,5012.071428571428,6890.0,5012.992604331748,5013.0,5055.347433603387,5011.25,5104.7359100705,5013.934336420268,5012.0,5012.0,5012.985208663497,6891.0,5012.066666666667,5012.071428571428,5012.533333333334,5146.214285714285,5012.000524383849,5012.258198889747,5012.2572418347045,5012.0,5012.125,5012.985317252229,5012.000528262018,5012.066666666667,5012.992604331748,5012.996288441145,5012.992654774396,5013.0,5010.96,5012.066666666667
org.apache.commons.math.optimization.linear.LinearConstraint.<init>(Lorg/apache/commons/math/linear/RealVector;Lorg/apache/commons/math/optimization/linear/Relationship;D)V 5012.9920718816065,5012.0,5012.125,5012.066666666667,6889.0,5012.9920760697305,5013.0,5055.335897360041,5011.235294117647,5104.867236029933,5013.967989671265,5012.0,5012.0,5012.984152139461,6890.0,5012.0625,5012.066666666667,5012.53125,5137.2,5012.000524109015,5012.25,5012.249007013155,5012.0,5012.117647058823,5012.9842767295595,5012.000528262018,5012.0625,5012.9920760697305,5012.996022275259,5012.992134242265,5013.0,5010.95,5012.0625
org.apache.commons.math.optimization.linear.LinearObjectiveFunction.<init>(Lorg/apache/commons/math/linear/RealVector;D)V 5012.9920718816065,5012.0,5012.125,5012.066666666667,6889.0,5012.9920760697305,5013.0,5055.335897360041,5011.235294117647,5104.867236029933,5013.967989671265,5012.0,5012.0,5012.984152139461,6890.0,5012.0625,5012.066666666667,5012.53125,5137.2,5012.000524109015,5012.25,5012.249007013155,5012.0,5012.117647058823,5012.9842767295595,5012.000528262018,5012.0625,5012.9920760697305,5012.996022275259,5012.992134242265,5013.0,5010.95,5012.0625
org.apache.commons.math.optimization.linear.LinearObjectiveFunction.<init>([DD)V 5012.9920718816065,5012.0,5012.125,5012.066666666667,6889.0,5012.9920760697305,5013.0,5055.335897360041,5011.235294117647,5104.867236029933,5013.967989671265,5012.0,5012.0,5012.984152139461,6890.0,5012.0625,5012.066666666667,5012.53125,5137.2,5012.000524109015,5012.25,5012.249007013155,5012.0,5012.117647058823,5012.9842767295595,5012.000528262018,5012.0625,5012.9920760697305,5012.996022275259,5012.992134242265,5013.0,5010.95,5012.0625
