org.jfree.chart.renderer.category.AbstractCategoryItemRenderer.getLegendItems()Lorg/jfree/chart/LegendItemCollection; 5000005.0,5000004.0,5000006.0,6000004.0,5002204.0,5000005.0,5000005.0,5000050.914816423,5000005.0,5000105.891077727,5000006.466325714,5000004.0,5000004.0,5000005.0,5002205.0,5000005.0,6000004.0,5000005.0,5000062.486486486,5000004.000454339,5000005.0,5000005.0,5000004.0,5000005.0,5000005.0,5000004.000454339,5000005.0,5000005.0,5000005.0,5000005.0,5000005.0,5000005.0,5000005.0
org.jfree.chart.plot.CategoryPlot.setRenderer(Lorg/jfree/chart/renderer/category/CategoryItemRenderer;)V 50002.998181818184,50002.0,50002.4,50002.25,52198.0,50002.99818264425,50003.0,50048.87216658103,50001.666666666664,50099.80831519647,50003.41421356237,50002.0,50002.0,50002.996365288505,52199.0,50002.2,50002.25,50002.6,50551.25,50002.00045351474,50002.4472135955,50002.44680685272,50002.0,50002.333333333336,50002.99637188209,50002.00045433894,50002.2,50002.99818264425,50002.99909049568,50002.99818511797,50003.0,50000.8,50002.2
org.jfree.chart.plot.CategoryPlot.setRenderer(ILorg/jfree/chart/renderer/category/CategoryItemRenderer;Z)V 50003.99681818182,50003.0,50003.25,50003.142857142855,52196.0,50003.99681962744,50004.0,50049.84015371452,50002.444444444445,50101.45406650753,50004.6265765617,50003.0,50003.0,50003.993639254884,52197.0,50003.125,50003.142857142855,50003.5625,50316.42857142857,50003.00045289855,50003.353553390596,50003.352990471154,50003.0,50003.22222222222,50003.99365942029,50003.00045433894,50003.125,50003.99681962744,50003.998407281004,50003.99682827367,50004.0,50001.5,50003.125
org.jfree.chart.plot.CategoryPlot.setDataset(Lorg/jfree/data/category/CategoryDataset;)V 50002.99363636364,50002.0,50002.13333333333,50002.07142857143,52188.0,50002.993639254884,50003.0,50048.76537180436,50001.25,50101.54997258324,50003.934336420265,50002.0,50002.0,50002.98727850977,52189.0,50002.066666666666,50002.07142857143,50002.53333333333,50158.21428571428,50002.00045146727,50002.258198889744,50002.25737603665,50002.0,50002.125,50002.98735891648,50002.00045433894,50002.066666666666,50002.993639254884,50002.9968094804,50002.99367660343,50003.0,50000.96,50002.066666666666
org.jfree.chart.plot.CategoryPlot.setDataset(ILorg/jfree/data/category/CategoryDataset;)V 50003.990454545456,50003.0,50003.09090909091,50003.04761904762,52182.0,50003.99045888233,50004.0,50049.786750261155,50002.17391304348,50103.49873095629,50005.165736770665,50004.07692307692,50049.786750261155,50003.989095865516,52192.0,50003.045454545456,50003.04761904762,50003.52272727273,50185.416666666664,50003.000450045,50003.21320071635,50003.21218072758,50003.0,50003.086956521736,50003.98915499322,50003.00045433894,50003.045454545456,50003.99454793276,50003.99726651481,50003.99054479964,50004.0,50001.89,50003.045454545456
org.jfree.chart.plot.CategoryPlot.getRangeAxis(I)Lorg/jfree/chart/axis/ValueAxis; 50002.98954545455,50002.0,50002.083333333336,50002.04347826087,52179.0,50002.98955020445,50003.0,50048.84015371452,50001.16,50108.53212049123,50005.27472217062,50003.125,50048.84015371452,50002.993639254884,52196.0,50002.041666666664,50002.04347826087,50002.520833333336,50315.42857142857,50002.00044964029,50002.20412414523,50002.2030543292,50002.0,50002.08,50002.99365942029,50002.00045433894,50002.041666666664,50002.99681962744,50002.998407281004,50002.98965362123,50003.0,50000.87,50002.041666666664
org.jfree.chart.renderer.category.LineAndShapeRenderer.<init>()V 50001.987727272724,50001.0,50001.07142857143,50001.03703703704,52174.0,50001.987732848705,50002.0,50047.6261729075,50000.137931034486,50102.004467619176,50003.279507056955,50001.0,50001.0,50001.97546569741,52175.0,50001.03571428572,50001.03703703704,50001.517857142855,50081.51851851852,50001.00044883303,50001.188982236505,50001.187818992716,50001.0,50001.06896551724,50001.975763016155,50001.00045433894,50001.03571428572,50001.987732848705,50001.99382857143,50001.98787606646,50002.0,49999.83,50001.03571428572
org.jfree.chart.plot.CategoryPlot.getIndexOf(Lorg/jfree/chart/renderer/category/CategoryItemRenderer;)I 50003.983181818185,50003.0,50003.05263157895,50003.02702702703,52166.0,50003.98318945934,50004.0,50049.51881339845,50002.10256410256,50104.89107772677,50005.46632571456,50003.0,50003.0,50003.966378918674,52167.0,50003.02631578947,50003.02702702703,50003.51315789474,50061.48648648649,50003.00044682752,50003.16222142113,50003.16085150214,50003.0,50003.05128205128,50003.96693476318,50003.00045433894,50003.02631578947,50003.98318945934,50003.99152348225,50003.98345999106,50004.0,50001.73,50003.02631578947
org.jfree.chart.renderer.category.LineAndShapeRenderer.<init>(ZZ)V 50001.97727272727,50001.0,50001.03921568627,50001.02,52151.0,50001.97728305316,50002.0,50047.37887450122,50000.07692307692,50103.87938300833,50003.65914794847,50001.0,50001.0,50001.95456610632,52152.0,50001.01960784314,50001.02,50001.509803921566,50044.02,50001.000444247,50001.140028008405,50001.13842763575,50001.0,50001.03846153846,50001.955575299864,50001.00045433894,50001.01960784314,50001.97728305316,50001.98851102941,50001.97777777778,50002.0,49999.6,50001.01960784314
org.jfree.chart.LegendItemCollection.getItemCount()I 50001.96772727273,50001.0,50001.02777777778,50001.01408450704,52130.0,50001.967741935485,50002.0,50047.15192303686,50000.05479452055,50105.234464969646,50003.902783108184,50001.0,50001.0,50001.93548387097,52131.0,50001.01388888889,50001.01408450704,50001.506944444445,50031.0,50001.000440140844,50001.1178511302,50001.11593384564,50001.0,50001.02739726027,50001.9375,50001.00045433894,50001.01388888889,50001.967741935485,50001.983606557376,50001.96873623954,50002.0,49999.39,50001.01388888889
org.jfree.chart.LegendItemCollection.<init>()V 50001.964545454546,50001.0,50001.0253164557,50001.01282051282,52123.0,50001.96456156293,50002.0,50047.07602413403,50000.05,50105.640076062795,50003.971827866204,50001.0,50001.0,50001.929123125854,52124.0,50001.012658227846,50001.01282051282,50001.50632911392,50028.217948717946,50001.00043878894,50001.112508790095,50001.110496317284,50001.0,50001.025,50001.931548924964,50001.00045433894,50001.012658227846,50001.96456156293,50001.98196114709,50001.965759438106,50002.0,49999.32,50001.012658227846
org.jfree.data.category.DefaultCategoryDataset.addValue(DLjava/lang/Comparable;Ljava/lang/Comparable;)V 50001.95818181818,50001.0,50001.021505376346,50001.010869565216,52109.0,50001.95820081781,50002.0,50046.92385001282,50000.04255319149,50106.39997824309,50004.097041014684,50001.0,50001.0,50001.91640163562,52110.0,50001.01075268817,50001.010869565216,50001.50537634409,50023.92391304348,50001.0004361099,50001.10369516947,50001.10150384378,50001.0,50001.02127659575,50001.91975577846,50001.00045433894,50001.01075268817,50001.95820081781,50001.97865429235,50001.95986038395,50002.0,49999.18,50001.01075268817
org.jfree.chart.renderer.category.AbstractCategoryItemRenderer.setPlot(Lorg/jfree/chart/plot/CategoryPlot;)V 50001.953636363636,50001.0,50001.01941747573,50001.009803921566,52099.0,50001.95365742844,50002.0,50046.81484475582,50000.03846153846,50106.90782013483,50004.17797182781,50001.0,50001.0,50001.907314856886,52100.0,50001.00970873787,50001.009803921566,50001.50485436893,50021.57843137255,50001.00043421624,50001.09853292782,50001.096221647625,50001.0,50001.019230769234,50001.9114198871,50001.00045433894,50001.00970873787,50001.95365742844,50001.976279069764,50001.95569070373,50002.0,49999.08,50001.00970873787
org.jfree.chart.plot.CategoryPlot.<init>(Lorg/jfree/data/category/CategoryDataset;Lorg/jfree/chart/axis/CategoryAxis;Lorg/jfree/chart/axis/ValueAxis;Lorg/jfree/chart/renderer/category/CategoryItemRenderer;)V 50001.94772727273,50001.0,50001.01724137931,50001.00869565218,52086.0,50001.947751022264,50002.0,50046.94562003064,50000.03418803419,50107.53212049123,50004.27472217062,50002.01098901099,50046.94562003064,50001.91821899137,52112.0,50001.00862068965,50001.00869565218,50001.504310344826,50024.455555555556,50001.00043177893,50001.09284766909,50001.09038839912,50001.0,50001.017094017094,50001.92143168922,50001.00045433894,50001.00862068965,50001.959109495685,50001.97912801484,50001.95032397408,50002.0,49998.95,50001.00862068965
org.jfree.chart.plot.CategoryPlot.checkAxisIndices(Ljava/util/List;)V 50001.94772727273,50001.0,50001.01724137931,50001.00869565218,52086.0,50001.947751022264,50002.0,50046.672748986675,50000.03418803419,50107.53212049123,50004.27472217062,50001.0,50001.0,50001.89550204453,52087.0,50001.00862068965,50001.00869565218,50001.504310344826,50019.139130434785,50001.00043177893,50001.09284766909,50001.09038839912,50001.0,50001.017094017094,50001.90069084628,50001.00045433894,50001.00862068965,50001.947751022264,50001.97317471425,50001.95032397408,50002.0,49998.95,50001.00862068965
org.jfree.chart.plot.CategoryPlot.configureDomainAxes()V 50001.94772727273,50001.0,50001.01724137931,50001.00869565218,52086.0,50001.947751022264,50002.0,50046.793012567425,50000.03418803419,50107.53212049123,50004.27472217062,50002.009523809524,50046.793012567425,50001.90549750114,52098.0,50001.00862068965,50001.00869565218,50001.504310344826,50021.16346153846,50001.00043177893,50001.09284766909,50001.09038839912,50001.0,50001.017094017094,50001.909761388284,50001.00045433894,50001.00862068965,50001.95274875057,50001.97580269893,50001.95032397408,50002.0,49998.95,50001.00862068965
org.jfree.chart.plot.CategoryPlot.configureRangeAxes()V 50001.94772727273,50001.0,50001.01724137931,50001.00869565218,52086.0,50001.947751022264,50002.0,50046.793012567425,50000.03418803419,50107.53212049123,50004.27472217062,50002.009523809524,50046.793012567425,50001.90549750114,52098.0,50001.00862068965,50001.00869565218,50001.504310344826,50021.16346153846,50001.00043177893,50001.09284766909,50001.09038839912,50001.0,50001.017094017094,50001.909761388284,50001.00045433894,50001.00862068965,50001.95274875057,50001.97580269893,50001.95032397408,50002.0,49998.95,50001.00862068965
org.jfree.chart.plot.CategoryPlot.datasetChanged(Lorg/jfree/data/event/DatasetChangeEvent;)V 50001.94772727273,50001.0,50001.01724137931,50001.00869565218,52086.0,50001.947751022264,50002.0,50047.88283267892,50000.03418803419,50107.53212049123,50004.27472217062,50002.25,50047.88283267892,50001.99727396638,52199.0,50001.00862068965,50001.00869565218,50001.504310344826,50733.666666666664,50001.00043177893,50001.09284766909,50001.09038839912,50001.0,50001.017094017094,50001.99727767695,50001.00045433894,50001.00862068965,50001.99863698319,50001.99931802682,50001.95032397408,50002.0,49999.0,50001.00862068965
org.jfree.chart.plot.CategoryPlot.getDataset(I)Lorg/jfree/data/category/CategoryDataset; 50001.94772727273,50001.0,50001.01724137931,50001.00869565218,52086.0,50001.947751022264,50002.0,50046.672748986675,50000.03418803419,50107.53212049123,50004.27472217062,50001.0,50001.0,50001.89550204453,52087.0,50001.00862068965,50001.00869565218,50001.504310344826,50019.139130434785,50001.00043177893,50001.09284766909,50001.09038839912,50001.0,50001.017094017094,50001.90069084628,50001.00045433894,50001.00862068965,50001.947751022264,50001.97317471425,50001.95032397408,50002.0,49998.95,50001.00862068965
org.jfree.chart.plot.CategoryPlot.mapDatasetToDomainAxes(ILjava/util/List;)V 50001.94772727273,50001.0,50001.01724137931,50001.00869565218,52086.0,50001.947751022264,50002.0,50046.672748986675,50000.03418803419,50107.53212049123,50004.27472217062,50001.0,50001.0,50001.89550204453,52087.0,50001.00862068965,50001.00869565218,50001.504310344826,50019.139130434785,50001.00043177893,50001.09284766909,50001.09038839912,50001.0,50001.017094017094,50001.90069084628,50001.00045433894,50001.00862068965,50001.947751022264,50001.97317471425,50001.95032397408,50002.0,49998.95,50001.00862068965
org.jfree.chart.plot.CategoryPlot.mapDatasetToDomainAxis(II)V 50001.94772727273,50001.0,50001.01724137931,50001.00869565218,52086.0,50001.947751022264,50002.0,50046.672748986675,50000.03418803419,50107.53212049123,50004.27472217062,50001.0,50001.0,50001.89550204453,52087.0,50001.00862068965,50001.00869565218,50001.504310344826,50019.139130434785,50001.00043177893,50001.09284766909,50001.09038839912,50001.0,50001.017094017094,50001.90069084628,50001.00045433894,50001.00862068965,50001.947751022264,50001.97317471425,50001.95032397408,50002.0,49998.95,50001.00862068965
org.jfree.chart.plot.CategoryPlot.mapDatasetToRangeAxes(ILjava/util/List;)V 50001.94772727273,50001.0,50001.01724137931,50001.00869565218,52086.0,50001.947751022264,50002.0,50046.672748986675,50000.03418803419,50107.53212049123,50004.27472217062,50001.0,50001.0,50001.89550204453,52087.0,50001.00862068965,50001.00869565218,50001.504310344826,50019.139130434785,50001.00043177893,50001.09284766909,50001.09038839912,50001.0,50001.017094017094,50001.90069084628,50001.00045433894,50001.00862068965,50001.947751022264,50001.97317471425,50001.95032397408,50002.0,49998.95,50001.00862068965
org.jfree.chart.plot.CategoryPlot.mapDatasetToRangeAxis(II)V 50001.94772727273,50001.0,50001.01724137931,50001.00869565218,52086.0,50001.947751022264,50002.0,50046.672748986675,50000.03418803419,50107.53212049123,50004.27472217062,50001.0,50001.0,50001.89550204453,52087.0,50001.00862068965,50001.00869565218,50001.504310344826,50019.139130434785,50001.00043177893,50001.09284766909,50001.09038839912,50001.0,50001.017094017094,50001.90069084628,50001.00045433894,50001.00862068965,50001.947751022264,50001.97317471425,50001.95032397408,50002.0,49998.95,50001.00862068965
org.jfree.chart.plot.CategoryPlot.setDomainAxisLocation(ILorg/jfree/chart/axis/AxisLocation;Z)V 50001.94772727273,50001.0,50001.01724137931,50001.00869565218,52086.0,50001.947751022264,50002.0,50047.89349635077,50000.03418803419,50107.53212049123,50004.27472217062,50002.333333333336,50047.89349635077,50001.99818264425,52200.0,50001.00862068965,50001.00869565218,50001.504310344826,51100.5,50001.00043177893,50001.09284766909,50001.09038839912,50001.0,50001.017094017094,50001.99818429414,50001.00045433894,50001.00862068965,50001.999091322126,50001.99954545454,50001.95032397408,50002.0,50000.0,50001.00862068965
org.jfree.chart.plot.CategoryPlot.setDomainAxisLocation(Lorg/jfree/chart/axis/AxisLocation;Z)V 50001.94772727273,50001.0,50001.01724137931,50001.00869565218,52086.0,50001.947751022264,50002.0,50046.672748986675,50000.03418803419,50107.53212049123,50004.27472217062,50001.0,50001.0,50001.89550204453,52087.0,50001.00862068965,50001.00869565218,50001.504310344826,50019.139130434785,50001.00043177893,50001.09284766909,50001.09038839912,50001.0,50001.017094017094,50001.90069084628,50001.00045433894,50001.00862068965,50001.947751022264,50001.97317471425,50001.95032397408,50002.0,49998.95,50001.00862068965
org.jfree.chart.plot.CategoryPlot.setRangeAxisLocation(ILorg/jfree/chart/axis/AxisLocation;Z)V 50001.94772727273,50001.0,50001.01724137931,50001.00869565218,52086.0,50001.947751022264,50002.0,50047.89349635077,50000.03418803419,50107.53212049123,50004.27472217062,50002.333333333336,50047.89349635077,50001.99818264425,52200.0,50001.00862068965,50001.00869565218,50001.504310344826,51100.5,50001.00043177893,50001.09284766909,50001.09038839912,50001.0,50001.017094017094,50001.99818429414,50001.00045433894,50001.00862068965,50001.999091322126,50001.99954545454,50001.95032397408,50002.0,50000.0,50001.00862068965
org.jfree.chart.plot.CategoryPlot.setRangeAxisLocation(Lorg/jfree/chart/axis/AxisLocation;Z)V 50001.94772727273,50001.0,50001.01724137931,50001.00869565218,52086.0,50001.947751022264,50002.0,50046.672748986675,50000.03418803419,50107.53212049123,50004.27472217062,50001.0,50001.0,50001.89550204453,52087.0,50001.00862068965,50001.00869565218,50001.504310344826,50019.139130434785,50001.00043177893,50001.09284766909,50001.09038839912,50001.0,50001.017094017094,50001.90069084628,50001.00045433894,50001.00862068965,50001.947751022264,50001.97317471425,50001.95032397408,50002.0,49998.95,50001.00862068965
org.jfree.data.category.DefaultCategoryDataset.addValue(Ljava/lang/Number;Ljava/lang/Comparable;Ljava/lang/Comparable;)V 50001.94,50001.0,50001.015037593985,50001.007575757576,52069.0,50001.94002726034,50002.0,50046.486261662176,50000.02985074627,50108.29744048954,50004.38956122427,50001.0,50001.0,50001.880054520676,52070.0,50001.00751879699,50001.007575757576,50001.503759398496,50016.67424242424,50001.00042863266,50001.086710996955,50001.08406943067,50001.0,50001.014925373136,50001.886840977284,50001.00045433894,50001.00751879699,50001.94002726034,50001.96908665106,50001.943396226416,50002.0,49998.78,50001.00751879699
org.jfree.data.general.AbstractDataset.notifyListeners(Lorg/jfree/data/event/DatasetChangeEvent;)V 50001.935909090906,50001.0,50001.01408450704,50001.00709219858,52060.0,50001.93593820991,50002.0,50046.38722287164,50000.02797202797,50119.72119367125,50005.78673985869,50001.0,50001.0,50001.871876419806,52061.0,50001.00704225352,50001.00709219858,50001.50352112676,50015.60992907801,50001.00042698548,50001.08391813583,50001.08118441409,50001.0,50001.01398601398,50001.87959009394,50001.00045433894,50001.00704225352,50001.93593820991,50001.96690917625,50001.93976932934,50002.0,49998.69,50001.00704225352
org.jfree.chart.util.DefaultShadowGenerator.<init>()V 50001.93090909091,50001.0,50001.013071895424,50001.00657894737,52049.0,50001.9309404816,50002.0,50046.26588119102,50000.02597402597,50109.13714320241,50004.511243085566,50001.0,50001.0,50001.861880963195,52050.0,50001.006535947716,50001.00657894737,50001.50326797386,50014.48026315789,50001.000424989375,50001.080845208344,50001.07800239191,50001.0,50001.01298701299,50001.87080322992,50001.00045433894,50001.006535947716,50001.9309404816,50001.964235294115,50001.93537414966,50002.0,49998.58,50001.006535947716
org.jfree.chart.util.DefaultShadowGenerator.<init>(ILjava/awt/Color;FID)V 50001.93045454546,50001.0,50001.01298701299,50001.006535947716,52048.0,50001.930486142664,50002.0,50046.25483399594,50000.02580645162,50109.17763207332,50004.517003963156,50001.0,50001.0,50001.86097228532,52049.0,50001.006493506495,50001.006535947716,50001.503246753244,50014.38562091503,50001.00042480884,50001.0805822964,50001.07772974098,50001.0,50001.012903225805,50001.870008496175,50001.00045433894,50001.006493506495,50001.930486142664,50001.96399152742,50001.934976625584,50002.0,49998.57,50001.006493506495
org.jfree.data.category.AbstractCategoryDataset.<init>()V 50001.928636363635,50001.0,50001.012658227846,50001.00636942675,52044.0,50001.92866878692,50002.0,50046.21061822183,50000.0251572327,50109.33827928261,50004.53976893118,50001.0,50001.0,50001.85733757383,52045.0,50001.00632911392,50001.00636942675,50001.50316455696,50014.019108280256,50001.00042408821,50001.079555728415,50001.07666449856,50001.0,50001.012578616355,50001.86683630195,50001.00045433894,50001.00632911392,50001.92866878692,50001.96301531213,50001.93338990242,50002.0,49998.53,50001.00632911392
org.jfree.data.category.AbstractCategoryDataset.setSelectionState(Lorg/jfree/data/category/CategoryDatasetSelectionState;)V 50001.928636363635,50001.0,50001.012658227846,50001.00636942675,52044.0,50001.92866878692,50002.0,50046.21061822183,50000.0251572327,50109.33827928261,50004.53976893118,50001.0,50001.0,50001.85733757383,52045.0,50001.00632911392,50001.00636942675,50001.50316455696,50014.019108280256,50001.00042408821,50001.079555728415,50001.07666449856,50001.0,50001.012578616355,50001.86683630195,50001.00045433894,50001.00632911392,50001.92866878692,50001.96301531213,50001.93338990242,50002.0,49998.53,50001.00632911392
org.jfree.data.category.DefaultCategoryDataset.<init>()V 50001.928636363635,50001.0,50001.012658227846,50001.00636942675,52044.0,50001.92866878692,50002.0,50046.21061822183,50000.0251572327,50109.33827928261,50004.53976893118,50001.0,50001.0,50001.85733757383,52045.0,50001.00632911392,50001.00636942675,50001.50316455696,50014.019108280256,50001.00042408821,50001.079555728415,50001.07666449856,50001.0,50001.012578616355,50001.86683630195,50001.00045433894,50001.00632911392,50001.92866878692,50001.96301531213,50001.93338990242,50002.0,49998.53,50001.00632911392
org.jfree.data.SelectableValue.<init>(Ljava/lang/Number;)V 50001.92409090909,50001.0,50001.01190476191,50001.00598802395,52034.0,50001.92412539755,50002.0,50046.09988913512,50000.023668639056,50109.731163179786,50004.59483629437,50001.0,50001.0,50001.84825079509,52035.0,50001.005952380954,50001.00598802395,50001.50297619047,50013.17964071856,50001.0004222973,50001.07715167498,50001.07416563305,50001.0,50001.01183431953,50001.8589527027,50001.00045433894,50001.005952380954,50001.92412539755,50001.960566706024,50001.929446556824,50002.0,49998.43,50001.005952380954
org.jfree.data.SelectableValue.<init>(Ljava/lang/Number;Z)V 50001.92409090909,50001.0,50001.01190476191,50001.00598802395,52034.0,50001.92412539755,50002.0,50046.09988913512,50000.023668639056,50109.731163179786,50004.59483629437,50001.0,50001.0,50001.84825079509,52035.0,50001.005952380954,50001.00598802395,50001.50297619047,50013.17964071856,50001.0004222973,50001.07715167498,50001.07416563305,50001.0,50001.01183431953,50001.8589527027,50001.00045433894,50001.005952380954,50001.92412539755,50001.960566706024,50001.929446556824,50002.0,49998.43,50001.005952380954
org.jfree.data.KeyedObjects2D.addObject(Ljava/lang/Object;Ljava/lang/Comparable;Ljava/lang/Comparable;)V 50001.91818181818,50001.0,50001.011049723755,50001.00555555556,52021.0,50001.91821899137,50002.0,50045.95553358598,50000.02197802198,50110.22472306147,50004.662841501486,50001.0,50001.0,50001.83643798273,52022.0,50001.00552486188,50001.00555555556,50001.50276243094,50012.22777777778,50001.0004199916,50001.07432941462,50001.07122378623,50001.0,50001.01098901099,50001.84880302394,50001.00045433894,50001.00552486188,50001.91821899137,50001.957366177165,50001.924369747896,50002.0,49998.3,50001.00552486188
org.jfree.chart.util.AbstractObjectList.indexOf(Ljava/lang/Object;)I 50001.913636363635,50001.0,50001.01047120419,50001.005263157895,52011.0,50001.913675602,50002.0,50046.77116996538,50000.020833333336,50110.73670347365,50004.73207559907,50002.009345794395,50046.77116996538,50001.90368014539,52096.0,50001.0052356021,50001.005263157895,50001.502617801045,50020.764150943396,50001.000418235046,50001.07235746053,50001.06916239194,50001.0,50001.010416666664,50001.90810576506,50001.00045433894,50001.0052356021,50001.951840072696,50001.975325884545,50001.92050209205,50002.0,49998.2,50001.0052356021
org.jfree.chart.util.ObjectList.indexOf(Ljava/lang/Object;)I 50001.91181818182,50001.0,50001.010256410256,50001.00515463918,52007.0,50001.911858246254,50002.0,50045.7995535692,50000.02040816326,50110.73670347365,50004.73207559907,50001.0,50001.0,50001.8237164925,52008.0,50001.00512820513,50001.00515463918,50001.502564102564,50011.345360824744,50001.00041753653,50001.0716114874,50001.06838121581,50001.0,50001.010204081635,50001.83799582464,50001.00045433894,50001.00512820513,50001.911858246254,50001.953897338404,50001.91896407686,50002.0,49998.16,50001.00512820513
org.jfree.data.KeyedObjects2D.setObject(Ljava/lang/Object;Ljava/lang/Comparable;Ljava/lang/Comparable;)V 50001.91136363636,50001.0,50001.010204081635,50001.00512820513,52006.0,50001.91140390732,50002.0,50047.89349635077,50000.02030456853,50110.77255524024,50004.73687570622,50002.333333333336,50047.89349635077,50001.99818264425,52200.0,50001.005102040814,50001.00512820513,50001.50255102041,51100.5,50001.00041736227,50001.07142857143,50001.06818954811,50001.0,50001.01015228427,50001.99818429414,50001.00045433894,50001.005102040814,50001.999091322126,50001.99954545454,50001.91858037579,50002.0,50000.0,50001.005102040814
org.jfree.chart.renderer.AbstractRenderer.addChangeListener(Lorg/jfree/chart/event/RendererChangeListener;)V 50001.91,50001.0,50001.01005025126,50001.00505050505,52003.0,50001.91004089051,50002.0,50045.754888001204,50000.02,50110.87956247594,50004.751166122616,50001.0,50001.0,50001.82008178101,52004.0,50001.005025125625,50001.00505050505,50001.502512562816,50011.11616161616,50001.00041684035,50001.0708881205,50001.06762295706,50001.0,50001.01,50001.83493122134,50001.00045433894,50001.005025125625,50001.91004089051,50001.9529019981,50001.91743119266,50002.0,49998.12,50001.005025125625
org.jfree.data.KeyedObjects2D.<init>()V 50001.902272727275,50001.00232018562,50001.00925925926,50001.00465116279,51986.0,50001.90231712858,50002.0,50045.564559910315,50000.01843317972,50111.47119349508,50004.82921379641,50001.0,50001.0,50001.804634257154,51987.0,50001.00462962963,50001.00465116279,50001.50231481482,50010.23720930232,50001.000413907284,50001.068041381746,50001.06463117322,50001.0,50001.00921658986,50001.82201986755,50001.00045433894,50001.00462962963,50001.90231712858,50001.948650585146,50001.91097308489,50002.0,49997.95,50001.00462962963
org.jfree.chart.plot.Plot.fireChangeEvent()V 50001.9,50001.0,50001.009049773755,50001.00454545455,51981.0,50001.9000454339,50002.0,50045.50842616853,50000.01801801802,50111.64071217066,50004.851285106844,50001.0,50001.0,50001.800090867786,51982.0,50001.00452488688,50001.00454545455,50001.50226244344,50010.00454545455,50001.00041305246,50001.0672672794,50001.063815344474,50001.0,50001.00900900901,50001.81825691863,50001.00045433894,50001.00452488688,50001.9000454339,50001.94739359158,50001.90909090909,50002.0,49997.9,50001.00452488688
org.jfree.data.KeyedObjects.getIndex(Ljava/lang/Comparable;)I 50001.89318181818,50001.0,50001.00847457627,50001.00425531915,51966.0,50001.893230349844,50002.0,50047.86149805544,50000.01687763713,50112.13802491323,50004.91531732006,50002.166666666664,50047.86149805544,50001.99545661063,52197.0,50001.004237288136,50001.00425531915,50001.502118644064,50440.2,50001.000410509034,50001.06509445549,50001.061519661256,50001.0,50001.008438818564,50001.99546690843,50001.00045433894,50001.004237288136,50001.997728305316,50001.998862861044,50001.90349075975,50002.0,49998.8,50001.004237288136
org.jfree.data.KeyedObjects.setObject(Ljava/lang/Comparable;Ljava/lang/Object;)V 50001.89318181818,50001.0,50001.00847457627,50001.00425531915,51966.0,50001.893230349844,50002.0,50047.679760067935,50000.01687763713,50112.13802491323,50004.91531732006,50002.04347826087,50047.679760067935,50001.98000908678,52180.0,50001.004237288136,50001.00425531915,50001.502118644064,50100.045454545456,50001.000410509034,50001.06509445549,50001.061519661256,50001.0,50001.008438818564,50001.980206927576,50001.00045433894,50001.004237288136,50001.99000454339,50001.99497716895,50001.90349075975,50002.0,49998.89,50001.004237288136
org.jfree.chart.util.ObjectList.get(I)Ljava/lang/Object; 50001.89272727273,50001.0,50001.008438818564,50001.004237288136,51965.0,50001.89277601091,50002.0,50045.3283205186,50000.01680672269,50112.170606692205,50004.91947592106,50001.0,50001.0,50001.78555202181,51966.0,50001.00421940928,50001.004237288136,50001.50210970464,50009.32627118644,50001.00041034058,50001.06495698025,50001.06137411296,50001.0,50001.008403361346,50001.80631924497,50001.00045433894,50001.00421940928,50001.89277601091,50001.94335093615,50001.903119868635,50002.0,49997.74,50001.00421940928
org.jfree.chart.util.ObjectList.set(ILjava/lang/Object;)V 50001.89227272727,50001.0,50001.008403361346,50001.00421940928,51964.0,50001.89232167197,50002.0,50045.317039612324,50000.016736401674,50112.20311951481,50004.923621327085,50001.0,50001.0,50001.78464334393,51965.0,50001.00420168067,50001.00421940928,50001.502100840335,50009.286919831226,50001.00041017227,50001.064820372354,50001.061229446124,50001.0,50001.00836820083,50001.8055783429,50001.00045433894,50001.00420168067,50001.89232167197,50001.943097238895,50001.9027492819,50002.0,49997.73,50001.00420168067
org.jfree.chart.event.ChartChangeEvent.setType(Lorg/jfree/chart/event/ChartChangeEventType;)V 50001.891363636365,50001.0,50001.00833333333,50001.00418410042,51962.0,50001.8914129941,50002.0,50045.2944691807,50000.016597510374,50112.26794003021,50004.931872942216,50001.0,50001.0,50001.782825988186,51963.0,50001.004166666666,50001.00418410042,50001.50208333333,50009.20920502092,50001.000409836066,50001.06454972244,50001.06094272025,50001.0,50001.00829875519,50001.804098360655,50001.00045433894,50001.004166666666,50001.8914129941,50001.94258947874,50001.902009020094,50002.0,49997.71,50001.004166666666
org.jfree.data.KeyedObject.<init>(Ljava/lang/Comparable;Ljava/lang/Object;)V 50001.891363636365,50001.0,50001.00833333333,50001.00418410042,51962.0,50001.8914129941,50002.0,50045.2944691807,50000.016597510374,50112.26794003021,50004.931872942216,50001.0,50001.0,50001.782825988186,51963.0,50001.004166666666,50001.00418410042,50001.50208333333,50009.20920502092,50001.000409836066,50001.06454972244,50001.06094272025,50001.0,50001.00829875519,50001.804098360655,50001.00045433894,50001.004166666666,50001.8914129941,50001.94258947874,50001.902009020094,50002.0,49997.71,50001.004166666666
org.jfree.data.KeyedObjects.<init>()V 50001.89,50001.0,50001.00823045267,50001.00413223141,51959.0,50001.890049977286,50002.0,50045.26059195266,50000.016393442624,50112.36466438257,50004.94415379848,50001.0,50001.0,50001.780099954565,51960.0,50001.00411522634,50001.00413223141,50001.50205761317,50009.09504132231,50001.00040933279,50001.06415002991,50001.06051901718,50001.0,50001.00819672131,50001.80188293082,50001.00045433894,50001.00411522634,50001.890049977286,50001.941826923074,50001.9009009009,50002.0,49997.68,50001.00411522634
org.jfree.chart.plot.Plot.getParent()Lorg/jfree/chart/plot/Plot; 50001.88909090909,50001.0,50001.00816326531,50001.00409836065,51957.0,50001.88914129941,50002.0,50045.23799272119,50000.0162601626,50112.42881454828,50004.95227774224,50001.0,50001.0,50001.77828259882,51958.0,50001.00408163265,50001.00409836065,50001.502040816325,50009.020491803276,50001.000408997956,50001.0638876565,50001.06024070456,50001.0,50001.0081300813,50001.80040899796,50001.00045433894,50001.00408163265,50001.88914129941,50001.94131794132,50001.90016366612,50002.0,49997.66,50001.00408163265
org.jfree.chart.renderer.category.AbstractCategoryItemRenderer.<init>()V 50001.888636363634,50001.0,50001.0081300813,50001.00408163265,51956.0,50001.888686960476,50002.0,50045.226688774994,50000.01619433198,50112.46079103897,50004.95632099841,50001.0,50001.0,50001.777373920944,51957.0,50001.00406504065,50001.00408163265,50001.50203252032,50008.98367346939,50001.00040883075,50001.063757671305,50001.060102769836,50001.0,50001.00809716599,50001.799672935405,50001.00045433894,50001.00406504065,50001.888686960476,50001.94106326678,50001.89979550102,50002.0,49997.65,50001.00406504065
org.jfree.chart.labels.StandardCategorySeriesLabelGenerator.<init>(Ljava/lang/String;)V 50001.88590909091,50001.0,50001.00793650794,50001.00398406375,51950.0,50001.885960926855,50002.0,50045.15880433164,50000.01581027668,50112.651294714226,50004.980324046825,50001.0,50001.0,50001.7719218537,51951.0,50001.00396825397,50001.00398406375,50001.50198412698,50008.768924302785,50001.00040783034,50001.062994078835,50001.05929175546,50001.0,50001.007905138336,50001.795269168026,50001.00045433894,50001.00396825397,50001.885960926855,50001.93953264274,50001.89759281926,50002.0,49997.59,50001.00396825397
org.jfree.chart.util.AbstractObjectList.get(I)Ljava/lang/Object; 50001.87818181818,50001.0,50001.00743494424,50001.003731343284,51933.0,50001.87823716493,50002.0,50044.96589587396,50000.014814814815,50113.30073769894,50005.06108636974,50001.0,50001.0,50001.75647432985,51934.0,50001.00371747212,50001.003731343284,50001.50185873606,50008.21268656717,50001.00040502228,50001.060971076084,50001.05713682197,50001.0,50001.00740740741,50001.78290805994,50001.00045433894,50001.00371747212,50001.87823716493,50001.935171746496,50001.89141004862,50002.0,49997.42,50001.00371747212
org.jfree.chart.util.AbstractObjectList.set(ILjava/lang/Object;)V 50001.876818181816,50001.0,50001.007352941175,50001.0036900369,51930.0,50001.87687414812,50002.0,50047.88283267892,50000.01465201465,50113.270392829625,50005.057348596456,50002.25,50047.88283267892,50001.99727396638,52199.0,50001.00367647059,50001.0036900369,50001.501838235294,50733.666666666664,50001.00040453074,50001.06063390626,50001.05677672284,50001.0,50001.007326007326,50001.99727767695,50001.00045433894,50001.00367647059,50001.99863698319,50001.99931802682,50001.89032780251,50002.0,49999.0,50001.00367647059
org.jfree.data.general.AbstractDataset.addChangeListener(Lorg/jfree/data/event/DatasetChangeListener;)V 50001.87272727273,50001.0,50001.00711743772,50001.00357142857,51921.0,50001.87278509768,50002.0,50044.82921400162,50000.014184397165,50113.54151572715,50005.09062348923,50001.0,50001.0,50001.745570195366,51922.0,50001.00355871886,50001.00357142857,50001.50177935943,50007.860714285714,50001.000403063284,50001.05965499863,50001.05572962413,50001.0,50001.00709219858,50001.77428456268,50001.00045433894,50001.00355871886,50001.87278509768,50001.9320718098,50001.8870967742,50002.0,49997.3,50001.00355871886
org.jfree.chart.event.PlotChangeEvent.<init>(Lorg/jfree/chart/plot/Plot;)V 50001.87136363636,50001.0,50001.00704225352,50001.0035335689,51918.0,50001.87142208087,50002.0,50044.79497688092,50000.01403508772,50113.63091903773,50005.101536765804,50001.0,50001.0,50001.742844161745,51919.0,50001.00352112676,50001.0035335689,50001.501760563384,50007.77738515901,50001.00040257649,50001.05933908291,50001.05539117094,50001.0,50001.00701754386,50001.772141706926,50001.00045433894,50001.00352112676,50001.87142208087,50001.9312940034,50001.8860249698,50002.0,49997.27,50001.00352112676
org.jfree.chart.plot.Plot.notifyListeners(Lorg/jfree/chart/event/PlotChangeEvent;)V 50001.87136363636,50001.0,50001.00704225352,50001.0035335689,51918.0,50001.87142208087,50002.0,50047.82947789587,50000.01403508772,50113.63091903773,50005.101536765804,50002.11111111111,50047.82947789587,50001.99273057701,52194.0,50001.00352112676,50001.0035335689,50001.501760563384,50275.125,50001.00040257649,50001.05933908291,50001.05539117094,50001.0,50001.00701754386,50001.99275690358,50001.00045433894,50001.00352112676,50001.996365288505,50001.99817933546,50001.8860249698,50002.0,49998.5,50001.00352112676
org.jfree.chart.plot.Plot.<init>()V 50001.86636363636,50001.0,50001.00677966102,50001.00340136055,51907.0,50001.86642435256,50002.0,50044.66921112179,50000.01351351351,50113.95474339595,50005.140824579656,50001.0,50001.0,50001.732848705135,51908.0,50001.00338983051,50001.00340136055,50001.501694915256,50007.486394557825,50001.000400801604,50001.05822225098,50001.0541924892,50001.0,50001.00675675676,50001.764328657315,50001.00045433894,50001.00338983051,50001.86642435256,50001.928432327164,50001.882117081,50002.0,49997.16,50001.00338983051
org.jfree.chart.util.RectangleInsets.<init>(Lorg/jfree/chart/util/UnitType;DDDD)V 50001.85318181818,50001.0,50001.00617283951,50001.00309597523,51878.0,50001.853248523395,50002.0,50044.33589736004,50000.012307692305,50114.78051595208,50005.23936324884,50001.0,50001.0,50001.7064970468,51879.0,50001.003086419754,50001.00309597523,50001.50154320987,50006.81424148607,50001.00039619651,50001.055555555555,50001.051315467615,50001.0,50001.00615384615,50001.744057052296,50001.00045433894,50001.003086419754,50001.853248523395,50001.92081392498,50001.8719778042,50002.0,49996.87,50001.003086419754
org.jfree.chart.util.AbstractObjectList.size()I 50001.788181818185,50001.0,50001.004282655245,50001.00214592275,51735.0,50001.78827805543,50002.0,50042.65333119932,50000.00854700855,50118.39534834139,50005.64618479453,50001.0,50001.0,50001.57655611086,51736.0,50001.002141327626,50001.00214592275,50001.50107066381,50004.723175965664,50001.00037495313,50001.04627448134,50001.04108230153,50001.0,50001.00427350427,50001.65054368204,50001.00045433894,50001.002141327626,50001.78827805543,50001.88160569106,50001.825206301575,50002.0,49995.44,50001.002141327626
org.jfree.chart.labels.ItemLabelPosition.<init>(Lorg/jfree/chart/labels/ItemLabelAnchor;Lorg/jfree/chart/text/TextAnchor;)V 50001.77863636363,50001.0,50001.00409836065,50001.00205338809,51714.0,50001.778736937755,50002.0,50042.40048308897,50000.0081799591,50118.87639168718,50005.697667132816,50001.0,50001.0,50001.55747387551,51715.0,50001.00204918033,50001.00205338809,50001.501024590165,50004.51950718686,50001.00037202381,50001.04526787302,50001.03994454054,50001.0,50001.00408997955,50001.63764880953,50001.00045433894,50001.00204918033,50001.778736937755,50001.87560664112,50001.81875697804,50002.0,49995.23,50001.00204918033
org.jfree.chart.renderer.AbstractRenderer.<init>()V 50001.77863636363,50001.0,50001.00409836065,50001.00205338809,51714.0,50001.778736937755,50002.0,50042.40048308897,50000.0081799591,50118.87639168718,50005.697667132816,50001.0,50001.0,50001.55747387551,51715.0,50001.00204918033,50001.00205338809,50001.501024590165,50004.51950718686,50001.00037202381,50001.04526787302,50001.03994454054,50001.0,50001.00408997955,50001.63764880953,50001.00045433894,50001.00204918033,50001.778736937755,50001.87560664112,50001.81875697804,50002.0,49995.23,50001.00204918033
org.jfree.chart.renderer.RenderAttributes.<init>(Z)V 50001.77863636363,50001.0,50001.00409836065,50001.00205338809,51714.0,50001.778736937755,50002.0,50042.40048308897,50000.0081799591,50118.87639168718,50005.697667132816,50001.0,50001.0,50001.55747387551,51715.0,50001.00204918033,50001.00205338809,50001.501024590165,50004.51950718686,50001.00037202381,50001.04526787302,50001.03994454054,50001.0,50001.00408997955,50001.63764880953,50001.00045433894,50001.00204918033,50001.778736937755,50001.87560664112,50001.81875697804,50002.0,49995.23,50001.00204918033
org.jfree.chart.renderer.RenderAttributes.setDefaultFillPaint(Ljava/awt/Paint;)V 50001.77863636363,50001.0,50001.00409836065,50001.00205338809,51714.0,50001.778736937755,50002.0,50042.40048308897,50000.0081799591,50118.87639168718,50005.697667132816,50001.0,50001.0,50001.55747387551,51715.0,50001.00204918033,50001.00205338809,50001.501024590165,50004.51950718686,50001.00037202381,50001.04526787302,50001.03994454054,50001.0,50001.00408997955,50001.63764880953,50001.00045433894,50001.00204918033,50001.778736937755,50001.87560664112,50001.81875697804,50002.0,49995.23,50001.00204918033
org.jfree.chart.labels.ItemLabelPosition.<init>(Lorg/jfree/chart/labels/ItemLabelAnchor;Lorg/jfree/chart/text/TextAnchor;Lorg/jfree/chart/text/TextAnchor;D)V 50001.777727272725,50001.0,50001.00408163265,50001.00204498978,51712.0,50001.77782825988,50002.0,50042.37632173116,50000.00814663951,50118.92165958397,50005.70248278971,50001.0,50001.0,50001.55565651976,51713.0,50001.002040816325,50001.00204498978,50001.50102040816,50004.501022494886,50001.000371747214,50001.04517539514,50001.03983966009,50001.0,50001.00407331975,50001.63643122677,50001.00045433894,50001.002040816325,50001.77782825988,50001.8750319448,50001.81814801041,50002.0,49995.21,50001.002040816325
org.jfree.chart.util.ShapeList.<init>()V 50001.777272727275,50001.0,50001.00407331975,50001.002040816325,51711.0,50001.777373920944,50002.0,50042.364235759895,50000.0081300813,50118.944258817646,50005.70488508055,50001.0,50001.0,50001.55474784189,51712.0,50001.00203665988,50001.002040816325,50001.50101832994,50004.49183673469,50001.000371609065,50001.04512936824,50001.03978743744,50001.0,50001.00406504065,50001.635823114084,50001.00045433894,50001.00203665988,50001.777373920944,50001.87474437628,50001.81784386617,50002.0,49995.2,50001.00203665988
org.jfree.chart.util.BooleanList.<init>()V 50001.77681818182,50001.0,50001.00406504065,50001.00203665988,51710.0,50001.77691958201,50002.0,50042.35214625627,50000.008113590266,50118.966835002626,50005.70728369722,50001.0,50001.0,50001.553839164015,51711.0,50001.00203252032,50001.00203665988,50001.50101626016,50004.482688391035,50001.000371471026,50001.04508348173,50001.039735358856,50001.0,50001.00405679513,50001.63521545319,50001.00045433894,50001.00203252032,50001.77691958201,50001.8744566607,50001.81753994797,50002.0,49995.19,50001.00203252032
org.jfree.chart.util.StrokeList.<init>()V 50001.775,50001.0,50001.00403225807,50001.00202020202,51706.0,50001.77510222626,50002.0,50042.303752856125,50000.00804828974,50119.05691065775,50005.71684168287,50001.0,50001.0,50001.55020445252,51707.0,50001.00201612903,50001.00202020202,50001.501008064515,50004.44646464646,50001.00037091988,50001.044901325506,50001.039528470756,50001.0,50001.004024144866,50001.632789317504,50001.00045433894,50001.00201612903,50001.77510222626,50001.87330432557,50001.816326530614,50002.0,49995.15,50001.00201612903
org.jfree.chart.util.PaintList.<init>()V 50001.77409090909,50001.0,50001.00401606426,50001.00201207244,51704.0,50001.77419354839,50002.0,50042.2795348811,50000.008016032065,50119.101812006076,50005.721598967466,50001.0,50001.0,50001.54838709677,51705.0,50001.00200803213,50001.00201207244,50001.50100401606,50004.42857142857,50001.00037064492,50001.04481107149,50001.03942587242,50001.0,50001.00400801603,50001.63157894737,50001.00045433894,50001.00200803213,50001.77419354839,50001.87272727273,50001.815721171675,50002.0,49995.13,50001.00200803213
org.jfree.data.general.AbstractDataset.fireDatasetChanged(Lorg/jfree/chart/event/DatasetChangeInfo;)V 50001.76136363636,50001.0,50001.00380228137,50001.001904761906,51676.0,50001.761472058155,50002.0,50041.938978980914,50000.00759013283,50119.72119367125,50005.78673985869,50001.0,50001.0,50001.52294411631,51677.0,50001.001901140684,50001.001904761906,50001.50095057034,50004.19238095238,50001.000366837856,50001.04360207202,50001.03804549099,50001.0,50001.00379506641,50001.61482024945,50001.00045433894,50001.001901140684,50001.761472058155,50001.86458602012,50001.807339449544,50002.0,49994.85,50001.001901140684
org.jfree.chart.util.ObjectList.<init>()V 50001.74181818182,50001.0,50001.003514938486,50001.001760563384,51633.0,50001.74193548387,50002.0,50041.410394702354,50000.00701754386,50120.64106577209,50005.88187981987,50001.0,50001.0,50001.48387096774,51634.0,50001.00175746925,50001.001760563384,50001.50087873462,50003.875,50001.0003611412,50001.04192218081,50001.03610709957,50001.0,50001.00350877193,50001.58974358974,50001.00045433894,50001.00175746925,50001.74193548387,50001.851851851854,50001.794797687864,50002.0,49994.42,50001.00175746925
org.jfree.chart.util.AbstractObjectList.<init>()V 50001.73227272727,50001.0,50001.00338983051,50001.00169779287,51612.0,50001.7323943662,50002.0,50041.14971979977,50000.00676818951,50121.077637395494,50005.92639038232,50001.0,50001.0,50001.464788732395,51613.0,50001.001694915256,50001.00169779287,50001.500847457624,50003.73684210526,50001.00035842294,50001.04116934848,50001.03522981998,50001.0,50001.00338409476,50001.57777777778,50001.00045433894,50001.001694915256,50001.7323943662,50001.845528455284,50001.7888131947,50002.0,49994.21,50001.001694915256
org.jfree.chart.util.AbstractObjectList.<init>(II)V 50001.73227272727,50001.0,50001.00338983051,50001.00169779287,51612.0,50001.7323943662,50002.0,50041.14971979977,50000.00676818951,50121.077637395494,50005.92639038232,50001.0,50001.0,50001.464788732395,51613.0,50001.001694915256,50001.00169779287,50001.500847457624,50003.73684210526,50001.00035842294,50001.04116934848,50001.03522981998,50001.0,50001.00338409476,50001.57777777778,50001.00045433894,50001.001694915256,50001.7323943662,50001.845528455284,50001.7888131947,50002.0,49994.21,50001.001694915256
org.jfree.chart.event.DatasetChangeInfo.<init>()V 50001.72909090909,50001.0,50001.00335008375,50001.00167785235,51605.0,50001.72921399364,50002.0,50041.06245124802,50000.00668896321,50121.22142642794,50005.940962581466,50001.0,50001.0,50001.45842798728,51606.0,50001.00167504187,50001.00167785235,50001.500837520936,50003.69295302014,50001.00035752592,50001.040927275455,50001.03494649917,50001.0,50001.00334448161,50001.57382910261,50001.00045433894,50001.00167504187,50001.72921399364,50001.84340514976,50001.786838340486,50002.0,49994.14,50001.00167504187
org.jfree.data.event.DatasetChangeEvent.<init>(Ljava/lang/Object;Lorg/jfree/data/general/Dataset;Lorg/jfree/chart/event/DatasetChangeInfo;)V 50001.72909090909,50001.0,50001.00335008375,50001.00167785235,51605.0,50001.72921399364,50002.0,50041.06245124802,50000.00668896321,50121.22142642794,50005.940962581466,50001.0,50001.0,50001.45842798728,51606.0,50001.00167504187,50001.00167785235,50001.500837520936,50003.69295302014,50001.00035752592,50001.040927275455,50001.03494649917,50001.0,50001.00334448161,50001.57382910261,50001.00045433894,50001.00167504187,50001.72921399364,50001.84340514976,50001.786838340486,50002.0,49994.14,50001.00167504187
org.jfree.data.general.AbstractDataset.<init>()V 50001.726363636364,50001.0,50001.003316749586,50001.001661129565,51599.0,50001.72648796002,50002.0,50040.98749804626,50000.00662251656,50121.34400348924,50005.95335121839,50001.0,50001.0,50001.45297592004,51600.0,50001.00165837479,50001.001661129565,50001.5008291874,50003.656146179404,50001.00035676061,50001.04072314812,50001.03470710511,50001.0,50001.003311258275,50001.57046022119,50001.00045433894,50001.00165837479,50001.72648796002,50001.841578947366,50001.78515346181,50002.0,49994.08,50001.00165837479
org.jfree.chart.event.ChartChangeEvent.<init>(Ljava/lang/Object;)V 50001.714545454546,50001.0,50001.00317965024,50001.00159235669,51573.0,50001.71467514766,50002.0,50040.6610640301,50000.00634920635,50121.86824336875,50006.00598923014,50001.0,50001.0,50001.42935029532,51574.0,50001.00158982512,50001.00159235669,50001.50079491256,50003.50477707006,50001.000353481795,50001.03987261114,50001.033704633395,50001.0,50001.003174603175,50001.556026864615,50001.00045433894,50001.00158982512,50001.71467514766,50001.83359830418,50001.77793493635,50002.0,49993.82,50001.00158982512
org.jfree.chart.event.ChartChangeEvent.<init>(Ljava/lang/Object;Lorg/jfree/chart/JFreeChart;Lorg/jfree/chart/event/ChartChangeEventType;)V 50001.714545454546,50001.0,50001.00317965024,50001.00159235669,51573.0,50001.71467514766,50002.0,50040.6610640301,50000.00634920635,50121.86824336875,50006.00598923014,50001.0,50001.0,50001.42935029532,51574.0,50001.00158982512,50001.00159235669,50001.50079491256,50003.50477707006,50001.000353481795,50001.03987261114,50001.033704633395,50001.0,50001.003174603175,50001.556026864615,50001.00045433894,50001.00158982512,50001.71467514766,50001.83359830418,50001.77793493635,50002.0,49993.82,50001.00158982512
org.jfree.chart.plot.CategoryPlot.<init>()V 5012.993636363636,5012.0,5012.133333333333,5012.071428571428,7198.0,5012.993639254884,5013.0,5058.765371804359,5011.25,5111.549972583242,5013.934336420268,5012.0,5012.0,5012.987278509769,7199.0,5012.066666666667,5012.071428571428,5012.533333333334,5168.214285714285,5012.000451467268,5012.258198889747,5012.257376036651,5012.0,5012.125,5012.987358916478,5012.000454338937,5012.066666666667,5012.993639254884,5012.996809480401,5012.9936766034325,5013.0,5010.96,5012.066666666667
org.jfree.chart.labels.StandardCategorySeriesLabelGenerator.<init>()V 5012.887727272728,5012.0,5012.008064516129,5012.004048582996,6965.0,5012.887778282598,5013.0,5056.2040722106,5011.016064257028,5123.5245488419705,5015.964370523236,5012.0,5012.0,5012.775556565198,6966.0,5012.004032258064,5012.004048582996,5012.502016129032,5019.9109311740895,5012.000408496732,5012.0635000635,5012.059829302641,5012.0,5012.008032128514,5012.798202614379,5012.000454338937,5012.004032258064,5012.887778282598,5012.94055354994,5012.89906007356,5013.0,5008.63,5012.004032258064
org.jfree.chart.plot.DefaultDrawingSupplier.<init>()V 5012.863636363636,5012.0,5012.006644518273,5012.003333333333,6912.0,5012.863698318946,5013.0,5055.600458713183,5011.013245033113,5125.128823272157,5016.161791450288,5012.0,5012.0,5012.727396637892,6913.0,5012.003322259136,5012.003333333333,5012.501661129568,5018.336666666667,5012.000399840064,5012.05763904177,5012.053565136044,5012.0,5012.0066225165565,5012.760095961616,5012.000454338937,5012.003322259136,5012.863698318946,5012.92686494393,5012.88,5013.0,5008.1,5012.003322259136
org.jfree.chart.plot.DefaultDrawingSupplier.<init>([Ljava/awt/Paint;[Ljava/awt/Paint;[Ljava/awt/Paint;[Ljava/awt/Stroke;[Ljava/awt/Stroke;[Ljava/awt/Shape;)V 5012.863636363636,5012.0,5012.006644518273,5012.003333333333,6912.0,5012.863698318946,5013.0,5055.600458713183,5011.013245033113,5125.128823272157,5016.161791450288,5012.0,5012.0,5012.727396637892,6913.0,5012.003322259136,5012.003333333333,5012.501661129568,5018.336666666667,5012.000399840064,5012.05763904177,5012.053565136044,5012.0,5012.0066225165565,5012.760095961616,5012.000454338937,5012.003322259136,5012.863698318946,5012.92686494393,5012.88,5013.0,5008.1,5012.003322259136
org.jfree.chart.util.RectangleInsets.<init>(DDDD)V 5012.854545454546,5012.0,5012.006230529595,5012.003125,6892.0,5012.854611540209,5013.0,5055.370496884403,5011.012422360249,5125.696859016467,5016.229485053762,5012.0,5012.0,5012.709223080418,6893.0,5012.003115264797,5012.003125,5012.5015576323985,5017.878125,5012.000396667989,5012.055814557219,5012.0515958852275,5012.0,5012.006211180124,5012.746132487108,5012.000454338937,5012.003115264797,5012.854611540209,5012.921607055365,5012.873015873016,5013.0,5007.9,5012.003115264797
org.jfree.chart.renderer.RenderAttributes.<init>()V 5012.778636363636,5012.0,5012.004098360656,5012.002053388091,6725.0,5012.778736937756,5013.0,5053.400483088969,5011.0081799591,5129.876391687182,5016.697667132813,5012.0,5012.0,5012.557473875511,6726.0,5012.002049180328,5012.002053388091,5012.501024590164,5015.519507186858,5012.000372023809,5012.045267873022,5012.03994454054,5012.0,5012.00408997955,5012.637648809524,5012.000454338937,5012.002049180328,5012.778736937756,5012.875606641124,5012.818756978042,5013.0,5006.23,5012.002049180328
org.jfree.chart.util.AbstractObjectList.<init>(I)V 5012.732272727273,5012.0,5012.003389830508,5012.001697792869,6623.0,5012.732394366197,5013.0,5052.14971979977,5011.006768189509,5132.077637395491,5016.926390382321,5012.0,5012.0,5012.4647887323945,6624.0,5012.001694915254,5012.001697792869,5012.500847457627,5014.736842105263,5012.000358422939,5012.041169348479,5012.035229819979,5012.0,5012.003384094754,5012.577777777778,5012.000454338937,5012.001694915254,5012.732394366197,5012.845528455285,5012.788813194694,5013.0,5005.21,5012.001694915254
org.jfree.data.general.DatasetGroup.<init>()V 5012.725909090909,5012.0,5012.003311258278,5012.001658374793,6609.0,5012.726033621081,5013.0,5051.974992182613,5011.0066115702475,5132.364373512086,5016.955406977799,5012.0,5012.0,5012.452067242162,6610.0,5012.001655629139,5012.001658374793,5012.50082781457,5014.65008291874,5012.000356633381,5012.040689422938,5012.034667509908,5012.0,5012.003305785124,5012.569900142654,5012.000454338937,5012.001655629139,5012.726033621081,5012.841274019479,5012.784873349982,5013.0,5005.07,5012.001655629139
