org.jfree.chart.plot.CategoryPlot.removeDomainMarker(ILorg/jfree/chart/plot/Marker;Lorg/jfree/chart/util/Layer;)Z 5000002.25,5000002.0,5000002.5,5000002.333333333,5000001.0,5000003.0,5000002.0,5000044.272922776,5000001.8,5000088.522186437,5000005.0,5000005.5,5000128.747781046,5000002.996648044,5001789.0,5000002.25,5000002.333333333,5000002.625,5000597.666666667,5000002.000557724,5000002.5,5000002.499580596,5000003.0,5000002.4,5000002.996653653,5000002.000558659,5000003.0,5000002.998324023,5000002.999161309,5000003.0,5000003.0,5000003.0,5000002.25
org.jfree.chart.plot.CategoryPlot.removeDomainMarker(ILorg/jfree/chart/plot/Marker;Lorg/jfree/chart/util/Layer;Z)Z 5000002.25,5000002.0,5000002.5,5000002.333333333,5000001.0,5000003.0,5000002.0,5000044.272922776,5000001.8,5000088.522186437,5000005.0,5000005.5,5000128.747781046,5000002.996648044,5001789.0,5000002.25,5000002.333333333,5000002.625,5000597.666666667,5000002.000557724,5000002.5,5000002.499580596,5000003.0,5000002.4,5000002.996653653,5000002.000558659,5000003.0,5000002.998324023,5000002.999161309,5000003.0,5000003.0,5000003.0,5000002.25
org.jfree.chart.plot.CategoryPlot.removeDomainMarker(Lorg/jfree/chart/plot/Marker;)Z 5000002.25,5000002.0,5000002.5,5000002.333333333,5000001.0,5000003.0,5000002.0,5000044.272922776,5000001.8,5000088.522186437,5000005.0,5000005.5,5000128.747781046,5000002.996648044,5001789.0,5000002.25,5000002.333333333,5000002.625,5000597.666666667,5000002.000557724,5000002.5,5000002.499580596,5000003.0,5000002.4,5000002.996653653,5000002.000558659,5000003.0,5000002.998324023,5000002.999161309,5000003.0,5000003.0,5000003.0,5000002.25
org.jfree.chart.plot.CategoryPlot.removeDomainMarker(Lorg/jfree/chart/plot/Marker;Lorg/jfree/chart/util/Layer;)Z 5000002.25,5000002.0,5000002.5,5000002.333333333,5000001.0,5000003.0,5000002.0,5000044.272922776,5000001.8,5000088.522186437,5000005.0,5000005.5,5000128.747781046,5000002.996648044,5001789.0,5000002.25,5000002.333333333,5000002.625,5000597.666666667,5000002.000557724,5000002.5,5000002.499580596,5000003.0,5000002.4,5000002.996653653,5000002.000558659,5000003.0,5000002.998324023,5000002.999161309,5000003.0,5000003.0,5000003.0,5000002.25
org.jfree.chart.plot.CategoryPlot.removeRangeMarker(ILorg/jfree/chart/plot/Marker;Lorg/jfree/chart/util/Layer;)Z 5000002.25,5000002.0,5000002.5,5000002.333333333,5000001.0,5000003.0,5000002.0,5000044.272922776,5000001.8,5000088.522186437,5000005.0,5000005.5,5000128.747781046,5000002.996648044,5001789.0,5000002.25,5000002.333333333,5000002.625,5000597.666666667,5000002.000557724,5000002.5,5000002.499580596,5000003.0,5000002.4,5000002.996653653,5000002.000558659,5000003.0,5000002.998324023,5000002.999161309,5000003.0,5000003.0,5000003.0,5000002.25
org.jfree.chart.plot.CategoryPlot.removeRangeMarker(ILorg/jfree/chart/plot/Marker;Lorg/jfree/chart/util/Layer;Z)Z 5000003.25,5000003.0,5000003.5,5000003.333333333,5000002.0,5000004.0,5000003.0,5000045.272922776,5000002.8,5000089.522186437,5000006.0,5000006.5,5000129.747781046,5000003.996648044,5001790.0,5000003.25,5000003.333333333,5000003.625,5000598.666666667,5000003.000557724,5000003.5,5000003.499580596,5000004.0,5000003.4,5000003.996653653,5000003.000558659,5000004.0,5000003.998324023,5000003.999161309,5000004.0,5000004.0,5000004.0,5000003.25
org.jfree.chart.plot.CategoryPlot.removeRangeMarker(Lorg/jfree/chart/plot/Marker;)Z 5000002.25,5000002.0,5000002.5,5000002.333333333,5000001.0,5000003.0,5000002.0,5000044.272922776,5000001.8,5000088.522186437,5000005.0,5000005.5,5000128.747781046,5000002.996648044,5001789.0,5000002.25,5000002.333333333,5000002.625,5000597.666666667,5000002.000557724,5000002.5,5000002.499580596,5000003.0,5000002.4,5000002.996653653,5000002.000558659,5000003.0,5000002.998324023,5000002.999161309,5000003.0,5000003.0,5000003.0,5000002.25
org.jfree.chart.plot.CategoryPlot.removeRangeMarker(Lorg/jfree/chart/plot/Marker;Lorg/jfree/chart/util/Layer;)Z 5000002.25,5000002.0,5000002.5,5000002.333333333,5000001.0,5000003.0,5000002.0,5000044.272922776,5000001.8,5000088.522186437,5000005.0,5000005.5,5000128.747781046,5000002.996648044,5001789.0,5000002.25,5000002.333333333,5000002.625,5000597.666666667,5000002.000557724,5000002.5,5000002.499580596,5000003.0,5000002.4,5000002.996653653,5000002.000558659,5000003.0,5000002.998324023,5000002.999161309,5000003.0,5000003.0,5000003.0,5000002.25
org.jfree.chart.plot.XYPlot.removeDomainMarker(ILorg/jfree/chart/plot/Marker;Lorg/jfree/chart/util/Layer;)Z 5000002.25,5000002.0,5000002.5,5000002.333333333,5000001.0,5000003.0,5000002.0,5000044.272922776,5000001.8,5000088.522186437,5000005.0,5000005.5,5000128.747781046,5000002.996648044,5001789.0,5000002.25,5000002.333333333,5000002.625,5000597.666666667,5000002.000557724,5000002.5,5000002.499580596,5000003.0,5000002.4,5000002.996653653,5000002.000558659,5000003.0,5000002.998324023,5000002.999161309,5000003.0,5000003.0,5000003.0,5000002.25
org.jfree.chart.plot.XYPlot.removeDomainMarker(ILorg/jfree/chart/plot/Marker;Lorg/jfree/chart/util/Layer;Z)Z 5000002.25,5000002.0,5000002.5,5000002.333333333,5000001.0,5000003.0,5000002.0,5000044.272922776,5000001.8,5000088.522186437,5000005.0,5000005.5,5000128.747781046,5000002.996648044,5001789.0,5000002.25,5000002.333333333,5000002.625,5000597.666666667,5000002.000557724,5000002.5,5000002.499580596,5000003.0,5000002.4,5000002.996653653,5000002.000558659,5000003.0,5000002.998324023,5000002.999161309,5000003.0,5000003.0,5000003.0,5000002.25
org.jfree.chart.plot.XYPlot.removeDomainMarker(Lorg/jfree/chart/plot/Marker;)Z 5000002.25,5000002.0,5000002.5,5000002.333333333,5000001.0,5000003.0,5000002.0,5000044.272922776,5000001.8,5000088.522186437,5000005.0,5000005.5,5000128.747781046,5000002.996648044,5001789.0,5000002.25,5000002.333333333,5000002.625,5000597.666666667,5000002.000557724,5000002.5,5000002.499580596,5000003.0,5000002.4,5000002.996653653,5000002.000558659,5000003.0,5000002.998324023,5000002.999161309,5000003.0,5000003.0,5000003.0,5000002.25
org.jfree.chart.plot.XYPlot.removeDomainMarker(Lorg/jfree/chart/plot/Marker;Lorg/jfree/chart/util/Layer;)Z 5000002.25,5000002.0,5000002.5,5000002.333333333,5000001.0,5000003.0,5000002.0,5000044.272922776,5000001.8,5000088.522186437,5000005.0,5000005.5,5000128.747781046,5000002.996648044,5001789.0,5000002.25,5000002.333333333,5000002.625,5000597.666666667,5000002.000557724,5000002.5,5000002.499580596,5000003.0,5000002.4,5000002.996653653,5000002.000558659,5000003.0,5000002.998324023,5000002.999161309,5000003.0,5000003.0,5000003.0,5000002.25
org.jfree.chart.plot.XYPlot.removeRangeMarker(ILorg/jfree/chart/plot/Marker;Lorg/jfree/chart/util/Layer;)Z 5000002.25,5000002.0,5000002.5,5000002.333333333,5000001.0,5000003.0,5000002.0,5000044.272922776,5000001.8,5000088.522186437,5000005.0,5000005.5,5000128.747781046,5000002.996648044,5001789.0,5000002.25,5000002.333333333,5000002.625,5000597.666666667,5000002.000557724,5000002.5,5000002.499580596,5000003.0,5000002.4,5000002.996653653,5000002.000558659,5000003.0,5000002.998324023,5000002.999161309,5000003.0,5000003.0,5000003.0,5000002.25
org.jfree.chart.plot.XYPlot.removeRangeMarker(ILorg/jfree/chart/plot/Marker;Lorg/jfree/chart/util/Layer;Z)Z 5000005.25,5000005.0,5000005.5,5000005.333333333,5000004.0,5000006.0,5000005.0,5000047.272922776,5000004.8,5000091.522186437,5000008.0,5000008.5,5000131.747781046,5000005.996648044,5001792.0,5000005.25,5000005.333333333,5000005.625,5000600.666666667,5000005.000557724,5000005.5,5000005.499580596,5000006.0,5000005.4,5000005.996653653,5000005.000558659,5000006.0,5000005.998324023,5000005.999161309,5000006.0,5000006.0,5000006.0,5000005.25
org.jfree.chart.plot.XYPlot.removeRangeMarker(Lorg/jfree/chart/plot/Marker;)Z 5000002.25,5000002.0,5000002.5,5000002.333333333,5000001.0,5000003.0,5000002.0,5000044.272922776,5000001.8,5000088.522186437,5000005.0,5000005.5,5000128.747781046,5000002.996648044,5001789.0,5000002.25,5000002.333333333,5000002.625,5000597.666666667,5000002.000557724,5000002.5,5000002.499580596,5000003.0,5000002.4,5000002.996653653,5000002.000558659,5000003.0,5000002.998324023,5000002.999161309,5000003.0,5000003.0,5000003.0,5000002.25
org.jfree.chart.plot.XYPlot.removeRangeMarker(Lorg/jfree/chart/plot/Marker;Lorg/jfree/chart/util/Layer;)Z 5000002.25,5000002.0,5000002.5,5000002.333333333,5000001.0,5000003.0,5000002.0,5000044.272922776,5000001.8,5000088.522186437,5000005.0,5000005.5,5000128.747781046,5000002.996648044,5001789.0,5000002.25,5000002.333333333,5000002.625,5000597.666666667,5000002.000557724,5000002.5,5000002.499580596,5000003.0,5000002.4,5000002.996653653,5000002.000558659,5000003.0,5000002.998324023,5000002.999161309,5000003.0,5000003.0,5000003.0,5000002.25
org.jfree.chart.plot.CategoryPlot.<init>(Lorg/jfree/data/category/CategoryDataset;Lorg/jfree/chart/axis/CategoryAxis;Lorg/jfree/chart/axis/ValueAxis;Lorg/jfree/chart/renderer/category/CategoryItemRenderer;)V 5000001.441209407,5000001.0,5000001.036697248,5000001.037383177,5000000.0,5000002.941242306,5000001.0,5000042.243181255,5000000.072072072,5000099.769137203,5000003.603930787,5000005.043010753,5000165.972725019,5000001.900558659,5001702.0,5000001.018348624,5000001.018691589,5000001.259345794,5000020.112359551,5000001.001054296,5000001.096673649,5000001.093733112,5000002.0,5000001.036036036,5000001.90526876,5000001.001117319,5000001.018691589,5000001.95027933,5000001.9745058725,5000001.894789579,5000003.0,5000000.05,5000001.000001905
org.jfree.chart.plot.CategoryPlot.addRangeMarker(ILorg/jfree/chart/plot/Marker;Lorg/jfree/chart/util/Layer;Z)V 5000001.441209407,5000001.0,5000001.036697248,5000001.037383177,5000000.0,5000002.941242306,5000001.0,5000043.178193418,5000000.072072072,5000099.769137203,5000004.654346547,5000005.266666667,5000169.712773671,5000001.987709497,5001780.0,5000001.018348624,5000001.018691589,5000001.259345794,5000162.7272727275,5000001.001054296,5000001.096673649,5000001.093733112,5000002.0,5000001.036036036,5000001.9877845645,5000001.001117319,5000001.018691589,5000001.993854749,5000001.996917904,5000001.894789579,5000003.0,5000000.05,5000001.000001905
org.jfree.chart.plot.Marker.<init>()V 50001.733762597985,50001.0,50001.181818181816,50001.3,50000.0,50003.98377168439,50001.0,50042.952353926805,50000.333333333336,50096.90735124359,50003.09407851026,50002.032258064515,50042.88078318274,50001.96648044693,51761.0,50001.09090909091,50001.1,50001.421875,50059.666666666664,50001.00164835165,50001.26516504295,50001.262928624084,50004.0,50001.166666666664,50001.96703296703,50001.001675977655,50001.09375,50001.98324022346,50001.99154929577,50001.97880891487,50004.0,50001.81,50001.00003102389
org.jfree.chart.plot.Marker.<init>(Ljava/awt/Paint;)V 50001.733762597985,50001.0,50001.181818181816,50001.3,50000.0,50003.98377168439,50001.0,50042.952353926805,50000.333333333336,50096.90735124359,50003.09407851026,50002.032258064515,50042.88078318274,50001.96648044693,51761.0,50001.09090909091,50001.1,50001.421875,50059.666666666664,50001.00164835165,50001.26516504295,50001.262928624084,50004.0,50001.166666666664,50001.96703296703,50001.001675977655,50001.09375,50001.98324022346,50001.99154929577,50001.97880891487,50004.0,50001.81,50001.00003102389
org.jfree.chart.plot.ValueMarker.<init>(D)V 50001.733762597985,50001.0,50001.181818181816,50001.3,50000.0,50003.98377168439,50001.0,50042.952353926805,50000.333333333336,50096.90735124359,50003.09407851026,50002.032258064515,50042.88078318274,50001.96648044693,51761.0,50001.09090909091,50001.1,50001.421875,50059.666666666664,50001.00164835165,50001.26516504295,50001.262928624084,50004.0,50001.166666666664,50001.96703296703,50001.001675977655,50001.09375,50001.98324022346,50001.99154929577,50001.97880891487,50004.0,50001.81,50001.00003102389
org.jfree.chart.plot.CategoryPlot.getRangeAxis(I)Lorg/jfree/chart/axis/ValueAxis; 50002.49104143337,50002.0,50002.2,50002.22222222222,50001.0,50003.99104644656,50002.0,50044.20189569202,50001.36363636364,50100.76913720242,50005.709977361454,50006.307692307695,50170.80758276807,50002.989944134075,51783.0,50002.1,50002.11111111111,50002.305555555555,50199.88888888889,50002.00110619469,50002.2357022604,50002.234511652925,50003.0,50002.181818181816,50002.989994441356,50002.00111731844,50002.11111111111,50002.99497206704,50002.997479697566,50002.98239823982,50004.0,50001.94,50002.000012498436
org.jfree.chart.plot.CategoryMarker.<init>(Ljava/lang/Comparable;)V 50001.24720044793,50001.0,50001.22222222222,50001.125,50000.0,50001.99720201455,50001.0,50043.21374183841,50000.4,50089.75825441396,50003.60075604825,50004.27272727273,50127.570138658375,50001.991061452514,51783.0,50001.11111111111,50001.125,50001.208333333336,50223.75,50001.00055617352,50001.20412414523,50001.20366675614,50002.0,50001.2,50001.99110122358,50001.000558659216,50001.166666666664,50001.99553072626,50001.99776035834,50001.98892580288,50002.0,49999.7,50001.00000666627
org.jfree.chart.plot.CategoryMarker.<init>(Ljava/lang/Comparable;Ljava/awt/Paint;Ljava/awt/Stroke;Ljava/awt/Paint;Ljava/awt/Stroke;F)V 50001.2460806271,50001.0,50001.181818181816,50001.1,50000.0,50001.99608282037,50001.0,50043.19004621946,50000.333333333336,50090.16793774752,50003.520763513094,50004.230769230766,50127.49901185385,50001.98882681564,51781.0,50001.09090909091,50001.1,50001.1875,50179.0,50001.000555555554,50001.1767766953,50001.17628135569,50002.0,50001.166666666664,50001.98888888889,50001.000558659216,50001.125,50001.99441340782,50001.99719887955,50001.98456449834,50002.0,49999.5,50001.000004761656
org.jfree.chart.plot.Marker.<init>(Ljava/awt/Paint;Ljava/awt/Stroke;Ljava/awt/Paint;Ljava/awt/Stroke;F)V 50001.92273236282,50001.0,50001.05633802817,50001.115942028984,51649.0,50004.92277560157,50002.0,50041.644802865805,50000.109589041094,50105.26952656093,50004.42743929552,50001.0,50001.0,50001.845810055864,51653.0,50001.028169014084,50001.02898550725,50001.51408450704,50012.97101449275,50001.0020746888,50001.16783627166,50001.16122177559,50001.0,50001.05479452055,50001.85684647303,50001.00223463687,50001.028169014084,50001.92290502793,50001.959907030796,50001.928274428275,50005.0,50001.72,50001.028169014084
org.jfree.chart.plot.Plot.getParent()Lorg/jfree/chart/plot/Plot; 50002.88913773796,50002.0,50002.039603960395,50002.080808080806,51590.0,50005.88919977616,50003.0,50041.89987468652,50001.077669902916,50108.593433715934,50005.751166122616,50002.0,50002.0,50002.77877094972,51594.0,50002.0198019802,50002.020202020205,50002.5099009901,50010.0404040404,50002.00201207244,50002.14071950895,50002.13269019512,50002.0,50002.038834951454,50002.80080482897,50002.00223463687,50002.0198019802,50002.88938547486,50002.9414547605,50002.9002016129,50006.0,50002.12,50002.0198019802
org.jfree.chart.event.ChartChangeEvent.setType(Lorg/jfree/chart/event/ChartChangeEventType;)V 50002.88633818589,50002.0,50002.038647343,50002.07881773399,51585.0,50005.88640179071,50003.0,50041.837168574086,50001.07582938389,50108.769993285234,50005.774626716484,50002.0,50002.0,50002.77318435754,51589.0,50002.0193236715,50002.0197044335,50002.50966183575,50009.817733990145,50002.00200702459,50002.139009609375,50002.13087134117,50002.0,50002.037914691944,50002.796287004516,50002.00223463687,50002.0193236715,50002.88659217877,50002.93988747409,50002.897938662645,50006.0,50002.07,50002.0193236715
org.jfree.chart.util.ObjectList.get(I)Ljava/lang/Object; 50001.88521836506,50001.0,50001.038277511965,50001.07804878049,51582.0,50004.88528259653,50002.0,50040.81205847479,50000.07511737089,50107.84000749974,50004.783889673774,50001.0,50001.0,50001.77094972067,51586.0,50001.01913875598,50001.019512195126,50001.50956937799,50008.73170731707,50001.00200501253,50001.13834289277,50001.130161354784,50001.0,50001.03755868544,50001.79448621554,50001.00223463687,50001.01913875598,50001.88547486033,50001.939259259256,50001.897036664996,50005.0,50001.05,50001.01913875598
org.jfree.chart.util.ObjectList.set(ILjava/lang/Object;)V 50001.88465845465,50001.0,50001.038095238095,50001.077669902916,51581.0,50004.88472299944,50002.0,50040.799497484266,50000.07476635514,50107.874886530866,50004.788495756155,50001.0,50001.0,50001.769832402235,51585.0,50001.01904761905,50001.01941747573,50001.509523809524,50008.68932038835,50001.00200400801,50001.13801311187,50001.12981000436,50001.0,50001.03738317757,50001.79358717435,50001.00223463687,50001.01904761905,50001.88491620112,50001.938944872556,50001.896586345385,50005.0,50001.04,50001.01904761905
org.jfree.chart.util.AbstractObjectList.get(I)Ljava/lang/Object; 50001.870100783875,50001.0,50001.03389830508,50001.06896551724,51555.0,50004.8701734751,50002.0,50040.471508711984,50000.066666666666,50108.75373264819,50004.90276135726,50001.0,50001.0,50001.740782122906,51559.0,50001.016949152545,50001.01724137931,50001.50847457627,50007.71551724138,50001.001978239365,50001.13018891098,50001.12143916548,50001.0,50001.03333333333,50001.770524233434,50001.00223463687,50001.016949152545,50001.87039106145,50001.93070489845,50001.88503468781,50005.0,50000.78,50001.016949152545
org.jfree.chart.util.AbstractObjectList.set(ILjava/lang/Object;)V 50002.86842105263,50002.0,50002.03347280335,50002.06808510638,51553.0,50005.868494683826,50003.0,50044.23742416388,50001.0658436214,50109.85189615322,50005.91531732006,50006.4,50170.949696655545,50002.993296089386,51786.0,50002.016736401674,50002.017021276595,50002.50836820083,50299.333333333336,50002.001975308645,50002.12936924547,50002.12055805058,50002.0,50002.0329218107,50002.993318485525,50002.00223463687,50002.016736401674,50002.99664804469,50002.99832120873,50002.88372093023,50006.0,50001.75,50002.016736401674
org.jfree.chart.event.PlotChangeEvent.<init>(Lorg/jfree/chart/plot/Plot;)V 50001.86114221725,50001.0,50001.031746031746,50001.06451612903,51539.0,50004.86121992166,50002.0,50040.26830783214,50000.0625,50109.27020218449,50004.96837696647,50001.0,50001.0,50001.722905027935,51543.0,50001.01587301587,50001.01612903226,50001.50793650794,50007.217741935485,50001.001962708535,50001.12598815767,50001.116914174,50001.0,50001.03125,50001.756624141315,50001.00223463687,50001.01587301587,50001.861452513964,50001.92557022809,50001.87807276303,50005.0,50000.62,50001.01587301587
org.jfree.chart.plot.Plot.notifyListeners(Lorg/jfree/chart/event/PlotChangeEvent;)V 50001.86114221725,50001.0,50001.031746031746,50001.06451612903,51539.0,50004.86121992166,50002.0,50042.315856520225,50000.0625,50109.27020218449,50004.96837696647,50005.0459770115,50166.263426080906,50001.90726256983,51708.0,50001.01587301587,50001.01612903226,50001.50793650794,50021.56626506024,50001.001962708535,50001.12598815767,50001.116914174,50001.0,50001.03125,50001.91137213027,50001.00223463687,50001.01587301587,50001.953631284916,50001.976265370315,50001.87807276303,50005.0,50000.62,50001.01587301587
org.jfree.chart.plot.Plot.<init>()V 50001.85442329227,50001.0,50001.030303030304,50001.06153846154,51527.0,50004.85450475658,50002.0,50040.115214431215,50000.05970149254,50109.64670193306,50005.01553427287,50001.0,50001.0,50001.709497206706,51531.0,50001.01515151515,50001.015384615384,50001.507575757576,50006.88461538462,50001.001951219514,50001.12309149098,50001.11377964431,50001.0,50001.02985074627,50001.74634146341,50001.00223463687,50001.01515151515,50001.85474860335,50001.92168674699,50001.87292277615,50005.0,50000.5,50001.01515151515
org.jfree.chart.plot.DefaultDrawingSupplier.<init>()V 50001.85274356103,50001.0,50001.02996254682,50001.0608365019,51524.0,50004.8528259653,50002.0,50040.07684736516,50000.05904059041,50109.73946117669,50005.027067759576,50001.0,50001.0,50001.706145251395,51528.0,50001.01498127341,50001.01520912548,50001.5074906367,50006.80608365019,50001.00194836824,50001.122398012274,50001.11302736145,50001.0,50001.029520295204,50001.74378957623,50001.00223463687,50001.01498127341,50001.8530726257,50001.92071148628,50001.87164470473,50005.0,50000.47,50001.01498127341
org.jfree.chart.plot.DefaultDrawingSupplier.<init>([Ljava/awt/Paint;[Ljava/awt/Paint;[Ljava/awt/Paint;[Ljava/awt/Stroke;[Ljava/awt/Stroke;[Ljava/awt/Shape;)V 50001.85274356103,50001.0,50001.02996254682,50001.0608365019,51524.0,50004.8528259653,50002.0,50040.07684736516,50000.05904059041,50109.73946117669,50005.027067759576,50001.0,50001.0,50001.706145251395,51528.0,50001.01498127341,50001.01520912548,50001.5074906367,50006.80608365019,50001.00194836824,50001.122398012274,50001.11302736145,50001.0,50001.029520295204,50001.74378957623,50001.00223463687,50001.01498127341,50001.8530726257,50001.92071148628,50001.87164470473,50005.0,50000.47,50001.01498127341
org.jfree.chart.plot.Marker.setLabelOffsetType(Lorg/jfree/chart/util/LengthAdjustmentType;)V 50001.24104143337,50001.0,50001.1,50001.05263157895,50000.0,50001.99104644656,50001.0,50043.24926034855,50000.19047619047,50091.522186436465,50004.872983346206,50005.444444444445,50169.99704139422,50001.99441340782,51786.0,50001.05,50001.05263157895,50001.154411764706,50358.0,50001.0005527916,50001.121267812516,50001.120621219496,50002.0,50001.09523809524,50001.99442896936,50001.000558659216,50001.05882352941,50001.99720670391,50001.9986013986,50001.965405405404,50002.0,50000.0,50001.000002083245
org.jfree.chart.util.RectangleInsets.<init>(DDDD)V 50001.84154535274,50001.0,50001.02787456446,50001.05653710247,51504.0,50004.841634023505,50002.0,50039.82009788756,50000.05498281787,50110.34479027772,50005.101536765804,50001.0,50001.0,50001.68379888268,51508.0,50001.01393728223,50001.01413427562,50001.506968641115,50006.325088339225,50001.00192957067,50001.11805626722,50001.10829983883,50001.0,50001.02749140893,50001.726965750124,50001.00223463687,50001.01393728223,50001.841899441344,50001.91416439187,50001.86321894635,50005.0,50000.27,50001.01393728223
org.jfree.chart.util.RectangleInsets.<init>(Lorg/jfree/chart/util/UnitType;DDDD)V 50001.8398656215,50001.0,50001.027586206896,50001.055944055945,51501.0,50004.83995523223,50002.0,50039.78143885933,50000.054421768706,50110.43372096175,50005.11236361783,50001.0,50001.0,50001.68044692738,51505.0,50001.01379310345,50001.01398601398,50001.50689655173,50006.25874125874,50001.00192678227,50001.117444043906,50001.10763063411,50001.0,50001.02721088436,50001.724470134875,50001.00223463687,50001.01379310345,50001.84022346369,50001.91317547055,50001.86196911197,50005.0,50000.24,50001.01379310345
org.jfree.chart.plot.XYPlot.<init>(Lorg/jfree/data/xy/XYDataset;Lorg/jfree/chart/axis/ValueAxis;Lorg/jfree/chart/axis/ValueAxis;Lorg/jfree/chart/renderer/xy/XYItemRenderer;)V 50001.450167973126,50001.0,50001.04301075269,50001.043956043955,50000.0,50002.95019585898,50001.0,50042.68932717135,50000.084210526315,50098.95616756852,50004.0119423583,50005.07142857143,50167.75730868541,50001.94189944134,51739.0,50001.021505376346,50001.02197802198,50001.26098901099,50034.42307692308,50001.00106326422,50001.10482848367,50001.102123038836,50002.0,50001.04210526316,50001.94353963083,50001.00111731844,50001.02197802198,50001.97094972067,50001.985260770976,50001.90936863544,50003.0,50000.21,50001.000002246954
org.jfree.chart.plot.XYPlot.configureDomainAxes()V 50001.450167973126,50001.0,50001.04301075269,50001.043956043955,50000.0,50002.95019585898,50001.0,50042.436698710204,50000.084210526315,50098.95616756852,50003.77369359106,50005.05194805195,50166.74679484081,50001.91843575419,51718.0,50001.021505376346,50001.02197802198,50001.26098901099,50024.520547945205,50001.00106326422,50001.10482848367,50001.102123038836,50002.0,50001.04210526316,50001.921631776706,50001.00111731844,50001.02197802198,50001.9592178771,50001.97918448817,50001.90936863544,50003.0,50000.21,50001.000002246954
org.jfree.chart.plot.XYPlot.configureRangeAxes()V 50001.450167973126,50001.0,50001.04301075269,50001.043956043955,50000.0,50002.95019585898,50001.0,50042.412558481694,50000.084210526315,50098.95616756852,50003.75206290386,50005.05063291139,50166.65023392679,50001.91620111732,51716.0,50001.021505376346,50001.02197802198,50001.26098901099,50023.86666666667,50001.00106326422,50001.10482848367,50001.102123038836,50002.0,50001.04210526316,50001.919571045575,50001.00111731844,50001.02197802198,50001.95810055866,50001.97860199714,50001.90936863544,50003.0,50000.21,50001.000002246954
org.jfree.chart.plot.XYPlot.datasetChanged(Lorg/jfree/data/general/DatasetChangeEvent;)V 50001.450167973126,50001.0,50001.04301075269,50001.043956043955,50000.0,50002.95019585898,50001.0,50043.23742416388,50000.084210526315,50098.95616756852,50004.81913425237,50005.4,50169.949696655545,50001.993296089386,51785.0,50001.021505376346,50001.02197802198,50001.26098901099,50298.333333333336,50001.00106326422,50001.10482848367,50001.102123038836,50002.0,50001.04210526316,50001.993318485525,50001.00111731844,50001.02197802198,50001.99664804469,50001.99832120873,50001.90936863544,50003.0,50000.21,50001.000002246954
org.jfree.chart.plot.XYPlot.getDataset(I)Lorg/jfree/data/xy/XYDataset; 50001.450167973126,50001.0,50001.04301075269,50001.043956043955,50000.0,50002.95019585898,50001.0,50042.21892769105,50000.084210526315,50098.95616756852,50003.33109011668,50003.021505376346,50083.340755400954,50001.898324022346,51700.0,50001.021505376346,50001.02197802198,50001.26098901099,50019.67032967033,50001.00106326422,50001.10482848367,50001.102123038836,50002.0,50001.04210526316,50001.90324295587,50001.00111731844,50001.02197802198,50001.94916201117,50001.97391802809,50001.90936863544,50003.0,50000.21,50001.000002246954
org.jfree.chart.plot.XYPlot.mapDatasetToDomainAxis(II)V 50001.450167973126,50001.0,50001.04301075269,50001.043956043955,50000.0,50002.95019585898,50001.0,50042.21892769105,50000.084210526315,50098.95616756852,50003.33109011668,50003.021505376346,50083.340755400954,50001.898324022346,51700.0,50001.021505376346,50001.02197802198,50001.26098901099,50019.67032967033,50001.00106326422,50001.10482848367,50001.102123038836,50002.0,50001.04210526316,50001.90324295587,50001.00111731844,50001.02197802198,50001.94916201117,50001.97391802809,50001.90936863544,50003.0,50000.21,50001.000002246954
org.jfree.chart.plot.XYPlot.mapDatasetToRangeAxis(II)V 50001.450167973126,50001.0,50001.04301075269,50001.043956043955,50000.0,50002.95019585898,50001.0,50042.21892769105,50000.084210526315,50098.95616756852,50003.33109011668,50003.021505376346,50083.340755400954,50001.898324022346,51700.0,50001.021505376346,50001.02197802198,50001.26098901099,50019.67032967033,50001.00106326422,50001.10482848367,50001.102123038836,50002.0,50001.04210526316,50001.90324295587,50001.00111731844,50001.02197802198,50001.94916201117,50001.97391802809,50001.90936863544,50003.0,50000.21,50001.000002246954
org.jfree.chart.plot.CategoryPlot.addRangeMarker(ILorg/jfree/chart/plot/Marker;Lorg/jfree/chart/util/Layer;)V 50001.4412094065,50001.0,50001.036697247706,50001.03738317757,50000.0,50002.94124230554,50001.0,50042.024382993535,50000.07207207207,50099.76913720242,50003.49939007879,50003.01834862385,50082.95120499419,50001.880446927375,51684.0,50001.01834862385,50001.01869158878,50001.259345794395,50016.72897196261,50001.001054296255,50001.096673648906,50001.09373311269,50002.0,50001.036036036036,50001.88719030048,50001.00111731844,50001.01869158878,50001.94022346369,50001.96919090124,50001.89478957916,50003.0,50000.05,50001.00000190456
org.jfree.chart.plot.CategoryPlot.addRangeMarker(Lorg/jfree/chart/plot/Marker;Lorg/jfree/chart/util/Layer;)V 50001.4412094065,50001.0,50001.036697247706,50001.03738317757,50000.0,50002.94124230554,50001.0,50042.024382993535,50000.07207207207,50099.76913720242,50003.49939007879,50003.01834862385,50082.95120499419,50001.880446927375,51684.0,50001.01834862385,50001.01869158878,50001.259345794395,50016.72897196261,50001.001054296255,50001.096673648906,50001.09373311269,50002.0,50001.036036036036,50001.88719030048,50001.00111731844,50001.01869158878,50001.94022346369,50001.96919090124,50001.89478957916,50003.0,50000.05,50001.00000190456
org.jfree.chart.plot.CategoryPlot.configureDomainAxes()V 50001.4412094065,50001.0,50001.036697247706,50001.03738317757,50000.0,50002.94124230554,50001.0,50042.1217703899,50000.07207207207,50099.76913720242,50003.50064104885,50005.038834951454,50165.487081559615,50001.88938547486,51692.0,50001.01834862385,50001.01869158878,50001.259345794395,50018.080808080806,50001.001054296255,50001.096673648906,50001.09373311269,50002.0,50001.036036036036,50001.89518263632,50001.00111731844,50001.01869158878,50001.94469273743,50001.971559896585,50001.89478957916,50003.0,50000.05,50001.00000190456
org.jfree.chart.plot.CategoryPlot.configureRangeAxes()V 50001.4412094065,50001.0,50001.036697247706,50001.03738317757,50000.0,50002.94124230554,50001.0,50042.08527716835,50000.07207207207,50099.76913720242,50003.49939007879,50005.03773584906,50165.34110867339,50001.88603351955,51689.0,50001.01834862385,50001.01869158878,50001.259345794395,50017.549019607846,50001.001054296255,50001.096673648906,50001.09373311269,50002.0,50001.036036036036,50001.89217758985,50001.00111731844,50001.01869158878,50001.943016759775,50001.97067280046,50001.89478957916,50003.0,50000.05,50001.00000190456
org.jfree.chart.plot.CategoryPlot.datasetChanged(Lorg/jfree/data/general/DatasetChangeEvent;)V 50001.4412094065,50001.0,50001.036697247706,50001.03738317757,50000.0,50002.94124230554,50001.0,50043.23742416388,50000.07207207207,50099.76913720242,50004.81913425237,50005.4,50169.949696655545,50001.993296089386,51785.0,50001.01834862385,50001.01869158878,50001.259345794395,50298.333333333336,50001.001054296255,50001.096673648906,50001.09373311269,50002.0,50001.036036036036,50001.993318485525,50001.00111731844,50001.01869158878,50001.99664804469,50001.99832120873,50001.89478957916,50003.0,50000.05,50001.00000190456
org.jfree.chart.plot.CategoryPlot.getDataset(I)Lorg/jfree/data/category/CategoryDataset; 50001.4412094065,50001.0,50001.036697247706,50001.03738317757,50000.0,50002.94124230554,50001.0,50042.024382993535,50000.07207207207,50099.76913720242,50003.49939007879,50003.01834862385,50082.95120499419,50001.880446927375,51684.0,50001.01834862385,50001.01869158878,50001.259345794395,50016.72897196261,50001.001054296255,50001.096673648906,50001.09373311269,50002.0,50001.036036036036,50001.88719030048,50001.00111731844,50001.01869158878,50001.94022346369,50001.96919090124,50001.89478957916,50003.0,50000.05,50001.00000190456
org.jfree.chart.plot.CategoryPlot.mapDatasetToDomainAxis(II)V 50001.4412094065,50001.0,50001.036697247706,50001.03738317757,50000.0,50002.94124230554,50001.0,50042.024382993535,50000.07207207207,50099.76913720242,50003.49939007879,50003.01834862385,50082.95120499419,50001.880446927375,51684.0,50001.01834862385,50001.01869158878,50001.259345794395,50016.72897196261,50001.001054296255,50001.096673648906,50001.09373311269,50002.0,50001.036036036036,50001.88719030048,50001.00111731844,50001.01869158878,50001.94022346369,50001.96919090124,50001.89478957916,50003.0,50000.05,50001.00000190456
org.jfree.chart.plot.CategoryPlot.mapDatasetToRangeAxis(II)V 50001.4412094065,50001.0,50001.036697247706,50001.03738317757,50000.0,50002.94124230554,50001.0,50042.024382993535,50000.07207207207,50099.76913720242,50003.49939007879,50003.01834862385,50082.95120499419,50001.880446927375,51684.0,50001.01834862385,50001.01869158878,50001.259345794395,50016.72897196261,50001.001054296255,50001.096673648906,50001.09373311269,50002.0,50001.036036036036,50001.88719030048,50001.00111731844,50001.01869158878,50001.94022346369,50001.96919090124,50001.89478957916,50003.0,50000.05,50001.00000190456
org.jfree.chart.plot.CategoryPlot.setDomainAxisLocation(ILorg/jfree/chart/axis/AxisLocation;Z)V 50001.4412094065,50001.0,50001.036697247706,50001.03738317757,50000.0,50002.94124230554,50001.0,50043.24926034855,50000.07207207207,50099.76913720242,50004.872983346206,50005.444444444445,50169.99704139422,50001.99441340782,51786.0,50001.01834862385,50001.01869158878,50001.259345794395,50358.0,50001.001054296255,50001.096673648906,50001.09373311269,50002.0,50001.036036036036,50001.99442896936,50001.00111731844,50001.01869158878,50001.99720670391,50001.9986013986,50001.89478957916,50003.0,50000.05,50001.00000190456
org.jfree.chart.plot.CategoryPlot.setDomainAxisLocation(Lorg/jfree/chart/axis/AxisLocation;Z)V 50001.4412094065,50001.0,50001.036697247706,50001.03738317757,50000.0,50002.94124230554,50001.0,50042.024382993535,50000.07207207207,50099.76913720242,50003.49939007879,50003.01834862385,50082.95120499419,50001.880446927375,51684.0,50001.01834862385,50001.01869158878,50001.259345794395,50016.72897196261,50001.001054296255,50001.096673648906,50001.09373311269,50002.0,50001.036036036036,50001.88719030048,50001.00111731844,50001.01869158878,50001.94022346369,50001.96919090124,50001.89478957916,50003.0,50000.05,50001.00000190456
org.jfree.chart.plot.CategoryPlot.setRangeAxisLocation(ILorg/jfree/chart/axis/AxisLocation;Z)V 50001.4412094065,50001.0,50001.036697247706,50001.03738317757,50000.0,50002.94124230554,50001.0,50043.24926034855,50000.07207207207,50099.76913720242,50004.872983346206,50005.444444444445,50169.99704139422,50001.99441340782,51786.0,50001.01834862385,50001.01869158878,50001.259345794395,50358.0,50001.001054296255,50001.096673648906,50001.09373311269,50002.0,50001.036036036036,50001.99442896936,50001.00111731844,50001.01869158878,50001.99720670391,50001.9986013986,50001.89478957916,50003.0,50000.05,50001.00000190456
org.jfree.chart.plot.CategoryPlot.setRangeAxisLocation(Lorg/jfree/chart/axis/AxisLocation;Z)V 50001.4412094065,50001.0,50001.036697247706,50001.03738317757,50000.0,50002.94124230554,50001.0,50042.024382993535,50000.07207207207,50099.76913720242,50003.49939007879,50003.01834862385,50082.95120499419,50001.880446927375,51684.0,50001.01834862385,50001.01869158878,50001.259345794395,50016.72897196261,50001.001054296255,50001.096673648906,50001.09373311269,50002.0,50001.036036036036,50001.88719030048,50001.00111731844,50001.01869158878,50001.94022346369,50001.96919090124,50001.89478957916,50003.0,50000.05,50001.00000190456
org.jfree.chart.util.AbstractObjectList.size()I 50001.76259798432,50001.0,50001.01869158878,50001.03773584906,51363.0,50004.7627308338,50002.0,50037.95943722515,50000.03703703704,50114.11344671844,50005.53775939005,50001.0,50001.0,50001.52625698324,51367.0,50001.009345794395,50001.00943396227,50001.504672897194,50004.22169811321,50001.00180668473,50001.096673648906,50001.08442205853,50001.0,50001.01851851852,50001.616982836495,50001.00223463687,50001.009345794395,50001.76312849162,50001.86565272497,50001.80814479638,50005.0,49998.86,50001.009345794395
org.jfree.chart.plot.ValueMarker.<init>(DLjava/awt/Paint;Ljava/awt/Stroke;Ljava/awt/Paint;Ljava/awt/Stroke;F)V 50001.44064949608,50001.0,50001.03636363636,50001.03703703704,50000.0,50002.94068270845,50001.0,50042.01219330882,50000.07142857143,50099.81781657745,50003.50910943185,50003.01818181818,50082.926796593056,50001.879329608935,51683.0,50001.01818181818,50001.01851851852,50001.25925925926,50016.57407407407,50001.00105374078,50001.096225044865,50001.093270366,50002.0,50001.03571428572,50001.88619599579,50001.00111731844,50001.01851851852,50001.93966480447,50001.96889400922,50001.893893893895,50003.0,50000.04,50001.0000018866
org.jfree.data.general.DatasetChangeEvent.<init>(Ljava/lang/Object;Lorg/jfree/data/general/Dataset;)V 50001.74076147816,50001.0,50001.01713062099,50001.03455723542,51324.0,50004.74090654729,50002.0,50037.42801120017,50000.03397027601,50115.039621227814,50005.638688908664,50001.0,50001.0,50001.482681564245,51328.0,50001.00856531049,50001.00863930886,50001.504282655245,50003.86609071274,50001.001775410565,50001.092548962675,50001.07965457966,50001.0,50001.016985138005,50001.588992454504,50001.00223463687,50001.00856531049,50001.74134078212,50001.85145973693,50001.79413072477,50005.0,49998.47,50001.00856531049
org.jfree.chart.util.ObjectList.<init>()V 50001.73572228444,50001.0,50001.01680672269,50001.03389830508,51315.0,50004.73587017348,50002.0,50037.304269721346,50000.03333333333,50115.24774741886,50005.6610686524,50001.0,50001.0,50001.47262569833,51319.0,50001.008403361346,50001.00847457627,50001.50420168067,50003.792372881355,50001.0017683466,50001.0916698497,50001.07862913077,50001.0,50001.01666666667,50001.58267020336,50001.00223463687,50001.008403361346,50001.73631284916,50001.848133848136,50001.79096545616,50005.0,49998.38,50001.008403361346
org.jfree.chart.util.AbstractObjectList.<init>()V 50001.72620380739,50001.0,50001.016227180524,50001.0327198364,51298.0,50004.72635702294,50002.0,50037.06937759374,50000.03219315896,50115.63553082396,50005.70248278971,50001.0,50001.0,50001.453631284916,51302.0,50001.008113590266,50001.0081799591,50001.50405679513,50003.660531697344,50001.00175515577,50001.09007546982,50001.076760146825,50001.0,50001.01609657948,50001.570864414214,50001.00223463687,50001.008113590266,50001.72681564246,50001.84179877063,50001.78505494505,50005.0,49998.21,50001.008113590266
org.jfree.chart.util.AbstractObjectList.<init>(II)V 50001.72620380739,50001.0,50001.016227180524,50001.0327198364,51298.0,50004.72635702294,50002.0,50037.06937759374,50000.03219315896,50115.63553082396,50005.70248278971,50001.0,50001.0,50001.453631284916,51302.0,50001.008113590266,50001.0081799591,50001.50405679513,50003.660531697344,50001.00175515577,50001.09007546982,50001.076760146825,50001.0,50001.01609657948,50001.570864414214,50001.00223463687,50001.008113590266,50001.72681564246,50001.84179877063,50001.78505494505,50005.0,49998.21,50001.008113590266
org.jfree.chart.event.ChartChangeEvent.<init>(Ljava/lang/Object;)V 50001.71668533035,50001.0,50001.01568627451,50001.03162055336,51281.0,50004.71684387241,50002.0,50036.832945734335,50000.03112840467,50116.01663019486,50005.742830774805,50001.0,50001.0,50001.434636871505,51285.0,50001.00784313725,50001.007905138336,50001.50392156863,50003.53754940711,50001.001742160275,50001.088561488556,50001.07497373816,50001.0,50001.01556420233,50001.55923344948,50001.00223463687,50001.00784313725,50001.71731843575,50001.835393623944,50001.779232111694,50005.0,49998.04,50001.00784313725
org.jfree.chart.event.ChartChangeEvent.<init>(Ljava/lang/Object;Lorg/jfree/chart/JFreeChart;Lorg/jfree/chart/event/ChartChangeEventType;)V 50001.71668533035,50001.0,50001.01568627451,50001.03162055336,51281.0,50004.71684387241,50002.0,50036.832945734335,50000.03112840467,50116.01663019486,50005.742830774805,50001.0,50001.0,50001.434636871505,51285.0,50001.00784313725,50001.007905138336,50001.50392156863,50003.53754940711,50001.001742160275,50001.088561488556,50001.07497373816,50001.0,50001.01556420233,50001.55923344948,50001.00223463687,50001.00784313725,50001.71731843575,50001.835393623944,50001.779232111694,50005.0,49998.04,50001.00784313725
org.jfree.chart.plot.Marker.addChangeListener(Lorg/jfree/chart/event/MarkerChangeListener;)V 50001.42889137738,50001.0,50001.03053435114,50001.03100775194,50000.0,50002.92893116956,50001.0,50041.75536774463,50000.06015037594,50100.79161410605,50003.69618761765,50003.01526717557,50082.41252974819,50001.85586592179,51662.0,50001.01526717557,50001.01550387597,50001.257751937985,50013.875968992244,50001.001042209486,50001.08804509063,50001.08480588436,50002.0,50001.03007518797,50001.86555497655,50001.00111731844,50001.01550387597,50001.92793296089,50001.96261953057,50001.87549019608,50003.0,49999.83,50001.00000157464
org.jfree.chart.event.MarkerChangeEvent.<init>(Lorg/jfree/chart/plot/Marker;)V 50001.23208286674,50001.0,50001.055555555555,50001.02857142857,50000.0,50001.982092893115,50001.0,50042.892720131305,50000.10810810811,50093.17904068595,50002.82842712475,50004.07894736842,50126.606528492746,50001.960893854746,51756.0,50001.02777777778,50001.02857142857,50001.14015151515,50051.142857142855,50001.00054794521,50001.08703882798,50001.08618189026,50002.0,50001.05405405405,50001.96164383562,50001.000558659216,50001.030303030304,50001.98044692737,50001.99012693935,50001.93312434692,50002.0,49999.78,50001.000001041626
org.jfree.chart.plot.Marker.notifyListeners(Lorg/jfree/chart/event/MarkerChangeEvent;)V 50001.23208286674,50001.0,50001.055555555555,50001.02857142857,50000.0,50001.982092893115,50001.0,50043.05948168963,50000.10810810811,50093.17904068595,50004.446287041785,50005.16,50169.237926758506,50001.976536312846,51770.0,50001.02777777778,50001.02857142857,50001.14015151515,50085.23809523809,50001.00054794521,50001.08703882798,50001.08618189026,50002.0,50001.05405405405,50001.976808393156,50001.000558659216,50001.030303030304,50001.98826815643,50001.994099466145,50001.93312434692,50002.0,49999.78,50001.000001041626
org.jfree.chart.plot.Plot.fireChangeEvent()V 50001.379059350504,50001.0,50001.01818181818,50001.01834862385,50000.0,50002.87912702854,50001.0,50040.6484552032,50000.036036036036,50104.21912489316,50004.27061744273,50003.009090909094,50080.19595949289,50001.756424581006,51573.0,50001.009090909094,50001.00917431193,50001.25458715596,50008.21100917431,50001.00099601594,50001.06772854615,50001.063460634134,50002.0,50001.01801801802,50001.782868525894,50001.00111731844,50001.00917431193,50001.8782122905,50001.93515764426,50001.80522993688,50003.0,49998.94,50001.00000092583
org.jfree.chart.plot.CategoryPlot.<init>()V 5013.494960806271,5013.0,5013.307692307692,5013.363636363636,5012.0,5014.994963626189,5013.0,5055.178193417926,5012.533333333334,5104.522186436462,5014.0,5015.153846153846,5097.2614977317635,5013.987709497207,6792.0,5013.153846153846,5013.181818181818,5013.340909090909,5174.727272727273,5013.00111049417,5013.301511344578,5013.300581594485,5014.0,5013.266666666666,5013.987784564131,5013.001117318436,5013.181818181818,5013.993854748604,5013.996917904175,5013.990022172949,5015.0,5012.3,5013.000022219013
org.jfree.chart.plot.XYPlot.<init>()V 5013.489921612542,5013.0,5013.181818181818,5013.2,5012.0,5014.989927252378,5013.0,5055.071367935925,5012.333333333333,5105.764827123581,5013.492585715505,5015.090909090909,5097.047605557803,5013.977653631285,6783.0,5013.090909090909,5013.1,5013.3,5101.5,5013.001104972375,5013.22360679775,5013.222351417473,5014.0,5013.166666666667,5013.977900552486,5013.001117318436,5013.1,5013.988826815643,5013.994382022472,5013.980241492865,5015.0,5012.92,5013.000011109753
org.jfree.chart.plot.CategoryMarker.<init>(Ljava/lang/Comparable;Ljava/awt/Paint;Ljava/awt/Stroke;)V 5013.246080627099,5013.0,5013.181818181818,5013.1,5012.0,5013.996082820369,5013.0,5055.190046219458,5012.333333333333,5102.167937747527,5015.520763513092,5016.2307692307695,5139.499011853848,5013.988826815643,6793.0,5013.090909090909,5013.1,5013.1875,5191.0,5013.000555555555,5013.176776695296,5013.176281355693,5014.0,5013.166666666667,5013.988888888889,5013.000558659218,5013.125,5013.994413407821,5013.997198879551,5013.984564498346,5014.0,5011.5,5013.000004761655
org.jfree.chart.util.AbstractObjectList.<init>(I)V 5013.72620380739,5013.0,5013.0162271805275,5013.032719836401,6310.0,5016.726357022943,5014.0,5049.0693775937425,5012.032193158953,5127.635530823958,5017.702482789708,5013.0,5013.0,5013.453631284916,6314.0,5013.008113590264,5013.0081799591,5013.504056795132,5015.660531697342,5013.00175515577,5013.090075469822,5013.076760146829,5013.0,5013.016096579477,5013.570864414217,5013.002234636871,5013.008113590264,5013.726815642458,5013.841798770624,5013.785054945055,5017.0,5010.21,5013.008113590264
