org.jfree.chart.JFreeChart.draw(Ljava/awt/Graphics2D;Ljava/awt/geom/Rectangle2D;Ljava/awt/geom/Point2D;Lorg/jfree/chart/ChartRenderingInfo;)V 5000001.983183856,5000001.0,5000001.064516129,5000001.033333333,5001755.0,5000001.983193277,5000002.0,5000043.225584662,5000000.125,5000095.412102261,5000003.817313247,5000002.333333333,5000043.225584662,5000001.997759104,5001784.0,5000001.0322580645,5000001.033333333,5000001.516129033,5000892.5,5000001.000550964,5000001.179605302,5000001.178088766,5000001.0,5000001.0625,5000001.997761612,5000001.000560224,5000001.0322580645,5000001.998879552,5000001.999439462,5000001.983461962,5000002.0,5000000.0,5000001.0322580645
org.jfree.chart.plot.PiePlot.getLegendItems()Lorg/jfree/chart/LegendItemCollection; 50008.0,50007.0,50009.0,1050007.0,51791.0,50008.0,50008.0,50049.24926034855,50008.0,50095.20689913534,50008.31607401295,50008.333333333336,50049.225584661435,50008.0,51792.0,50008.0,1050007.0,50008.0,50898.5,50007.00056022409,50008.0,50008.0,50007.0,50008.0,50008.0,50007.00056022409,50008.0,50008.0,50008.0,50008.0,50008.0,50008.0,50008.0
org.jfree.data.general.DatasetUtilities.calculatePieDatasetTotal(Lorg/jfree/data/general/PieDataset;)D 50005.0,50004.0,50006.0,1050004.0,51788.0,50005.0,50005.0,50046.24926034855,50005.0,50092.710916305274,50005.49534878122,50005.142857142855,50046.17819341792,50005.0,51789.0,50005.0,1050004.0,50005.0,50360.0,50004.00056022409,50005.0,50005.0,50004.0,50005.0,50005.0,50004.00056022409,50005.0,50005.0,50005.0,50005.0,50005.0,50005.0,50005.0
org.jfree.chart.plot.PiePlot3D.draw(Ljava/awt/Graphics2D;Ljava/awt/geom/Rectangle2D;Ljava/awt/geom/Point2D;Lorg/jfree/chart/plot/PlotState;Lorg/jfree/chart/plot/PlotRenderingInfo;)V 5000001.999439462,5000001.007874016,5000002.0,5000002.0,5001784.0,5000001.999439776,5000002.0,5000043.237424164,5000001.333333333,5000088.474848328,5000002.0,5000002.333333333,5000043.225584662,5000001.998879552,5001785.0,5000001.5,5000002.0,5000001.75,5001785.0,5000001.00055991,5000001.707106781,5000001.706908573,5000001.0,5000001.666666667,5000001.99888018,5000001.000560224,5000001.5,5000001.999439776,5000001.99971981,5000001.999439776,5000002.0,5000001.0,5000001.5
org.jfree.chart.plot.PiePlot.getInteriorGap()D 50001.999439461884,50001.0,50002.0,50002.0,51784.0,50001.99943977591,50002.0,50043.23742416388,50001.333333333336,50088.47484832777,50002.0,50001.0,50001.0,50001.99887955182,51785.0,50001.5,50002.0,50001.75,51785.0,50001.00055991041,50001.707106781185,50001.70690857326,50001.0,50001.666666666664,50001.99888017917,50001.00056022409,50001.5,50001.99943977591,50001.99971980947,50001.99943977591,50002.0,50001.0,50001.5
org.jfree.chart.plot.PiePlot.getLabelGap()D 50001.999439461884,50001.0,50002.0,50002.0,51784.0,50001.99943977591,50002.0,50043.23742416388,50001.333333333336,50088.47484832777,50002.0,50001.0,50001.0,50001.99887955182,51785.0,50001.5,50002.0,50001.75,51785.0,50001.00055991041,50001.707106781185,50001.70690857326,50001.0,50001.666666666664,50001.99888017917,50001.00056022409,50001.5,50001.99943977591,50001.99971980947,50001.99943977591,50002.0,50001.0,50001.5
org.jfree.chart.plot.PiePlot.getLabelGenerator()Lorg/jfree/chart/labels/PieSectionLabelGenerator; 50003.999439461884,50003.0,50004.0,50004.0,51786.0,50003.99943977591,50004.0,50045.23742416388,50003.333333333336,50090.47484832777,50004.0,50003.0,50003.0,50003.99887955182,51787.0,50003.5,50004.0,50003.75,51787.0,50003.00055991041,50003.707106781185,50003.70690857326,50003.0,50003.666666666664,50003.99888017917,50003.00056022409,50003.5,50003.99943977591,50003.99971980947,50003.99943977591,50004.0,50003.0,50003.5
org.jfree.chart.plot.PiePlot.getMaximumLabelWidth()D 50001.999439461884,50001.0,50002.0,50002.0,51784.0,50001.99943977591,50002.0,50043.23742416388,50001.333333333336,50088.47484832777,50002.0,50001.0,50001.0,50001.99887955182,51785.0,50001.5,50002.0,50001.75,51785.0,50001.00055991041,50001.707106781185,50001.70690857326,50001.0,50001.666666666664,50001.99888017917,50001.00056022409,50001.5,50001.99943977591,50001.99971980947,50001.99943977591,50002.0,50001.0,50001.5
org.jfree.chart.plot.PiePlot.initialise(Ljava/awt/Graphics2D;Ljava/awt/geom/Rectangle2D;Lorg/jfree/chart/plot/PiePlot;Ljava/lang/Integer;Lorg/jfree/chart/plot/PlotRenderingInfo;)Lorg/jfree/chart/plot/PiePlotState; 50003.99887892377,50003.0,50003.666666666664,50003.5,51785.0,50003.99887955182,50004.0,50045.225584661435,50003.0,50090.88906189014,50004.189207115,50003.0,50003.0,50003.997759103644,51786.0,50003.333333333336,50003.5,50003.666666666664,50894.5,50003.00055959709,50003.57735026919,50003.577026551604,50003.0,50003.5,50003.99776161164,50003.00056022409,50003.333333333336,50003.99887955182,50003.999439461884,50003.99888017917,50004.0,50002.0,50003.333333333336
org.jfree.chart.plot.PiePlot.isCircular()Z 50001.99887892377,50001.0,50001.666666666664,50001.5,51783.0,50001.99887955182,50002.0,50043.225584661435,50001.0,50088.88906189014,50002.189207115,50001.0,50001.0,50001.997759103644,51784.0,50001.333333333336,50001.5,50001.666666666664,50892.5,50001.00055959709,50001.57735026919,50001.577026551604,50001.0,50001.5,50001.99776161164,50001.00056022409,50001.333333333336,50001.99887955182,50001.999439461884,50001.99888017917,50002.0,50000.0,50001.333333333336
org.jfree.chart.plot.PiePlotState.<init>(Lorg/jfree/chart/plot/PlotRenderingInfo;)V 50002.99887892377,50002.0,50002.666666666664,50002.5,51784.0,50002.99887955182,50003.0,50044.225584661435,50002.0,50089.88906189014,50003.189207115,50002.0,50002.0,50002.997759103644,51785.0,50002.333333333336,50002.5,50002.666666666664,50893.5,50002.00055959709,50002.57735026919,50002.577026551604,50002.0,50002.5,50002.99776161164,50002.00056022409,50002.333333333336,50002.99887955182,50002.999439461884,50002.99888017917,50003.0,50001.0,50002.333333333336
org.jfree.chart.plot.PiePlotState.setPassesRequired(I)V 50003.99887892377,50003.0,50003.666666666664,50003.5,51785.0,50003.99887955182,50004.0,50045.225584661435,50003.0,50090.88906189014,50004.189207115,50003.0,50003.0,50003.997759103644,51786.0,50003.333333333336,50003.5,50003.666666666664,50894.5,50003.00055959709,50003.57735026919,50003.577026551604,50003.0,50003.5,50003.99776161164,50003.00056022409,50003.333333333336,50003.99887955182,50003.999439461884,50003.99888017917,50004.0,50002.0,50003.333333333336
org.jfree.chart.ChartFactory.createPieChart3D(Ljava/lang/String;Lorg/jfree/data/general/PieDataset;ZZZ)Lorg/jfree/chart/JFreeChart; 50003.99831838565,50003.0,50003.5,50003.333333333336,51784.0,50003.99831932773,50004.0,50045.225584661435,50002.8,50091.20689913534,50004.31607401295,50004.333333333336,50045.225584661435,50003.997759103644,51786.0,50003.25,50003.333333333336,50003.625,50894.5,50003.00055928412,50003.5,50003.49957941953,50003.0,50003.4,50003.99776161164,50003.00056022409,50003.25,50003.99887955182,50003.999439461884,50003.99832120873,50004.0,50002.0,50003.25
org.jfree.chart.plot.Plot.drawBackground(Ljava/awt/Graphics2D;Ljava/awt/geom/Rectangle2D;)V 50003.99775784753,50003.0,50003.4,50003.25,51783.0,50003.997759103644,50004.0,50045.20189569202,50002.666666666664,50091.47484832777,50004.41421356237,50003.0,50003.0,50003.99551820728,51784.0,50003.2,50003.25,50003.6,50448.25,50003.00055897149,50003.4472135955,50003.44671195362,50003.0,50003.333333333336,50003.99552822806,50003.00056022409,50003.2,50003.997759103644,50003.99887829501,50003.99776286353,50004.0,50001.8,50003.2
org.jfree.chart.plot.Plot.fillBackground(Ljava/awt/Graphics2D;Ljava/awt/geom/Rectangle2D;)V 50003.99775784753,50003.0,50003.4,50003.25,51783.0,50003.997759103644,50004.0,50045.20189569202,50002.666666666664,50091.47484832777,50004.41421356237,50003.0,50003.0,50003.99551820728,51784.0,50003.2,50003.25,50003.6,50448.25,50003.00055897149,50003.4472135955,50003.44671195362,50003.0,50003.333333333336,50003.99552822806,50003.00056022409,50003.2,50003.997759103644,50003.99887829501,50003.99776286353,50004.0,50001.8,50003.2
org.jfree.chart.plot.PiePlot3D.<init>(Lorg/jfree/data/general/PieDataset;)V 50001.997197309414,50001.0,50001.333333333336,50001.2,51780.0,50001.99719887955,50002.0,50043.19004621946,50000.57142857143,50089.710916305274,50002.49534878122,50001.0,50001.0,50001.9943977591,51781.0,50001.166666666664,50001.2,50001.583333333336,50357.0,50001.000558659216,50001.40824829046,50001.40767579223,50001.0,50001.28571428572,50001.99441340782,50001.00056022409,50001.166666666664,50001.99719887955,50001.99859747545,50001.997205142536,50002.0,49999.7,50001.166666666664
org.jfree.chart.plot.PiePlot.getDataset()Lorg/jfree/data/general/PieDataset; 50001.997197309414,50001.0,50001.333333333336,50001.2,51780.0,50001.99719887955,50002.0,50043.19004621946,50000.57142857143,50089.710916305274,50002.49534878122,50001.0,50001.0,50001.9943977591,51781.0,50001.166666666664,50001.2,50001.583333333336,50357.0,50001.000558659216,50001.40824829046,50001.40767579223,50001.0,50001.28571428572,50001.99441340782,50001.00056022409,50001.166666666664,50001.99719887955,50001.99859747545,50001.997205142536,50002.0,49999.7,50001.166666666664
org.jfree.chart.plot.PiePlot.setCircular(ZZ)V 50001.9966367713,50001.0,50001.28571428572,50001.166666666664,51779.0,50001.99663865546,50002.0,50043.225584661435,50000.5,50089.92433807055,50002.56508458007,50002.333333333336,50043.225584661435,50001.997759103644,51784.0,50001.142857142855,50001.166666666664,50001.57142857143,50892.5,50001.00055834729,50001.37796447301,50001.37732834722,50001.0,50001.25,50001.99776161164,50001.00056022409,50001.142857142855,50001.99887955182,50001.999439461884,50001.99664804469,50002.0,50000.0,50001.142857142855
org.jfree.chart.block.LineBorder.draw(Ljava/awt/Graphics2D;Ljava/awt/geom/Rectangle2D;)V 50001.99383408072,50001.0,50001.166666666664,50001.09090909091,51774.0,50001.99383753502,50002.0,50043.1188793773,50000.307692307695,50095.34885620178,50003.8060662633,50002.018867924526,50042.629316593,50001.98767507003,51775.0,50001.083333333336,50001.09090909091,50001.541666666664,50162.27272727273,50001.000556792875,50001.288675134594,50001.28778378468,50001.0,50001.153846153844,50001.98775055679,50001.00056022409,50001.083333333336,50001.99383753502,50001.99690924417,50001.993871866296,50002.0,49999.99,50001.083333333336
org.jfree.chart.title.LegendTitle.arrange(Ljava/awt/Graphics2D;Lorg/jfree/chart/block/RectangleConstraint;)Lorg/jfree/chart/util/Size2D; 50001.99383408072,50001.0,50001.166666666664,50001.09090909091,51774.0,50001.99383753502,50002.0,50043.1188793773,50000.307692307695,50095.34885620178,50003.8060662633,50002.018867924526,50042.629316593,50001.98767507003,51775.0,50001.083333333336,50001.09090909091,50001.541666666664,50162.27272727273,50001.000556792875,50001.288675134594,50001.28778378468,50001.0,50001.153846153844,50001.98775055679,50001.00056022409,50001.083333333336,50001.99383753502,50001.99690924417,50001.993871866296,50002.0,49999.99,50001.083333333336
org.jfree.chart.JFreeChart.createAlignedRectangle2D(Lorg/jfree/chart/util/Size2D;Ljava/awt/geom/Rectangle2D;Lorg/jfree/chart/util/HorizontalAlignment;Lorg/jfree/chart/util/VerticalAlignment;)Ljava/awt/geom/Rectangle2D; 50001.9831838565,50001.0,50001.06451612903,50001.03333333333,51755.0,50001.98319327731,50002.0,50042.892720131305,50000.125,50095.41210226097,50003.81731324726,50001.0,50001.0,50001.966386554624,51756.0,50001.032258064515,50001.03333333333,50001.51612903226,50059.5,50001.000550964185,50001.17960530203,50001.178088765155,50001.0,50001.0625,50001.96694214876,50001.00056022409,50001.032258064515,50001.98319327731,50001.99152542373,50001.98346196251,50002.0,49999.8,50001.032258064515
org.jfree.chart.JFreeChart.drawTitle(Lorg/jfree/chart/title/Title;Ljava/awt/Graphics2D;Ljava/awt/geom/Rectangle2D;Z)Lorg/jfree/chart/entity/EntityCollection; 50001.9831838565,50001.0,50001.06451612903,50001.03333333333,51755.0,50001.98319327731,50002.0,50042.892720131305,50000.125,50095.41210226097,50003.81731324726,50001.0,50001.0,50001.966386554624,51756.0,50001.032258064515,50001.03333333333,50001.51612903226,50059.5,50001.000550964185,50001.17960530203,50001.178088765155,50001.0,50001.0625,50001.96694214876,50001.00056022409,50001.032258064515,50001.98319327731,50001.99152542373,50001.98346196251,50002.0,49999.8,50001.032258064515
org.jfree.chart.plot.Plot.setInsets(Lorg/jfree/chart/util/RectangleInsets;)V 50002.9831838565,50002.0,50002.06451612903,50002.03333333333,51756.0,50002.98319327731,50003.0,50043.892720131305,50001.125,50093.95207390282,50004.34034731932,50002.0,50002.0,50002.966386554624,51757.0,50002.032258064515,50002.03333333333,50002.51612903226,50060.5,50002.000550964185,50002.17960530203,50002.178088765155,50002.0,50002.0625,50002.96694214876,50002.00056022409,50002.032258064515,50002.98319327731,50002.99152542373,50002.98346196251,50003.0,50000.8,50002.032258064515
org.jfree.chart.plot.Plot.setInsets(Lorg/jfree/chart/util/RectangleInsets;Z)V 50002.9831838565,50002.0,50002.06451612903,50002.03333333333,51756.0,50002.98319327731,50003.0,50043.892720131305,50001.125,50094.30580022262,50004.41473640277,50002.0,50002.0,50002.966386554624,51757.0,50002.032258064515,50002.03333333333,50002.51612903226,50060.5,50002.000550964185,50002.17960530203,50002.178088765155,50002.0,50002.0625,50002.96694214876,50002.00056022409,50002.032258064515,50002.98319327731,50002.99152542373,50002.98346196251,50003.0,50000.8,50002.032258064515
org.jfree.chart.text.TextBlock.setLineAlignment(Lorg/jfree/chart/util/HorizontalAlignment;)V 50001.9831838565,50001.0,50001.06451612903,50001.03333333333,51755.0,50001.98319327731,50002.0,50042.892720131305,50000.125,50092.95207390282,50003.34034731932,50001.0,50001.0,50001.966386554624,51756.0,50001.032258064515,50001.03333333333,50001.51612903226,50059.5,50001.000550964185,50001.17960530203,50001.178088765155,50001.0,50001.0625,50001.96694214876,50001.00056022409,50001.032258064515,50001.98319327731,50001.99152542373,50001.98346196251,50002.0,49999.8,50001.032258064515
org.jfree.chart.text.TextUtilities.createTextBlock(Ljava/lang/String;Ljava/awt/Font;Ljava/awt/Paint;FLorg/jfree/chart/text/TextMeasurer;)Lorg/jfree/chart/text/TextBlock; 50001.9831838565,50001.0,50001.06451612903,50001.03333333333,51755.0,50001.98319327731,50002.0,50042.892720131305,50000.125,50092.95207390282,50003.34034731932,50001.0,50001.0,50001.966386554624,51756.0,50001.032258064515,50001.03333333333,50001.51612903226,50059.5,50001.000550964185,50001.17960530203,50001.178088765155,50001.0,50001.0625,50001.96694214876,50001.00056022409,50001.032258064515,50001.98319327731,50001.99152542373,50001.98346196251,50002.0,49999.8,50001.032258064515
org.jfree.chart.title.TextTitle.arrange(Ljava/awt/Graphics2D;Lorg/jfree/chart/block/RectangleConstraint;)Lorg/jfree/chart/util/Size2D; 50001.9831838565,50001.0,50001.06451612903,50001.03333333333,51755.0,50001.98319327731,50002.0,50042.892720131305,50000.125,50092.95207390282,50003.34034731932,50001.0,50001.0,50001.966386554624,51756.0,50001.032258064515,50001.03333333333,50001.51612903226,50059.5,50001.000550964185,50001.17960530203,50001.178088765155,50001.0,50001.0625,50001.96694214876,50001.00056022409,50001.032258064515,50001.98319327731,50001.99152542373,50001.98346196251,50002.0,49999.8,50001.032258064515
org.jfree.chart.title.TextTitle.arrangeRR(Ljava/awt/Graphics2D;Lorg/jfree/data/Range;Lorg/jfree/data/Range;)Lorg/jfree/chart/util/Size2D; 50001.9831838565,50001.0,50001.06451612903,50001.03333333333,51755.0,50001.98319327731,50002.0,50042.892720131305,50000.125,50092.95207390282,50003.34034731932,50001.0,50001.0,50001.966386554624,51756.0,50001.032258064515,50001.03333333333,50001.51612903226,50059.5,50001.000550964185,50001.17960530203,50001.178088765155,50001.0,50001.0625,50001.96694214876,50001.00056022409,50001.032258064515,50001.98319327731,50001.99152542373,50001.98346196251,50002.0,49999.8,50001.032258064515
org.jfree.chart.title.TextTitle.draw(Ljava/awt/Graphics2D;Ljava/awt/geom/Rectangle2D;Ljava/lang/Object;)Ljava/lang/Object; 50001.9831838565,50001.0,50001.06451612903,50001.03333333333,51755.0,50001.98319327731,50002.0,50043.225584661435,50000.125,50092.95207390282,50003.34034731932,50002.333333333336,50043.225584661435,50001.997759103644,51784.0,50001.032258064515,50001.03333333333,50001.51612903226,50892.5,50001.000550964185,50001.17960530203,50001.178088765155,50001.0,50001.0625,50001.99776161164,50001.00056022409,50001.032258064515,50001.99887955182,50001.999439461884,50001.98346196251,50002.0,50000.0,50001.032258064515
org.jfree.chart.title.TextTitle.drawHorizontal(Ljava/awt/Graphics2D;Ljava/awt/geom/Rectangle2D;)V 50001.9831838565,50001.0,50001.06451612903,50001.03333333333,51755.0,50001.98319327731,50002.0,50042.892720131305,50000.125,50092.95207390282,50003.34034731932,50001.0,50001.0,50001.966386554624,51756.0,50001.032258064515,50001.03333333333,50001.51612903226,50059.5,50001.000550964185,50001.17960530203,50001.178088765155,50001.0,50001.0625,50001.96694214876,50001.00056022409,50001.032258064515,50001.98319327731,50001.99152542373,50001.98346196251,50002.0,49999.8,50001.032258064515
org.jfree.chart.plot.AbstractPieLabelDistributor.<init>()V 50001.98038116592,50001.0,50001.055555555555,50001.02857142857,51750.0,50001.98039215686,50002.0,50042.833001326704,50000.10810810811,50093.39092811087,50003.4322992791,50001.0,50001.0,50001.96078431373,51751.0,50001.02777777778,50001.02857142857,50001.51388888889,50051.0,50001.00054945055,50001.166666666664,50001.16502366547,50001.0,50001.05405405405,50001.96153846154,50001.00056022409,50001.02777777778,50001.98039215686,50001.9900990099,50001.9807586586,50002.0,49999.75,50001.02777777778
org.jfree.chart.plot.PieLabelDistributor.<init>(I)V 50001.98038116592,50001.0101010101,50001.055555555555,50001.02857142857,51750.0,50001.98039215686,50002.0,50042.833001326704,50000.10810810811,50093.39092811087,50003.4322992791,50001.0,50001.0,50001.96078431373,51751.0,50001.02777777778,50001.02857142857,50001.51388888889,50051.0,50001.00054945055,50001.166666666664,50001.16502366547,50001.0,50001.05405405405,50001.96153846154,50001.00056022409,50001.02777777778,50001.98039215686,50001.9900990099,50001.9807586586,50002.0,49999.75,50001.02777777778
org.jfree.chart.plot.PiePlot.<init>(Lorg/jfree/data/general/PieDataset;)V 50001.98038116592,50001.0,50001.055555555555,50001.02857142857,51750.0,50001.98039215686,50002.0,50043.03569911397,50000.10810810811,50093.39092811087,50003.4322992791,50002.05263157895,50043.03569911397,50001.979831932775,51768.0,50001.02777777778,50001.02857142857,50001.51388888889,50099.166666666664,50001.00054945055,50001.166666666664,50001.16502366547,50001.0,50001.05405405405,50001.98003327787,50001.00056022409,50001.02777777778,50001.989915966384,50001.99493243243,50001.9807586586,50002.0,49999.75,50001.02777777778
org.jfree.chart.labels.StandardPieSectionLabelGenerator.<init>()V 50001.97869955157,50001.0,50001.05128205128,50001.02631578947,51747.0,50001.9787114846,50002.0,50042.797129088016,50000.1,50093.63926233074,50003.4828237962,50001.0,50001.0,50001.957422969186,51748.0,50001.02564102564,50001.02631578947,50001.51282051282,50046.97368421053,50001.000548546355,50001.1601281538,50001.15841357359,50001.0,50001.05,50001.95831047723,50001.00056022409,50001.02564102564,50001.9787114846,50001.989241223106,50001.979143798024,50002.0,49999.72,50001.02564102564
org.jfree.chart.block.BlockResult.getEntityCollection()Lorg/jfree/chart/entity/EntityCollection; 50001.97757847534,50001.0,50001.04878048781,50001.025,51745.0,50001.97759103641,50002.0,50042.77319714841,50000.09523809524,50093.79940364811,50003.51486685937,50001.0,50001.0,50001.95518207283,51746.0,50001.0243902439,50001.025,50001.51219512195,50044.625,50001.00054794521,50001.15617376189,50001.15441300932,50001.0,50001.04761904762,50001.95616438356,50001.00056022409,50001.0243902439,50001.97759103641,50001.98866855524,50001.978070175435,50002.0,49999.7,50001.0243902439
org.jfree.chart.StrokeMap.<init>()V 50001.97701793722,50001.0,50001.04761904762,50001.0243902439,51744.0,50001.977030812326,50002.0,50042.76122603564,50000.09302325582,50093.877972565206,50003.530439534436,50001.0,50001.0,50001.95406162465,51745.0,50001.02380952381,50001.0243902439,50001.51190476191,50043.53658536585,50001.000547645126,50001.15430334996,50001.15251993915,50001.0,50001.04651162791,50001.95509309967,50001.00056022409,50001.02380952381,50001.977030812326,50001.9883819779,50001.97753424657,50002.0,49999.69,50001.02380952381
org.jfree.chart.labels.AbstractPieItemLabelGenerator.<init>(Ljava/lang/String;Ljava/text/NumberFormat;Ljava/text/NumberFormat;)V 50001.97701793722,50001.0,50001.04761904762,50001.0243902439,51744.0,50001.977030812326,50002.0,50042.76122603564,50000.09302325582,50093.877972565206,50003.530439534436,50001.0,50001.0,50001.95406162465,51745.0,50001.02380952381,50001.0243902439,50001.51190476191,50043.53658536585,50001.000547645126,50001.15430334996,50001.15251993915,50001.0,50001.04651162791,50001.95509309967,50001.00056022409,50001.02380952381,50001.977030812326,50001.9883819779,50001.97753424657,50002.0,49999.69,50001.02380952381
org.jfree.chart.PaintMap.<init>()V 50001.976457399105,50001.0,50001.04651162791,50001.02380952381,51743.0,50001.97647058823,50002.0,50042.7492514903,50000.09090909091,50093.955589026176,50003.54572989502,50001.0,50001.0,50001.95294117647,51744.0,50001.023255813954,50001.02380952381,50001.51162790698,50042.5,50001.00054734538,50001.15249857033,50001.150692772244,50001.0,50001.045454545456,50001.9540229885,50001.00056022409,50001.023255813954,50001.97647058823,50001.98809523809,50001.97699890471,50002.0,49999.68,50001.023255813954
org.jfree.chart.util.RectangleInsets.equals(Ljava/lang/Object;)Z 50002.97589686099,50002.0,50002.045454545456,50002.023255813954,51743.0,50002.97591036415,50003.0,50044.21374183841,50001.08888888889,50100.722297041684,50005.49963551158,50003.25,50044.21374183841,50002.99663865546,51784.0,50002.02272727273,50002.023255813954,50002.51136363636,50596.0,50002.00054704595,50002.150755672286,50002.14892774796,50002.0,50002.044444444444,50002.9966442953,50002.00056022409,50002.02272727273,50002.99831932773,50002.99915895711,50002.97646414888,50003.0,50000.67,50002.02272727273
org.jfree.chart.text.TextBlock.calculateOffsets(Lorg/jfree/chart/text/TextBlockAnchor;DD)[F 50001.97253363229,50001.0,50001.04,50001.02040816326,51736.0,50001.97254901961,50002.0,50043.083250825,50000.07843137255,50095.34885620178,50003.8060662633,50002.066666666666,50043.083250825,50001.98431372549,51772.0,50001.02,50001.02040816326,50001.51,50127.5,50001.00054525627,50001.14142135624,50001.13946566834,50001.0,50001.03921568627,50001.98443579767,50001.00056022409,50001.02,50001.99215686275,50001.996062992126,50001.97326786689,50002.0,49999.61,50001.02
org.jfree.chart.renderer.RendererState.<init>(Lorg/jfree/chart/plot/PlotRenderingInfo;)V 50001.97197309417,50001.0,50001.03921568627,50001.02,51735.0,50001.97198879552,50002.0,50042.65333119932,50000.07692307692,50094.545916139636,50003.65914794847,50001.0,50001.0,50001.943977591036,51736.0,50001.01960784314,50001.02,50001.509803921566,50035.7,50001.000544959126,50001.140028008405,50001.13805178725,50001.0,50001.03846153846,50001.94550408719,50001.00056022409,50001.01960784314,50001.97198879552,50001.985795454544,50001.97273718648,50002.0,49999.6,50001.01960784314
org.jfree.chart.text.G2TextMeasurer.getStringWidth(Ljava/lang/String;II)F 50001.970852017934,50001.0,50001.03773584906,50001.019230769234,51733.0,50001.97086834734,50002.0,50042.629316593,50000.07407407407,50094.6859508787,50003.68534961428,50001.0,50001.0,50001.94173669468,51734.0,50001.018867924526,50001.019230769234,50001.50943396227,50034.32692307692,50001.000544365816,50001.137360563946,50001.13534386799,50001.0,50001.03703703704,50001.94338595536,50001.00056022409,50001.018867924526,50001.97086834734,50001.98521887436,50001.971677559915,50002.0,49999.58,50001.018867924526
org.jfree.chart.text.TextUtilities.createTextBlock(Ljava/lang/String;Ljava/awt/Font;Ljava/awt/Paint;FILorg/jfree/chart/text/TextMeasurer;)Lorg/jfree/chart/text/TextBlock; 50001.970852017934,50001.0,50001.03773584906,50001.019230769234,51733.0,50001.97086834734,50002.0,50043.225584661435,50000.07407407407,50094.6859508787,50003.68534961428,50002.333333333336,50043.225584661435,50001.997759103644,51784.0,50001.018867924526,50001.019230769234,50001.50943396227,50892.5,50001.000544365816,50001.137360563946,50001.13534386799,50001.0,50001.03703703704,50001.99776161164,50001.00056022409,50001.018867924526,50001.99887955182,50001.999439461884,50001.971677559915,50002.0,50000.0,50001.018867924526
org.jfree.chart.text.TextUtilities.nextLineBreak(Ljava/lang/String;IFLjava/text/BreakIterator;Lorg/jfree/chart/text/TextMeasurer;)I 50001.970852017934,50001.0,50001.03773584906,50001.019230769234,51733.0,50001.97086834734,50002.0,50043.21374183841,50000.07407407407,50094.6859508787,50003.68534961428,50002.25,50043.21374183841,50001.99663865546,51783.0,50001.018867924526,50001.019230769234,50001.50943396227,50595.0,50001.000544365816,50001.137360563946,50001.13534386799,50001.0,50001.03703703704,50001.9966442953,50001.00056022409,50001.018867924526,50001.99831932773,50001.99915895711,50001.971677559915,50002.0,49999.58,50001.018867924526
org.jfree.chart.plot.Plot.drawBackgroundImage(Ljava/awt/Graphics2D;Ljava/awt/geom/Rectangle2D;)V 50001.966928251124,50001.0,50001.03333333333,50001.016949152545,51726.0,50001.96694677871,50002.0,50042.545156155684,50000.065573770495,50095.15599407564,50003.77148800248,50001.0,50001.0,50001.93389355742,51727.0,50001.01666666667,50001.016949152545,50001.50833333333,50030.254237288136,50001.00054229935,50001.12909944487,50001.126946724464,50001.0,50001.03278688525,50001.93600867679,50001.00056022409,50001.01666666667,50001.96694677871,50001.98319567075,50001.967986977754,50002.0,49999.51,50001.01666666667
org.jfree.chart.plot.Plot.fillBackground(Ljava/awt/Graphics2D;Ljava/awt/geom/Rectangle2D;Lorg/jfree/chart/plot/PlotOrientation;)V 50002.966928251124,50002.0,50002.03333333333,50002.016949152545,51727.0,50002.96694677871,50003.0,50043.545156155684,50001.065573770495,50096.15599407564,50004.77148800248,50002.0,50002.0,50002.93389355742,51728.0,50002.01666666667,50002.016949152545,50002.50833333333,50031.254237288136,50002.00054229935,50002.12909944487,50002.126946724464,50002.0,50002.03278688525,50002.93600867679,50002.00056022409,50002.01666666667,50002.96694677871,50002.98319567075,50002.967986977754,50003.0,50000.51,50002.01666666667
org.jfree.chart.title.LegendTitle.fetchLegendItems()V 50001.965807174885,50001.0,50001.032258064515,50001.016393442624,51724.0,50001.96582633053,50002.0,50042.629316593,50000.06349206349,50095.34885620178,50003.8060662633,50002.018867924526,50042.629316593,50001.94173669468,51734.0,50001.01612903226,50001.016393442624,50001.50806451613,50034.32692307692,50001.00054171181,50001.127000127,50001.12480999591,50001.0,50001.031746031746,50001.94338595536,50001.00056022409,50001.01612903226,50001.97086834734,50001.98521887436,50001.96693766938,50002.0,49999.49,50001.01612903226
org.jfree.chart.block.AbstractBlock.getFrame()Lorg/jfree/chart/block/BlockFrame; 50001.96524663677,50001.0,50001.031746031746,50001.01612903226,51723.0,50001.96526610644,50002.0,50042.509035161034,50000.0625,50095.34885620178,50003.8060662633,50001.0,50001.0,50001.930532212886,51724.0,50001.01587301587,50001.01612903226,50001.50793650794,50028.790322580644,50001.000541418514,50001.12598815767,50001.123779542686,50001.0,50001.03125,50001.932864103954,50001.00056022409,50001.01587301587,50001.96526610644,50001.98232611174,50001.96641386782,50002.0,49999.48,50001.01587301587
org.jfree.chart.block.BlockContainer.draw(Ljava/awt/Graphics2D;Ljava/awt/geom/Rectangle2D;Ljava/lang/Object;)Ljava/lang/Object; 50001.96524663677,50001.0,50001.031746031746,50001.01612903226,51723.0,50001.96526610644,50002.0,50043.1188793773,50000.0625,50095.34885620178,50003.8060662633,50002.083333333336,50043.1188793773,50001.98767507003,51775.0,50001.01587301587,50001.01612903226,50001.50793650794,50162.27272727273,50001.000541418514,50001.12598815767,50001.123779542686,50001.0,50001.03125,50001.98775055679,50001.00056022409,50001.01587301587,50001.99383753502,50001.99690924417,50001.96641386782,50002.0,49999.48,50001.01587301587
org.jfree.chart.block.BlockContainer.isEmpty()Z 50001.96524663677,50001.0,50001.031746031746,50001.01612903226,51723.0,50001.96526610644,50002.0,50042.509035161034,50000.0625,50095.34885620178,50003.8060662633,50001.0,50001.0,50001.930532212886,51724.0,50001.01587301587,50001.01612903226,50001.50793650794,50028.790322580644,50001.000541418514,50001.12598815767,50001.123779542686,50001.0,50001.03125,50001.932864103954,50001.00056022409,50001.01587301587,50001.96526610644,50001.98232611174,50001.96641386782,50002.0,49999.48,50001.01587301587
org.jfree.chart.block.BlockResult.<init>()V 50001.96524663677,50001.0,50001.031746031746,50001.01612903226,51723.0,50001.96526610644,50002.0,50042.509035161034,50000.0625,50095.34885620178,50003.8060662633,50001.0,50001.0,50001.930532212886,51724.0,50001.01587301587,50001.01612903226,50001.50793650794,50028.790322580644,50001.000541418514,50001.12598815767,50001.123779542686,50001.0,50001.03125,50001.932864103954,50001.00056022409,50001.01587301587,50001.96526610644,50001.98232611174,50001.96641386782,50002.0,49999.48,50001.01587301587
org.jfree.chart.block.FlowArrangement.clear()V 50001.96524663677,50001.0,50001.031746031746,50001.01612903226,51723.0,50001.96526610644,50002.0,50042.509035161034,50000.0625,50095.34885620178,50003.8060662633,50001.0,50001.0,50001.930532212886,51724.0,50001.01587301587,50001.01612903226,50001.50793650794,50028.790322580644,50001.000541418514,50001.12598815767,50001.123779542686,50001.0,50001.03125,50001.932864103954,50001.00056022409,50001.01587301587,50001.96526610644,50001.98232611174,50001.96641386782,50002.0,49999.48,50001.01587301587
org.jfree.chart.block.LineBorder.getInsets()Lorg/jfree/chart/util/RectangleInsets; 50001.96524663677,50001.0,50001.031746031746,50001.01612903226,51723.0,50001.96526610644,50002.0,50042.509035161034,50000.0625,50095.34885620178,50003.8060662633,50001.0,50001.0,50001.930532212886,51724.0,50001.01587301587,50001.01612903226,50001.50793650794,50028.790322580644,50001.000541418514,50001.12598815767,50001.123779542686,50001.0,50001.03125,50001.932864103954,50001.00056022409,50001.01587301587,50001.96526610644,50001.98232611174,50001.96641386782,50002.0,49999.48,50001.01587301587
org.jfree.chart.text.TextBlock.calculateDimensions(Ljava/awt/Graphics2D;)Lorg/jfree/chart/util/Size2D; 50001.96524663677,50001.0,50001.031746031746,50001.01612903226,51723.0,50001.96526610644,50002.0,50042.509035161034,50000.0625,50095.34885620178,50003.8060662633,50001.0,50001.0,50001.930532212886,51724.0,50001.01587301587,50001.01612903226,50001.50793650794,50028.790322580644,50001.000541418514,50001.12598815767,50001.123779542686,50001.0,50001.03125,50001.932864103954,50001.00056022409,50001.01587301587,50001.96526610644,50001.98232611174,50001.96641386782,50002.0,49999.48,50001.01587301587
org.jfree.chart.text.TextBlock.draw(Ljava/awt/Graphics2D;FFLorg/jfree/chart/text/TextBlockAnchor;)V 50001.96524663677,50001.0,50001.031746031746,50001.01612903226,51723.0,50001.96526610644,50002.0,50042.509035161034,50000.0625,50095.34885620178,50003.8060662633,50001.0,50001.0,50001.930532212886,51724.0,50001.01587301587,50001.01612903226,50001.50793650794,50028.790322580644,50001.000541418514,50001.12598815767,50001.123779542686,50001.0,50001.03125,50001.932864103954,50001.00056022409,50001.01587301587,50001.96526610644,50001.98232611174,50001.96641386782,50002.0,49999.48,50001.01587301587
org.jfree.chart.text.TextBlock.draw(Ljava/awt/Graphics2D;FFLorg/jfree/chart/text/TextBlockAnchor;FFD)V 50001.96524663677,50001.0,50001.031746031746,50001.01612903226,51723.0,50001.96526610644,50002.0,50042.509035161034,50000.0625,50095.34885620178,50003.8060662633,50001.0,50001.0,50001.930532212886,51724.0,50001.01587301587,50001.01612903226,50001.50793650794,50028.790322580644,50001.000541418514,50001.12598815767,50001.123779542686,50001.0,50001.03125,50001.932864103954,50001.00056022409,50001.01587301587,50001.96526610644,50001.98232611174,50001.96641386782,50002.0,49999.48,50001.01587301587
org.jfree.chart.text.TextFragment.calculateBaselineOffset(Ljava/awt/Graphics2D;Lorg/jfree/chart/text/TextAnchor;)F 50001.96524663677,50001.0,50001.031746031746,50001.01612903226,51723.0,50001.96526610644,50002.0,50042.509035161034,50000.0625,50095.34885620178,50003.8060662633,50001.0,50001.0,50001.930532212886,51724.0,50001.01587301587,50001.01612903226,50001.50793650794,50028.790322580644,50001.000541418514,50001.12598815767,50001.123779542686,50001.0,50001.03125,50001.932864103954,50001.00056022409,50001.01587301587,50001.96526610644,50001.98232611174,50001.96641386782,50002.0,49999.48,50001.01587301587
org.jfree.chart.text.TextFragment.calculateDimensions(Ljava/awt/Graphics2D;)Lorg/jfree/chart/util/Size2D; 50001.96524663677,50001.0,50001.031746031746,50001.01612903226,51723.0,50001.96526610644,50002.0,50042.509035161034,50000.0625,50095.34885620178,50003.8060662633,50001.0,50001.0,50001.930532212886,51724.0,50001.01587301587,50001.01612903226,50001.50793650794,50028.790322580644,50001.000541418514,50001.12598815767,50001.123779542686,50001.0,50001.03125,50001.932864103954,50001.00056022409,50001.01587301587,50001.96526610644,50001.98232611174,50001.96641386782,50002.0,49999.48,50001.01587301587
org.jfree.chart.text.TextFragment.draw(Ljava/awt/Graphics2D;FFLorg/jfree/chart/text/TextAnchor;FFD)V 50001.96524663677,50001.0,50001.031746031746,50001.01612903226,51723.0,50001.96526610644,50002.0,50042.509035161034,50000.0625,50095.34885620178,50003.8060662633,50001.0,50001.0,50001.930532212886,51724.0,50001.01587301587,50001.01612903226,50001.50793650794,50028.790322580644,50001.000541418514,50001.12598815767,50001.123779542686,50001.0,50001.03125,50001.932864103954,50001.00056022409,50001.01587301587,50001.96526610644,50001.98232611174,50001.96641386782,50002.0,49999.48,50001.01587301587
org.jfree.chart.text.TextLine.calculateBaselineOffset(Ljava/awt/Graphics2D;Lorg/jfree/chart/text/TextAnchor;)F 50001.96524663677,50001.0,50001.031746031746,50001.01612903226,51723.0,50001.96526610644,50002.0,50042.509035161034,50000.0625,50095.34885620178,50003.8060662633,50001.0,50001.0,50001.930532212886,51724.0,50001.01587301587,50001.01612903226,50001.50793650794,50028.790322580644,50001.000541418514,50001.12598815767,50001.123779542686,50001.0,50001.03125,50001.932864103954,50001.00056022409,50001.01587301587,50001.96526610644,50001.98232611174,50001.96641386782,50002.0,49999.48,50001.01587301587
org.jfree.chart.text.TextLine.calculateDimensions(Ljava/awt/Graphics2D;)Lorg/jfree/chart/util/Size2D; 50001.96524663677,50001.0,50001.031746031746,50001.01612903226,51723.0,50001.96526610644,50002.0,50042.509035161034,50000.0625,50095.34885620178,50003.8060662633,50001.0,50001.0,50001.930532212886,51724.0,50001.01587301587,50001.01612903226,50001.50793650794,50028.790322580644,50001.000541418514,50001.12598815767,50001.123779542686,50001.0,50001.03125,50001.932864103954,50001.00056022409,50001.01587301587,50001.96526610644,50001.98232611174,50001.96641386782,50002.0,49999.48,50001.01587301587
org.jfree.chart.text.TextLine.draw(Ljava/awt/Graphics2D;FFLorg/jfree/chart/text/TextAnchor;FFD)V 50001.96524663677,50001.0,50001.031746031746,50001.01612903226,51723.0,50001.96526610644,50002.0,50042.509035161034,50000.0625,50095.34885620178,50003.8060662633,50001.0,50001.0,50001.930532212886,51724.0,50001.01587301587,50001.01612903226,50001.50793650794,50028.790322580644,50001.000541418514,50001.12598815767,50001.123779542686,50001.0,50001.03125,50001.932864103954,50001.00056022409,50001.01587301587,50001.96526610644,50001.98232611174,50001.96641386782,50002.0,49999.48,50001.01587301587
org.jfree.chart.text.TextUtilities.deriveTextBoundsAnchorOffsets(Ljava/awt/Graphics2D;Ljava/lang/String;Lorg/jfree/chart/text/TextAnchor;)[F 50001.96524663677,50001.0,50001.031746031746,50001.01612903226,51723.0,50001.96526610644,50002.0,50043.071367935925,50000.0625,50095.41210226097,50003.81731324726,50002.0625,50043.071367935925,50001.98319327731,51771.0,50001.01587301587,50001.01612903226,50001.50793650794,50119.0,50001.000541418514,50001.12598815767,50001.123779542686,50001.0,50001.03125,50001.98333333333,50001.00056022409,50001.01587301587,50001.991596638654,50001.99578059072,50001.96641386782,50002.0,49999.48,50001.01587301587
org.jfree.chart.text.TextUtilities.drawRotatedString(Ljava/lang/String;Ljava/awt/Graphics2D;FFLorg/jfree/chart/text/TextAnchor;DFF)V 50001.96524663677,50001.0,50001.031746031746,50001.01612903226,51723.0,50001.96526610644,50002.0,50042.509035161034,50000.0625,50095.34885620178,50003.8060662633,50001.0,50001.0,50001.930532212886,51724.0,50001.01587301587,50001.01612903226,50001.50793650794,50028.790322580644,50001.000541418514,50001.12598815767,50001.123779542686,50001.0,50001.03125,50001.932864103954,50001.00056022409,50001.01587301587,50001.96526610644,50001.98232611174,50001.96641386782,50002.0,49999.48,50001.01587301587
org.jfree.chart.title.LegendTitle.draw(Ljava/awt/Graphics2D;Ljava/awt/geom/Rectangle2D;Ljava/lang/Object;)Ljava/lang/Object; 50001.96524663677,50001.0,50001.031746031746,50001.01612903226,51723.0,50001.96526610644,50002.0,50042.509035161034,50000.0625,50095.34885620178,50003.8060662633,50001.0,50001.0,50001.930532212886,51724.0,50001.01587301587,50001.01612903226,50001.50793650794,50028.790322580644,50001.000541418514,50001.12598815767,50001.123779542686,50001.0,50001.03125,50001.932864103954,50001.00056022409,50001.01587301587,50001.96526610644,50001.98232611174,50001.96641386782,50002.0,49999.48,50001.01587301587
org.jfree.chart.JFreeChart.isBorderVisible()Z 50001.964686098654,50001.0,50001.03125,50001.01587301587,51722.0,50001.964705882354,50002.0,50042.496987842496,50000.06153846154,50095.41210226097,50003.81731324726,50001.0,50001.0,50001.92941176471,51723.0,50001.015625,50001.01587301587,50001.5078125,50028.333333333336,50001.00054112554,50001.125,50001.12277304383,50001.0,50001.03076923077,50001.931818181816,50001.00056022409,50001.015625,50001.964705882354,50001.982035928144,50001.96589063346,50002.0,49999.47,50001.015625
org.jfree.chart.JFreeChart.notifyListeners(Lorg/jfree/chart/event/ChartProgressEvent;)V 50001.964686098654,50001.0,50001.03125,50001.01587301587,51722.0,50001.964705882354,50002.0,50042.496987842496,50000.06153846154,50095.41210226097,50003.81731324726,50001.0,50001.0,50001.92941176471,51723.0,50001.015625,50001.01587301587,50001.5078125,50028.333333333336,50001.00054112554,50001.125,50001.12277304383,50001.0,50001.03076923077,50001.931818181816,50001.00056022409,50001.015625,50001.964705882354,50001.982035928144,50001.96589063346,50002.0,49999.47,50001.015625
org.jfree.chart.LegendItemCollection.getItemCount()I 50001.964686098654,50001.0,50001.03125,50001.01587301587,51722.0,50001.964705882354,50002.0,50042.496987842496,50000.06153846154,50095.41210226097,50003.81731324726,50001.0,50001.0,50001.92941176471,51723.0,50001.015625,50001.01587301587,50001.5078125,50028.333333333336,50001.00054112554,50001.125,50001.12277304383,50001.0,50001.03076923077,50001.931818181816,50001.00056022409,50001.015625,50001.964705882354,50001.982035928144,50001.96589063346,50002.0,49999.47,50001.015625
org.jfree.chart.block.AbstractBlock.drawBorder(Ljava/awt/Graphics2D;Ljava/awt/geom/Rectangle2D;)V 50001.964686098654,50001.0,50001.03125,50001.01587301587,51722.0,50001.964705882354,50002.0,50042.496987842496,50000.06153846154,50095.41210226097,50003.81731324726,50001.0,50001.0,50001.92941176471,51723.0,50001.015625,50001.01587301587,50001.5078125,50028.333333333336,50001.00054112554,50001.125,50001.12277304383,50001.0,50001.03076923077,50001.931818181816,50001.00056022409,50001.015625,50001.964705882354,50001.982035928144,50001.96589063346,50002.0,49999.47,50001.015625
org.jfree.chart.block.AbstractBlock.toContentConstraint(Lorg/jfree/chart/block/RectangleConstraint;)Lorg/jfree/chart/block/RectangleConstraint; 50001.964686098654,50001.0,50001.03125,50001.01587301587,51722.0,50001.964705882354,50002.0,50042.61730409337,50000.06153846154,50095.47484832777,50003.82842712475,50002.01851851852,50042.61730409337,50001.9406162465,51733.0,50001.015625,50001.01587301587,50001.5078125,50033.67924528302,50001.00054112554,50001.125,50001.12277304383,50001.0,50001.03076923077,50001.94232861806,50001.00056022409,50001.015625,50001.97030812325,50001.98493033836,50001.96589063346,50002.0,49999.47,50001.015625
org.jfree.chart.block.AbstractBlock.trimBorder(Ljava/awt/geom/Rectangle2D;)Ljava/awt/geom/Rectangle2D; 50001.964686098654,50001.0,50001.03125,50001.01587301587,51722.0,50001.964705882354,50002.0,50042.496987842496,50000.06153846154,50095.41210226097,50003.81731324726,50001.0,50001.0,50001.92941176471,51723.0,50001.015625,50001.01587301587,50001.5078125,50028.333333333336,50001.00054112554,50001.125,50001.12277304383,50001.0,50001.03076923077,50001.931818181816,50001.00056022409,50001.015625,50001.964705882354,50001.982035928144,50001.96589063346,50002.0,49999.47,50001.015625
org.jfree.chart.block.AbstractBlock.trimMargin(Ljava/awt/geom/Rectangle2D;)Ljava/awt/geom/Rectangle2D; 50001.964686098654,50001.0,50001.03125,50001.01587301587,51722.0,50001.964705882354,50002.0,50042.496987842496,50000.06153846154,50095.41210226097,50003.81731324726,50001.0,50001.0,50001.92941176471,51723.0,50001.015625,50001.01587301587,50001.5078125,50028.333333333336,50001.00054112554,50001.125,50001.12277304383,50001.0,50001.03076923077,50001.931818181816,50001.00056022409,50001.015625,50001.964705882354,50001.982035928144,50001.96589063346,50002.0,49999.47,50001.015625
org.jfree.chart.block.AbstractBlock.trimPadding(Ljava/awt/geom/Rectangle2D;)Ljava/awt/geom/Rectangle2D; 50001.964686098654,50001.0,50001.03125,50001.01587301587,51722.0,50001.964705882354,50002.0,50042.496987842496,50000.06153846154,50095.41210226097,50003.81731324726,50001.0,50001.0,50001.92941176471,51723.0,50001.015625,50001.01587301587,50001.5078125,50028.333333333336,50001.00054112554,50001.125,50001.12277304383,50001.0,50001.03076923077,50001.931818181816,50001.00056022409,50001.015625,50001.964705882354,50001.982035928144,50001.96589063346,50002.0,49999.47,50001.015625
org.jfree.chart.block.AbstractBlock.trimToContentHeight(D)D 50001.964686098654,50001.0,50001.03125,50001.01587301587,51722.0,50001.964705882354,50002.0,50042.496987842496,50000.06153846154,50095.41210226097,50003.81731324726,50001.0,50001.0,50001.92941176471,51723.0,50001.015625,50001.01587301587,50001.5078125,50028.333333333336,50001.00054112554,50001.125,50001.12277304383,50001.0,50001.03076923077,50001.931818181816,50001.00056022409,50001.015625,50001.964705882354,50001.982035928144,50001.96589063346,50002.0,49999.47,50001.015625
org.jfree.chart.block.AbstractBlock.trimToContentHeight(Lorg/jfree/data/Range;)Lorg/jfree/data/Range; 50001.964686098654,50001.0,50001.03125,50001.01587301587,51722.0,50001.964705882354,50002.0,50043.225584661435,50000.06153846154,50095.41210226097,50003.81731324726,50002.333333333336,50043.225584661435,50001.997759103644,51784.0,50001.015625,50001.01587301587,50001.5078125,50892.5,50001.00054112554,50001.125,50001.12277304383,50001.0,50001.03076923077,50001.99776161164,50001.00056022409,50001.015625,50001.99887955182,50001.999439461884,50001.96589063346,50002.0,50000.0,50001.015625
org.jfree.chart.block.AbstractBlock.trimToContentWidth(D)D 50001.964686098654,50001.0,50001.03125,50001.01587301587,51722.0,50001.964705882354,50002.0,50042.496987842496,50000.06153846154,50095.41210226097,50003.81731324726,50001.0,50001.0,50001.92941176471,51723.0,50001.015625,50001.01587301587,50001.5078125,50028.333333333336,50001.00054112554,50001.125,50001.12277304383,50001.0,50001.03076923077,50001.931818181816,50001.00056022409,50001.015625,50001.964705882354,50001.982035928144,50001.96589063346,50002.0,49999.47,50001.015625
org.jfree.chart.block.AbstractBlock.trimToContentWidth(Lorg/jfree/data/Range;)Lorg/jfree/data/Range; 50001.964686098654,50001.0,50001.03125,50001.01587301587,51722.0,50001.964705882354,50002.0,50043.225584661435,50000.06153846154,50095.41210226097,50003.81731324726,50002.333333333336,50043.225584661435,50001.997759103644,51784.0,50001.015625,50001.01587301587,50001.5078125,50892.5,50001.00054112554,50001.125,50001.12277304383,50001.0,50001.03076923077,50001.99776161164,50001.00056022409,50001.015625,50001.99887955182,50001.999439461884,50001.96589063346,50002.0,50000.0,50001.015625
org.jfree.chart.block.BlockBorder.draw(Ljava/awt/Graphics2D;Ljava/awt/geom/Rectangle2D;)V 50001.964686098654,50001.0,50001.03125,50001.01587301587,51722.0,50001.964705882354,50002.0,50042.496987842496,50000.06153846154,50095.41210226097,50003.81731324726,50001.0,50001.0,50001.92941176471,51723.0,50001.015625,50001.01587301587,50001.5078125,50028.333333333336,50001.00054112554,50001.125,50001.12277304383,50001.0,50001.03076923077,50001.931818181816,50001.00056022409,50001.015625,50001.964705882354,50001.982035928144,50001.96589063346,50002.0,49999.47,50001.015625
org.jfree.chart.block.BlockContainer.setArrangement(Lorg/jfree/chart/block/Arrangement;)V 50001.964686098654,50001.0,50001.03125,50001.01587301587,51722.0,50001.964705882354,50002.0,50042.496987842496,50000.06153846154,50095.41210226097,50003.81731324726,50001.0,50001.0,50001.92941176471,51723.0,50001.015625,50001.01587301587,50001.5078125,50028.333333333336,50001.00054112554,50001.125,50001.12277304383,50001.0,50001.03076923077,50001.931818181816,50001.00056022409,50001.015625,50001.964705882354,50001.982035928144,50001.96589063346,50002.0,49999.47,50001.015625
org.jfree.chart.block.BlockParams.<init>()V 50001.964686098654,50001.0,50001.03125,50001.01587301587,51722.0,50001.964705882354,50002.0,50042.496987842496,50000.06153846154,50095.41210226097,50003.81731324726,50001.0,50001.0,50001.92941176471,51723.0,50001.015625,50001.01587301587,50001.5078125,50028.333333333336,50001.00054112554,50001.125,50001.12277304383,50001.0,50001.03076923077,50001.931818181816,50001.00056022409,50001.015625,50001.964705882354,50001.982035928144,50001.96589063346,50002.0,49999.47,50001.015625
org.jfree.chart.block.BlockParams.getGenerateEntities()Z 50001.964686098654,50001.0,50001.03125,50001.01587301587,51722.0,50001.964705882354,50002.0,50042.496987842496,50000.06153846154,50095.41210226097,50003.81731324726,50001.0,50001.0,50001.92941176471,51723.0,50001.015625,50001.01587301587,50001.5078125,50028.333333333336,50001.00054112554,50001.125,50001.12277304383,50001.0,50001.03076923077,50001.931818181816,50001.00056022409,50001.015625,50001.964705882354,50001.982035928144,50001.96589063346,50002.0,49999.47,50001.015625
org.jfree.chart.block.BlockParams.setGenerateEntities(Z)V 50001.964686098654,50001.0,50001.03125,50001.01587301587,51722.0,50001.964705882354,50002.0,50042.496987842496,50000.06153846154,50095.41210226097,50003.81731324726,50001.0,50001.0,50001.92941176471,51723.0,50001.015625,50001.01587301587,50001.5078125,50028.333333333336,50001.00054112554,50001.125,50001.12277304383,50001.0,50001.03076923077,50001.931818181816,50001.00056022409,50001.015625,50001.964705882354,50001.982035928144,50001.96589063346,50002.0,49999.47,50001.015625
org.jfree.chart.block.RectangleConstraint.getHeightRange()Lorg/jfree/data/Range; 50001.964686098654,50001.0,50001.03125,50001.01587301587,51722.0,50001.964705882354,50002.0,50042.496987842496,50000.06153846154,50095.41210226097,50003.81731324726,50001.0,50001.0,50001.92941176471,51723.0,50001.015625,50001.01587301587,50001.5078125,50028.333333333336,50001.00054112554,50001.125,50001.12277304383,50001.0,50001.03076923077,50001.931818181816,50001.00056022409,50001.015625,50001.964705882354,50001.982035928144,50001.96589063346,50002.0,49999.47,50001.015625
org.jfree.chart.block.RectangleConstraint.getWidthRange()Lorg/jfree/data/Range; 50001.964686098654,50001.0,50001.03125,50001.01587301587,51722.0,50001.964705882354,50002.0,50042.496987842496,50000.06153846154,50095.41210226097,50003.81731324726,50001.0,50001.0,50001.92941176471,51723.0,50001.015625,50001.01587301587,50001.5078125,50028.333333333336,50001.00054112554,50001.125,50001.12277304383,50001.0,50001.03076923077,50001.931818181816,50001.00056022409,50001.015625,50001.964705882354,50001.982035928144,50001.96589063346,50002.0,49999.47,50001.015625
org.jfree.chart.event.ChartProgressEvent.<init>(Ljava/lang/Object;Lorg/jfree/chart/JFreeChart;II)V 50001.964686098654,50001.0,50001.03125,50001.01587301587,51722.0,50001.964705882354,50002.0,50042.496987842496,50000.06153846154,50095.41210226097,50003.81731324726,50001.0,50001.0,50001.92941176471,51723.0,50001.015625,50001.01587301587,50001.5078125,50028.333333333336,50001.00054112554,50001.125,50001.12277304383,50001.0,50001.03076923077,50001.931818181816,50001.00056022409,50001.015625,50001.964705882354,50001.982035928144,50001.96589063346,50002.0,49999.47,50001.015625
org.jfree.chart.plot.Plot.getInsets()Lorg/jfree/chart/util/RectangleInsets; 50001.964686098654,50001.0,50001.03125,50001.01587301587,51722.0,50001.964705882354,50002.0,50042.496987842496,50000.06153846154,50095.41210226097,50003.81731324726,50001.0,50001.0,50001.92941176471,51723.0,50001.015625,50001.01587301587,50001.5078125,50028.333333333336,50001.00054112554,50001.125,50001.12277304383,50001.0,50001.03076923077,50001.931818181816,50001.00056022409,50001.015625,50001.964705882354,50001.982035928144,50001.96589063346,50002.0,49999.47,50001.015625
org.jfree.chart.text.TextUtilities.drawRotatedString(Ljava/lang/String;Ljava/awt/Graphics2D;FFDFF)V 50001.964686098654,50001.0,50001.03125,50001.01587301587,51722.0,50001.964705882354,50002.0,50042.496987842496,50000.06153846154,50095.41210226097,50003.81731324726,50001.0,50001.0,50001.92941176471,51723.0,50001.015625,50001.01587301587,50001.5078125,50028.333333333336,50001.00054112554,50001.125,50001.12277304383,50001.0,50001.03076923077,50001.931818181816,50001.00056022409,50001.015625,50001.964705882354,50001.982035928144,50001.96589063346,50002.0,49999.47,50001.015625
org.jfree.chart.text.TextUtilities.getTextBounds(Ljava/lang/String;Ljava/awt/Graphics2D;Ljava/awt/FontMetrics;)Ljava/awt/geom/Rectangle2D; 50001.964686098654,50001.0,50001.03125,50001.01587301587,51722.0,50001.964705882354,50002.0,50042.496987842496,50000.06153846154,50095.41210226097,50003.81731324726,50001.0,50001.0,50001.92941176471,51723.0,50001.015625,50001.01587301587,50001.5078125,50028.333333333336,50001.00054112554,50001.125,50001.12277304383,50001.0,50001.03076923077,50001.931818181816,50001.00056022409,50001.015625,50001.964705882354,50001.982035928144,50001.96589063346,50002.0,49999.47,50001.015625
org.jfree.chart.title.Title.getHorizontalAlignment()Lorg/jfree/chart/util/HorizontalAlignment; 50001.964686098654,50001.0,50001.03125,50001.01587301587,51722.0,50001.964705882354,50002.0,50042.496987842496,50000.06153846154,50095.41210226097,50003.81731324726,50001.0,50001.0,50001.92941176471,51723.0,50001.015625,50001.01587301587,50001.5078125,50028.333333333336,50001.00054112554,50001.125,50001.12277304383,50001.0,50001.03076923077,50001.931818181816,50001.00056022409,50001.015625,50001.964705882354,50001.982035928144,50001.96589063346,50002.0,49999.47,50001.015625
org.jfree.chart.title.Title.getPosition()Lorg/jfree/chart/util/RectangleEdge; 50001.964686098654,50001.0,50001.03125,50001.01587301587,51722.0,50001.964705882354,50002.0,50042.496987842496,50000.06153846154,50095.41210226097,50003.81731324726,50001.0,50001.0,50001.92941176471,51723.0,50001.015625,50001.01587301587,50001.5078125,50028.333333333336,50001.00054112554,50001.125,50001.12277304383,50001.0,50001.03076923077,50001.931818181816,50001.00056022409,50001.015625,50001.964705882354,50001.982035928144,50001.96589063346,50002.0,49999.47,50001.015625
org.jfree.chart.util.RectangleInsets.trim(Ljava/awt/geom/Rectangle2D;)V 50001.964686098654,50001.0,50001.03125,50001.01587301587,51722.0,50001.964705882354,50002.0,50042.496987842496,50000.06153846154,50095.41210226097,50003.81731324726,50001.0,50001.0,50001.92941176471,51723.0,50001.015625,50001.01587301587,50001.5078125,50028.333333333336,50001.00054112554,50001.125,50001.12277304383,50001.0,50001.03076923077,50001.931818181816,50001.00056022409,50001.015625,50001.964705882354,50001.982035928144,50001.96589063346,50002.0,49999.47,50001.015625
org.jfree.chart.util.RectangleInsets.trimHeight(D)D 50001.964686098654,50001.0,50001.03125,50001.01587301587,51722.0,50001.964705882354,50002.0,50042.496987842496,50000.06153846154,50095.41210226097,50003.81731324726,50001.0,50001.0,50001.92941176471,51723.0,50001.015625,50001.01587301587,50001.5078125,50028.333333333336,50001.00054112554,50001.125,50001.12277304383,50001.0,50001.03076923077,50001.931818181816,50001.00056022409,50001.015625,50001.964705882354,50001.982035928144,50001.96589063346,50002.0,49999.47,50001.015625
org.jfree.chart.util.RectangleInsets.trimWidth(D)D 50001.964686098654,50001.0,50001.03125,50001.01587301587,51722.0,50001.964705882354,50002.0,50042.496987842496,50000.06153846154,50095.41210226097,50003.81731324726,50001.0,50001.0,50001.92941176471,51723.0,50001.015625,50001.01587301587,50001.5078125,50028.333333333336,50001.00054112554,50001.125,50001.12277304383,50001.0,50001.03076923077,50001.931818181816,50001.00056022409,50001.015625,50001.964705882354,50001.982035928144,50001.96589063346,50002.0,49999.47,50001.015625
org.jfree.chart.block.AbstractBlock.calculateTotalHeight(D)D 50001.96412556054,50001.0,50001.03076923077,50001.015625,51721.0,50001.96414565826,50002.0,50042.48493702538,50000.06060606061,50095.47484832777,50003.82842712475,50001.0,50001.0,50001.92829131653,51722.0,50001.015384615384,50001.015625,50001.50769230769,50027.890625,50001.00054083288,50001.12403473459,50001.12178957645,50001.0,50001.030303030304,50001.930773391025,50001.00056022409,50001.015384615384,50001.96414565826,50001.98174557901,50001.96536796537,50002.0,49999.46,50001.015384615384
org.jfree.chart.block.AbstractBlock.calculateTotalWidth(D)D 50001.96412556054,50001.0,50001.03076923077,50001.015625,51721.0,50001.96414565826,50002.0,50042.48493702538,50000.06060606061,50095.47484832777,50003.82842712475,50001.0,50001.0,50001.92829131653,51722.0,50001.015384615384,50001.015625,50001.50769230769,50027.890625,50001.00054083288,50001.12403473459,50001.12178957645,50001.0,50001.030303030304,50001.930773391025,50001.00056022409,50001.015384615384,50001.96414565826,50001.98174557901,50001.96536796537,50002.0,49999.46,50001.015384615384
org.jfree.chart.block.BlockContainer.clear()V 50001.96412556054,50001.0,50001.03076923077,50001.015625,51721.0,50001.96414565826,50002.0,50042.48493702538,50000.06060606061,50095.47484832777,50003.82842712475,50001.0,50001.0,50001.92829131653,51722.0,50001.015384615384,50001.015625,50001.50769230769,50027.890625,50001.00054083288,50001.12403473459,50001.12178957645,50001.0,50001.030303030304,50001.930773391025,50001.00056022409,50001.015384615384,50001.96414565826,50001.98174557901,50001.96536796537,50002.0,49999.46,50001.015384615384
org.jfree.chart.util.RectangleInsets.calculateBottomInset(D)D 50001.96412556054,50001.0,50001.03076923077,50001.015625,51721.0,50001.96414565826,50002.0,50042.48493702538,50000.06060606061,50095.47484832777,50003.82842712475,50001.0,50001.0,50001.92829131653,51722.0,50001.015384615384,50001.015625,50001.50769230769,50027.890625,50001.00054083288,50001.12403473459,50001.12178957645,50001.0,50001.030303030304,50001.930773391025,50001.00056022409,50001.015384615384,50001.96414565826,50001.98174557901,50001.96536796537,50002.0,49999.46,50001.015384615384
org.jfree.chart.util.RectangleInsets.calculateLeftInset(D)D 50001.96412556054,50001.0,50001.03076923077,50001.015625,51721.0,50001.96414565826,50002.0,50042.48493702538,50000.06060606061,50095.47484832777,50003.82842712475,50001.0,50001.0,50001.92829131653,51722.0,50001.015384615384,50001.015625,50001.50769230769,50027.890625,50001.00054083288,50001.12403473459,50001.12178957645,50001.0,50001.030303030304,50001.930773391025,50001.00056022409,50001.015384615384,50001.96414565826,50001.98174557901,50001.96536796537,50002.0,49999.46,50001.015384615384
org.jfree.chart.util.RectangleInsets.calculateRightInset(D)D 50001.96412556054,50001.0,50001.03076923077,50001.015625,51721.0,50001.96414565826,50002.0,50042.48493702538,50000.06060606061,50095.47484832777,50003.82842712475,50001.0,50001.0,50001.92829131653,51722.0,50001.015384615384,50001.015625,50001.50769230769,50027.890625,50001.00054083288,50001.12403473459,50001.12178957645,50001.0,50001.030303030304,50001.930773391025,50001.00056022409,50001.015384615384,50001.96414565826,50001.98174557901,50001.96536796537,50002.0,49999.46,50001.015384615384
org.jfree.chart.util.RectangleInsets.calculateTopInset(D)D 50001.96412556054,50001.0,50001.03076923077,50001.015625,51721.0,50001.96414565826,50002.0,50042.48493702538,50000.06060606061,50095.47484832777,50003.82842712475,50001.0,50001.0,50001.92829131653,51722.0,50001.015384615384,50001.015625,50001.50769230769,50027.890625,50001.00054083288,50001.12403473459,50001.12178957645,50001.0,50001.030303030304,50001.930773391025,50001.00056022409,50001.015384615384,50001.96414565826,50001.98174557901,50001.96536796537,50002.0,49999.46,50001.015384615384
org.jfree.chart.util.RectangleInsets.extendHeight(D)D 50001.96412556054,50001.0,50001.03076923077,50001.015625,51721.0,50001.96414565826,50002.0,50042.48493702538,50000.06060606061,50095.47484832777,50003.82842712475,50001.0,50001.0,50001.92829131653,51722.0,50001.015384615384,50001.015625,50001.50769230769,50027.890625,50001.00054083288,50001.12403473459,50001.12178957645,50001.0,50001.030303030304,50001.930773391025,50001.00056022409,50001.015384615384,50001.96414565826,50001.98174557901,50001.96536796537,50002.0,49999.46,50001.015384615384
org.jfree.chart.util.RectangleInsets.extendWidth(D)D 50001.96412556054,50001.0,50001.03076923077,50001.015625,51721.0,50001.96414565826,50002.0,50042.48493702538,50000.06060606061,50095.47484832777,50003.82842712475,50001.0,50001.0,50001.92829131653,51722.0,50001.015384615384,50001.015625,50001.50769230769,50027.890625,50001.00054083288,50001.12403473459,50001.12178957645,50001.0,50001.030303030304,50001.930773391025,50001.00056022409,50001.015384615384,50001.96414565826,50001.98174557901,50001.96536796537,50002.0,49999.46,50001.015384615384
org.jfree.chart.util.Size2D.getWidth()D 50001.96412556054,50001.0,50001.03076923077,50001.015625,51721.0,50001.96414565826,50002.0,50042.48493702538,50000.06060606061,50095.47484832777,50003.82842712475,50001.0,50001.0,50001.92829131653,51722.0,50001.015384615384,50001.015625,50001.50769230769,50027.890625,50001.00054083288,50001.12403473459,50001.12178957645,50001.0,50001.030303030304,50001.930773391025,50001.00056022409,50001.015384615384,50001.96414565826,50001.98174557901,50001.96536796537,50002.0,49999.46,50001.015384615384
org.jfree.chart.block.BlockBorder.getInsets()Lorg/jfree/chart/util/RectangleInsets; 50001.96356502242,50001.0,50001.030303030304,50001.015384615384,51720.0,50001.963585434176,50002.0,50042.47288270666,50000.05970149254,50095.53710607607,50003.83941151443,50001.0,50001.0,50001.927170868345,51721.0,50001.01515151515,50001.015384615384,50001.507575757576,50027.46153846154,50001.00054054054,50001.12309149098,50001.120828266714,50001.0,50001.02985074627,50001.92972972973,50001.00056022409,50001.01515151515,50001.963585434176,50001.9814550642,50001.964845862625,50002.0,49999.45,50001.01515151515
org.jfree.chart.block.RectangleConstraint.getHeight()D 50001.96356502242,50001.0,50001.030303030304,50001.015384615384,51720.0,50001.963585434176,50002.0,50042.47288270666,50000.05970149254,50095.53710607607,50003.83941151443,50001.0,50001.0,50001.927170868345,51721.0,50001.01515151515,50001.015384615384,50001.507575757576,50027.46153846154,50001.00054054054,50001.12309149098,50001.120828266714,50001.0,50001.02985074627,50001.92972972973,50001.00056022409,50001.01515151515,50001.963585434176,50001.9814550642,50001.964845862625,50002.0,49999.45,50001.01515151515
org.jfree.chart.block.RectangleConstraint.getWidth()D 50001.96356502242,50001.0,50001.030303030304,50001.015384615384,51720.0,50001.963585434176,50002.0,50042.47288270666,50000.05970149254,50095.53710607607,50003.83941151443,50001.0,50001.0,50001.927170868345,51721.0,50001.01515151515,50001.015384615384,50001.507575757576,50027.46153846154,50001.00054054054,50001.12309149098,50001.120828266714,50001.0,50001.02985074627,50001.92972972973,50001.00056022409,50001.01515151515,50001.963585434176,50001.9814550642,50001.964845862625,50002.0,49999.45,50001.01515151515
org.jfree.chart.util.RectangleInsets.calculateBottomOutset(D)D 50001.96356502242,50001.0,50001.030303030304,50001.015384615384,51720.0,50001.963585434176,50002.0,50042.47288270666,50000.05970149254,50095.53710607607,50003.83941151443,50001.0,50001.0,50001.927170868345,51721.0,50001.01515151515,50001.015384615384,50001.507575757576,50027.46153846154,50001.00054054054,50001.12309149098,50001.120828266714,50001.0,50001.02985074627,50001.92972972973,50001.00056022409,50001.01515151515,50001.963585434176,50001.9814550642,50001.964845862625,50002.0,49999.45,50001.01515151515
org.jfree.chart.util.RectangleInsets.calculateLeftOutset(D)D 50001.96356502242,50001.0,50001.030303030304,50001.015384615384,51720.0,50001.963585434176,50002.0,50042.47288270666,50000.05970149254,50095.53710607607,50003.83941151443,50001.0,50001.0,50001.927170868345,51721.0,50001.01515151515,50001.015384615384,50001.507575757576,50027.46153846154,50001.00054054054,50001.12309149098,50001.120828266714,50001.0,50001.02985074627,50001.92972972973,50001.00056022409,50001.01515151515,50001.963585434176,50001.9814550642,50001.964845862625,50002.0,49999.45,50001.01515151515
org.jfree.chart.util.RectangleInsets.calculateRightOutset(D)D 50001.96356502242,50001.0,50001.030303030304,50001.015384615384,51720.0,50001.963585434176,50002.0,50042.47288270666,50000.05970149254,50095.53710607607,50003.83941151443,50001.0,50001.0,50001.927170868345,51721.0,50001.01515151515,50001.015384615384,50001.507575757576,50027.46153846154,50001.00054054054,50001.12309149098,50001.120828266714,50001.0,50001.02985074627,50001.92972972973,50001.00056022409,50001.01515151515,50001.963585434176,50001.9814550642,50001.964845862625,50002.0,49999.45,50001.01515151515
org.jfree.chart.util.RectangleInsets.calculateTopOutset(D)D 50001.96356502242,50001.0,50001.030303030304,50001.015384615384,51720.0,50001.963585434176,50002.0,50042.47288270666,50000.05970149254,50095.53710607607,50003.83941151443,50001.0,50001.0,50001.927170868345,51721.0,50001.01515151515,50001.015384615384,50001.507575757576,50027.46153846154,50001.00054054054,50001.12309149098,50001.120828266714,50001.0,50001.02985074627,50001.92972972973,50001.00056022409,50001.01515151515,50001.963585434176,50001.9814550642,50001.964845862625,50002.0,49999.45,50001.01515151515
org.jfree.chart.util.Size2D.getHeight()D 50001.96356502242,50001.0,50001.030303030304,50001.015384615384,51720.0,50001.963585434176,50002.0,50042.47288270666,50000.05970149254,50095.53710607607,50003.83941151443,50001.0,50001.0,50001.927170868345,51721.0,50001.01515151515,50001.015384615384,50001.507575757576,50027.46153846154,50001.00054054054,50001.12309149098,50001.120828266714,50001.0,50001.02985074627,50001.92972972973,50001.00056022409,50001.01515151515,50001.963585434176,50001.9814550642,50001.964845862625,50002.0,49999.45,50001.01515151515
org.jfree.chart.LegendItemCollection.<init>()V 50001.96300448431,50001.0,50001.02985074627,50001.01515151515,51719.0,50001.96302521008,50002.0,50042.46082488326,50000.05882352941,50095.598886732405,50003.85026988277,50001.0,50001.0,50001.92605042017,51720.0,50001.014925373136,50001.01515151515,50001.50746268657,50027.045454545456,50001.00054024851,50001.12216944436,50001.11988828658,50001.0,50001.029411764706,50001.92868719611,50001.00056022409,50001.014925373136,50001.96302521008,50001.981164383564,50001.964324324326,50002.0,49999.44,50001.014925373136
org.jfree.chart.block.RectangleConstraint.getHeightConstraintType()Lorg/jfree/chart/block/LengthConstraintType; 50001.96300448431,50001.0,50001.02985074627,50001.01515151515,51719.0,50001.96302521008,50002.0,50042.46082488326,50000.05882352941,50095.598886732405,50003.85026988277,50001.0,50001.0,50001.92605042017,51720.0,50001.014925373136,50001.01515151515,50001.50746268657,50027.045454545456,50001.00054024851,50001.12216944436,50001.11988828658,50001.0,50001.029411764706,50001.92868719611,50001.00056022409,50001.014925373136,50001.96302521008,50001.981164383564,50001.964324324326,50002.0,49999.44,50001.014925373136
org.jfree.chart.block.RectangleConstraint.getWidthConstraintType()Lorg/jfree/chart/block/LengthConstraintType; 50001.96300448431,50001.0,50001.02985074627,50001.01515151515,51719.0,50001.96302521008,50002.0,50042.46082488326,50000.05882352941,50095.598886732405,50003.85026988277,50001.0,50001.0,50001.92605042017,51720.0,50001.014925373136,50001.01515151515,50001.50746268657,50027.045454545456,50001.00054024851,50001.12216944436,50001.11988828658,50001.0,50001.029411764706,50001.92868719611,50001.00056022409,50001.014925373136,50001.96302521008,50001.981164383564,50001.964324324326,50002.0,49999.44,50001.014925373136
org.jfree.chart.block.RectangleConstraint.<init>(DLorg/jfree/data/Range;Lorg/jfree/chart/block/LengthConstraintType;DLorg/jfree/data/Range;Lorg/jfree/chart/block/LengthConstraintType;)V 50001.96244394619,50001.0,50001.029411764706,50001.014925373136,51718.0,50001.962464986,50002.0,50042.44876355212,50000.057971014496,50095.66020109964,50003.86100555258,50001.0,50001.0,50001.92492997199,51719.0,50001.01470588235,50001.014925373136,50001.507352941175,50026.64179104478,50001.0005399568,50001.121267812516,50001.11896885073,50001.0,50001.02898550725,50001.92764578834,50001.00056022409,50001.01470588235,50001.962464986,50001.980873536966,50001.96380334954,50002.0,49999.43,50001.01470588235
org.jfree.chart.util.Size2D.<init>()V 50001.96244394619,50001.0,50001.029411764706,50001.014925373136,51718.0,50001.962464986,50002.0,50042.44876355212,50000.057971014496,50095.66020109964,50003.86100555258,50001.0,50001.0,50001.92492997199,51719.0,50001.01470588235,50001.014925373136,50001.507352941175,50026.64179104478,50001.0005399568,50001.121267812516,50001.11896885073,50001.0,50001.02898550725,50001.92764578834,50001.00056022409,50001.01470588235,50001.962464986,50001.980873536966,50001.96380334954,50002.0,49999.43,50001.01470588235
org.jfree.chart.text.TextBlock.addLine(Ljava/lang/String;Ljava/awt/Font;Ljava/awt/Paint;)V 50001.96188340807,50001.0,50001.02898550725,50001.01470588235,51717.0,50001.961904761905,50002.0,50042.436698710204,50000.05714285714,50095.72105957901,50003.87162171103,50001.0,50001.0,50001.92380952381,51718.0,50001.014492753624,50001.01470588235,50001.50724637681,50026.25,50001.00053966541,50001.120385853086,50001.1180692138,50001.0,50001.02857142857,50001.92660550459,50001.00056022409,50001.014492753624,50001.961904761905,50001.98058252427,50001.963282937366,50002.0,49999.42,50001.014492753624
org.jfree.chart.text.TextLine.<init>(Ljava/lang/String;Ljava/awt/Font;Ljava/awt/Paint;)V 50001.96188340807,50001.0,50001.02898550725,50001.01470588235,51717.0,50001.961904761905,50002.0,50042.436698710204,50000.05714285714,50095.72105957901,50003.87162171103,50001.0,50001.0,50001.92380952381,51718.0,50001.014492753624,50001.01470588235,50001.50724637681,50026.25,50001.00053966541,50001.120385853086,50001.1180692138,50001.0,50001.02857142857,50001.92660550459,50001.00056022409,50001.014492753624,50001.961904761905,50001.98058252427,50001.963282937366,50002.0,49999.42,50001.014492753624
org.jfree.chart.util.Size2D.<init>(DD)V 50001.96188340807,50001.0,50001.02898550725,50001.01470588235,51717.0,50001.961904761905,50002.0,50042.436698710204,50000.05714285714,50095.72105957901,50003.87162171103,50001.0,50001.0,50001.92380952381,51718.0,50001.014492753624,50001.01470588235,50001.50724637681,50026.25,50001.00053966541,50001.120385853086,50001.1180692138,50001.0,50001.02857142857,50001.92660550459,50001.00056022409,50001.014492753624,50001.961904761905,50001.98058252427,50001.963282937366,50002.0,49999.42,50001.014492753624
org.jfree.chart.text.TextBlock.addLine(Lorg/jfree/chart/text/TextLine;)V 50001.96076233184,50001.0,50001.028169014084,50001.014285714286,51715.0,50001.96078431373,50002.0,50042.412558481694,50000.055555555555,50095.84144859311,50003.89250760852,50001.0,50001.0,50001.92156862745,51716.0,50001.01408450704,50001.014285714286,50001.50704225352,50025.5,50001.00053908356,50001.11867816582,50001.11632653966,50001.0,50001.02777777778,50001.92452830189,50001.00056022409,50001.01408450704,50001.96078431373,50001.98,50001.96224379719,50002.0,49999.4,50001.01408450704
org.jfree.chart.text.TextFragment.<init>(Ljava/lang/String;Ljava/awt/Font;Ljava/awt/Paint;)V 50001.96076233184,50001.0,50001.028169014084,50001.014285714286,51715.0,50001.96078431373,50002.0,50042.412558481694,50000.055555555555,50095.84144859311,50003.89250760852,50001.0,50001.0,50001.92156862745,51716.0,50001.01408450704,50001.014285714286,50001.50704225352,50025.5,50001.00053908356,50001.11867816582,50001.11632653966,50001.0,50001.02777777778,50001.92452830189,50001.00056022409,50001.01408450704,50001.96078431373,50001.98,50001.96224379719,50002.0,49999.4,50001.01408450704
org.jfree.chart.text.TextFragment.<init>(Ljava/lang/String;Ljava/awt/Font;Ljava/awt/Paint;F)V 50001.96076233184,50001.0,50001.028169014084,50001.014285714286,51715.0,50001.96078431373,50002.0,50042.412558481694,50000.055555555555,50095.84144859311,50003.89250760852,50001.0,50001.0,50001.92156862745,51716.0,50001.01408450704,50001.014285714286,50001.50704225352,50025.5,50001.00053908356,50001.11867816582,50001.11632653966,50001.0,50001.02777777778,50001.92452830189,50001.00056022409,50001.01408450704,50001.96078431373,50001.98,50001.96224379719,50002.0,49999.4,50001.01408450704
org.jfree.chart.text.TextBlock.<init>()V 50001.959641255606,50001.0,50001.02739726027,50001.01388888889,51713.0,50001.95966386555,50002.0,50042.38840417315,50000.05405405405,50095.96012970201,50003.91295063024,50001.0,50001.0,50001.91932773109,51714.0,50001.01369863014,50001.01388888889,50001.50684931507,50024.791666666664,50001.000538502965,50001.1170411472,50001.114655006975,50001.0,50001.02702702703,50001.922455573505,50001.00056022409,50001.01369863014,50001.95966386555,50001.979416809605,50001.96120689655,50002.0,49999.38,50001.01369863014
org.jfree.chart.JFreeChart.<init>(Ljava/lang/String;Ljava/awt/Font;Lorg/jfree/chart/plot/Plot;Z)V 50001.94058295964,50001.0,50001.01869158878,50001.00943396227,51679.0,50001.9406162465,50002.0,50041.9756024971,50000.03703703704,50100.08436854069,50004.550988624724,50001.0,50001.0,50001.881232493,51680.0,50001.009345794395,50001.00943396227,50001.504672897194,50016.839622641506,50001.00052882073,50001.096673648906,50001.09375763942,50001.0,50001.01851851852,50001.88789000529,50001.00056022409,50001.009345794395,50001.9406162465,50001.96939953811,50001.943915343916,50002.0,49999.04,50001.009345794395
org.jfree.chart.title.TextTitle.<init>(Ljava/lang/String;Ljava/awt/Font;)V 50001.939461883405,50001.0,50001.01834862385,50001.00925925926,51677.0,50001.93949579832,50002.0,50041.95119045889,50000.03636363636,50097.86715317318,50004.22370979547,50001.0,50001.0,50001.87899159664,51678.0,50001.00917431193,50001.00925925926,50001.50458715596,50016.52777777778,50001.00052826202,50001.09578262852,50001.09283811912,50001.0,50001.01818181818,50001.88589540412,50001.00056022409,50001.00917431193,50001.93949579832,50001.96880415944,50001.94291754757,50002.0,49999.02,50001.00917431193
org.jfree.chart.title.TextTitle.<init>(Ljava/lang/String;Ljava/awt/Font;Ljava/awt/Paint;Lorg/jfree/chart/util/RectangleEdge;Lorg/jfree/chart/util/HorizontalAlignment;Lorg/jfree/chart/util/VerticalAlignment;Lorg/jfree/chart/util/RectangleInsets;)V 50001.93161434978,50001.0,50001.0162601626,50001.00819672131,51663.0,50001.931652661064,50002.0,50041.77989700821,50000.032258064515,50098.520209344955,50004.323456185535,50001.0,50001.0,50001.86330532213,51664.0,50001.0081300813,50001.00819672131,50001.50406504065,50014.63114754098,50001.000524383846,50001.09016696347,50001.08702930773,50001.0,50001.01612903226,50001.87205034085,50001.00056022409,50001.0081300813,50001.931652661064,50001.964617169375,50001.93599160546,50002.0,49998.88,50001.0081300813
org.jfree.chart.block.LineBorder.<init>()V 50001.92096412556,50001.0,50001.01408450704,50001.00709219858,51644.0,50001.92100840336,50002.0,50041.54626986543,50000.02797202797,50099.34919041481,50004.445916726654,50001.0,50001.0,50001.842016806724,51645.0,50001.00704225352,50001.00709219858,50001.50352112676,50012.65957446808,50001.0005192108,50001.08391813583,50001.0805336132,50001.0,50001.01398601398,50001.85358255452,50001.00056022409,50001.00704225352,50001.92100840336,50001.95888013998,50001.92675324676,50002.0,49998.69,50001.00704225352
org.jfree.chart.title.Title.setPosition(Lorg/jfree/chart/util/RectangleEdge;)V 50001.92096412556,50001.0,50001.01408450704,50001.00709219858,51644.0,50001.92100840336,50002.0,50041.54626986543,50000.02797202797,50099.34919041481,50004.445916726654,50001.0,50001.0,50001.842016806724,51645.0,50001.00704225352,50001.00709219858,50001.50352112676,50012.65957446808,50001.0005192108,50001.08391813583,50001.0805336132,50001.0,50001.01398601398,50001.85358255452,50001.00056022409,50001.00704225352,50001.92100840336,50001.95888013998,50001.92675324676,50002.0,49998.69,50001.00704225352
org.jfree.chart.block.AbstractBlock.setFrame(Lorg/jfree/chart/block/BlockFrame;)V 50001.92040358744,50001.0,50001.01398601398,50001.00704225352,51643.0,50001.92044817927,50002.0,50041.53393639902,50000.02777777778,50099.39122361558,50004.45201032556,50001.0,50001.0,50001.840896358546,51644.0,50001.006993006995,50001.00704225352,50001.503496503494,50012.57042253521,50001.00051894136,50001.083624201,50001.08022710716,50001.0,50001.01388888889,50001.852620653866,50001.00056022409,50001.006993006995,50001.92044817927,50001.9585764294,50001.926272066456,50002.0,49998.68,50001.006993006995
org.jfree.chart.block.AbstractBlock.setMargin(Lorg/jfree/chart/util/RectangleInsets;)V 50001.92040358744,50001.0,50001.01398601398,50001.00704225352,51643.0,50001.92044817927,50002.0,50041.53393639902,50000.02777777778,50099.39122361558,50004.45201032556,50001.0,50001.0,50001.840896358546,51644.0,50001.006993006995,50001.00704225352,50001.503496503494,50012.57042253521,50001.00051894136,50001.083624201,50001.08022710716,50001.0,50001.01388888889,50001.852620653866,50001.00056022409,50001.006993006995,50001.92044817927,50001.9585764294,50001.926272066456,50002.0,49998.68,50001.006993006995
org.jfree.chart.title.LegendTitle.setBackgroundPaint(Ljava/awt/Paint;)V 50001.92040358744,50001.0,50001.01398601398,50001.00704225352,51643.0,50001.92044817927,50002.0,50041.53393639902,50000.02777777778,50099.39122361558,50004.45201032556,50001.0,50001.0,50001.840896358546,51644.0,50001.006993006995,50001.00704225352,50001.503496503494,50012.57042253521,50001.00051894136,50001.083624201,50001.08022710716,50001.0,50001.01388888889,50001.852620653866,50001.00056022409,50001.006993006995,50001.92044817927,50001.9585764294,50001.926272066456,50002.0,49998.68,50001.006993006995
org.jfree.chart.block.LineBorder.<init>(Ljava/awt/Paint;Ljava/awt/Stroke;Lorg/jfree/chart/util/RectangleInsets;)V 50001.91984304933,50001.0,50001.01388888889,50001.006993006995,51642.0,50001.919887955184,50002.0,50041.52159917871,50000.027586206896,50099.43310907087,50004.458071824454,50001.0,50001.0,50001.83977591036,51643.0,50001.006944444445,50001.006993006995,50001.50347222222,50012.48251748252,50001.0005186722,50001.083333333336,50001.07992370708,50001.0,50001.01379310345,50001.85165975104,50001.00056022409,50001.006944444445,50001.919887955184,50001.95827254158,50001.925791385576,50002.0,49998.67,50001.006944444445
org.jfree.chart.title.LegendTitle.<init>(Lorg/jfree/chart/LegendItemSource;)V 50001.91928251121,50001.0,50001.01379310345,50001.006944444445,51641.0,50001.91932773109,50002.0,50041.509258201055,50000.02739726027,50099.47484832777,50004.464101615136,50001.0,50001.0,50001.83865546218,51642.0,50001.00689655173,50001.006944444445,50001.503448275864,50012.395833333336,50001.000518403314,50001.083045479856,50001.07962335956,50001.0,50001.01369863014,50001.85069984448,50001.00056022409,50001.00689655173,50001.91932773109,50001.95796847636,50001.92531120332,50002.0,49998.66,50001.00689655173
org.jfree.chart.title.LegendTitle.<init>(Lorg/jfree/chart/LegendItemSource;Lorg/jfree/chart/block/Arrangement;Lorg/jfree/chart/block/Arrangement;)V 50001.91928251121,50001.0,50001.01379310345,50001.006944444445,51641.0,50001.91932773109,50002.0,50041.509258201055,50000.02739726027,50099.47484832777,50004.464101615136,50001.0,50001.0,50001.83865546218,51642.0,50001.00689655173,50001.006944444445,50001.503448275864,50012.395833333336,50001.000518403314,50001.083045479856,50001.07962335956,50001.0,50001.01369863014,50001.85069984448,50001.00056022409,50001.00689655173,50001.91932773109,50001.95796847636,50001.92531120332,50002.0,49998.66,50001.00689655173
org.jfree.chart.block.ColumnArrangement.<init>()V 50001.918721973096,50001.0,50001.01369863014,50001.00689655173,51640.0,50001.918767507006,50002.0,50041.49691346263,50000.02721088436,50099.51644290656,50004.470100081955,50001.0,50001.0,50001.837535014005,51641.0,50001.00684931507,50001.00689655173,50001.50342465754,50012.31034482759,50001.000518134715,50001.08276058886,50001.07932601247,50001.0,50001.013605442175,50001.849740932645,50001.00056022409,50001.00684931507,50001.918767507006,50001.957664233574,50001.924831518925,50002.0,49998.65,50001.00684931507
org.jfree.chart.event.TitleChangeEvent.<init>(Lorg/jfree/chart/title/Title;)V 50001.91816143498,50001.0,50001.013605442175,50001.00684931507,51639.0,50001.91820728291,50002.0,50041.484564959996,50000.02702702703,50099.55789430137,50004.47606760199,50001.0,50001.0,50001.83641456583,51640.0,50001.00680272109,50001.00684931507,50001.50340136055,50012.22602739726,50001.00051786639,50001.08247860988,50001.079031614914,50001.0,50001.01351351351,50001.848783013986,50001.00056022409,50001.00680272109,50001.91820728291,50001.95735981308,50001.9243523316,50002.0,49998.64,50001.00680272109
org.jfree.chart.title.Title.notifyListeners(Lorg/jfree/chart/event/TitleChangeEvent;)V 50001.91816143498,50001.0,50001.013605442175,50001.00684931507,51639.0,50001.91820728291,50002.0,50043.20189569202,50000.02702702703,50099.55789430137,50004.47606760199,50002.2,50043.20189569202,50001.99551820728,51782.0,50001.00680272109,50001.00684931507,50001.50340136055,50446.25,50001.00051786639,50001.08247860988,50001.079031614914,50001.0,50001.01351351351,50001.99552822806,50001.00056022409,50001.00680272109,50001.997759103644,50001.99887829501,50001.9243523316,50002.0,49998.9,50001.00680272109
org.jfree.chart.block.FlowArrangement.<init>()V 50001.91704035874,50001.0,50001.01342281879,50001.00675675676,51637.0,50001.917086834736,50002.0,50041.45985664829,50000.026666666665,50099.64037338837,50004.48791127476,50001.0,50001.0,50001.83417366947,51638.0,50001.0067114094,50001.00675675676,50001.5033557047,50012.06081081081,50001.000517330576,50001.081923192054,50001.07845147086,50001.0,50001.013333333336,50001.846870150024,50001.00056022409,50001.0067114094,50001.917086834736,50001.95675043834,50001.923395445134,50002.0,49998.62,50001.0067114094
org.jfree.chart.title.Title.<init>()V 50001.91479820628,50001.0,50001.013071895424,50001.00657894737,51633.0,50001.91484593837,50002.0,50041.410394702354,50000.02597402597,50099.80367633371,50004.511243085566,50001.0,50001.0,50001.82969187675,51634.0,50001.006535947716,50001.00657894737,50001.50326797386,50011.74342105263,50001.00051626226,50001.080845208344,50001.077324467304,50001.0,50001.01298701299,50001.843056272584,50001.00056022409,50001.006535947716,50001.91484593837,50001.95552954944,50001.92148760331,50002.0,49998.58,50001.006535947716
org.jfree.chart.block.BlockContainer.<init>(Lorg/jfree/chart/block/Arrangement;)V 50001.91311659193,50001.0,50001.01282051282,50001.006451612906,51630.0,50001.91316526611,50002.0,50041.37325847637,50000.02547770701,50099.92474792576,50004.52844152538,50001.0,50001.0,50001.82633053221,51631.0,50001.006410256414,50001.006451612906,50001.5032051282,50011.51612903226,50001.000515463915,50001.0800640769,50001.076506937505,50001.0,50001.012738853504,50001.84020618557,50001.00056022409,50001.006410256414,50001.91316526611,50001.95461200586,50001.92006188757,50002.0,49998.55,50001.006410256414
org.jfree.chart.title.Title.addChangeListener(Lorg/jfree/chart/event/TitleChangeListener;)V 50001.91087443946,50001.0,50001.0125,50001.00628930818,51626.0,50001.910924369746,50002.0,50041.32369030731,50000.024844720494,50100.08436854069,50004.550988624724,50001.0,50001.0,50001.8218487395,51627.0,50001.00625,50001.00628930818,50001.503125,50011.22641509434,50001.00051440329,50001.079056941504,50001.07545174118,50001.0,50001.01242236025,50001.83641975309,50001.00056022409,50001.00625,50001.910924369746,50001.953386103785,50001.91816778178,50002.0,49998.51,50001.00625
org.jfree.chart.plot.Plot.addChangeListener(Lorg/jfree/chart/event/PlotChangeListener;)V 50001.89798206278,50001.0,50001.01092896175,50001.005494505494,51603.0,50001.89803921569,50002.0,50041.03748243833,50000.02173913043,50100.965585891005,50004.67297393991,50001.0,50001.0,50001.79607843137,51604.0,50001.00546448088,50001.005494505494,50001.502732240435,50009.807692307695,50001.00050838841,50001.07392212709,50001.070050023605,50001.0,50001.010869565216,50001.81494661922,50001.00056022409,50001.00546448088,50001.89803921569,50001.94628099174,50001.90742624619,50002.0,49998.28,50001.00546448088
org.jfree.chart.title.Title.<init>(Lorg/jfree/chart/util/RectangleEdge;Lorg/jfree/chart/util/HorizontalAlignment;Lorg/jfree/chart/util/VerticalAlignment;Lorg/jfree/chart/util/RectangleInsets;)V 50001.89630044843,50001.0,50001.01075268817,50001.005405405405,51600.0,50001.89635854342,50002.0,50041.0,50000.021390374335,50101.07631883651,50004.68801715136,50001.0,50001.0,50001.792717086835,51601.0,50001.00537634409,50001.005405405405,50001.50268817204,50009.64864864865,50001.00050761421,50001.07332355751,50001.06941771831,50001.0,50001.010695187164,50001.812182741116,50001.00056022409,50001.00537634409,50001.89635854342,50001.94534711965,50001.906043676994,50002.0,49998.25,50001.00537634409
org.jfree.chart.block.AbstractBlock.setPadding(Lorg/jfree/chart/util/RectangleInsets;)V 50001.89293721973,50001.0,50001.010416666664,50001.0052356021,51594.0,50001.89299719888,50002.0,50040.92492955535,50000.020725388604,50101.29512328886,50004.717563040635,50001.0,50001.0,50001.78599439776,51595.0,50001.005208333336,50001.0052356021,50001.502604166664,50009.34554973822,50001.00050607287,50001.07216878365,50001.06819614862,50001.0,50001.0103626943,50001.80668016194,50001.00056022409,50001.005208333336,50001.89299719888,50001.94347440071,50001.90329113924,50002.0,49998.19,50001.005208333336
org.jfree.chart.block.AbstractBlock.<init>()V 50001.88228699552,50001.0,50001.00947867298,50001.00476190476,51575.0,50001.882352941175,50002.0,50040.68626966597,50000.018867924526,50101.966225073964,50004.80675409584,50001.0,50001.0,50001.76470588235,51576.0,50001.004739336495,50001.00476190476,50001.50236966825,50008.5,50001.00050125313,50001.06884283908,50001.06466417057,50001.0,50001.00943396227,50001.78947368421,50001.00056022409,50001.004739336495,50001.882352941175,50001.9375,50001.89468405215,50002.0,49998.0,50001.004739336495
org.jfree.data.Range.getLowerBound()D 50001.88004484305,50001.0,50001.00930232558,50001.004672897194,51571.0,50001.88011204482,50002.0,50040.63584236521,50000.01851851852,50102.1035871661,50004.82475343497,50001.0,50001.0,50001.76022408964,51572.0,50001.00465116279,50001.004672897194,50001.502325581394,50008.34112149533,50001.00050025013,50001.06819943395,50001.06397837,50001.0,50001.00925925926,50001.78589294647,50001.00056022409,50001.00465116279,50001.88011204482,50001.93623361144,50001.892892892894,50002.0,49997.96,50001.00465116279
org.jfree.data.Range.getUpperBound()D 50001.88004484305,50001.0,50001.00930232558,50001.004672897194,51571.0,50001.88011204482,50002.0,50040.63584236521,50000.01851851852,50102.1035871661,50004.82475343497,50001.0,50001.0,50001.76022408964,51572.0,50001.00465116279,50001.004672897194,50001.502325581394,50008.34112149533,50001.00050025013,50001.06819943395,50001.06397837,50001.0,50001.00925925926,50001.78589294647,50001.00056022409,50001.00465116279,50001.88011204482,50001.93623361144,50001.892892892894,50002.0,49997.96,50001.00465116279
org.jfree.chart.event.PlotChangeEvent.<init>(Lorg/jfree/chart/plot/Plot;)V 50001.86266816143,50001.0,50001.0081300813,50001.00408163265,51540.0,50001.86274509804,50002.0,50040.2428337407,50000.01619433198,50103.12732417027,50004.95632099841,50001.0,50001.0,50001.72549019608,51541.0,50001.00406504065,50001.00408163265,50001.50203252032,50007.28571428572,50001.00049261084,50001.063757671305,50001.059218081224,50001.0,50001.00809716599,50001.75862068965,50001.00056022409,50001.00406504065,50001.86274509804,50001.926315789475,50001.8792508625,50002.0,49997.65,50001.00406504065
org.jfree.chart.plot.Plot.notifyListeners(Lorg/jfree/chart/event/PlotChangeEvent;)V 50001.86266816143,50001.0,50001.0081300813,50001.00408163265,51540.0,50001.86274509804,50002.0,50042.29164564412,50000.01619433198,50103.12732417027,50004.95632099841,50002.01234567901,50042.29164564412,50001.91036414566,51706.0,50001.00406504065,50001.00408163265,50001.50203252032,50022.3125,50001.00049261084,50001.063757671305,50001.059218081224,50001.0,50001.00809716599,50001.91420911528,50001.00056022409,50001.00406504065,50001.95518207283,50001.977077363896,50001.8792508625,50002.0,49998.31,50001.00406504065
org.jfree.chart.plot.Plot.<init>()V 50001.85594170404,50001.0,50001.007751937985,50001.00389105058,51528.0,50001.85602240897,50002.0,50040.08964057139,50000.015444015444,50103.50606786965,50005.003900540956,50001.0,50001.0,50001.71204481793,51529.0,50001.00387596899,50001.00389105058,50001.501937984496,50006.94552529183,50001.00048971597,50001.06225728064,50001.05759864151,50001.0,50001.00772200772,50001.74828599412,50001.00056022409,50001.00387596899,50001.85602240897,50001.9224268035,50001.87408133268,50002.0,49997.53,50001.00387596899
org.jfree.chart.plot.DefaultDrawingSupplier.<init>()V 50001.85426008968,50001.0,50001.00766283525,50001.00384615385,51525.0,50001.8543417367,50002.0,50040.05124837953,50000.01526717557,50103.59936382437,50005.01553427287,50001.0,50001.0,50001.70868347339,51526.0,50001.00383141763,50001.00384615385,50001.50191570881,50006.86538461538,50001.00048899755,50001.06189844606,50001.05721037636,50001.0,50001.00763358779,50001.74572127139,50001.00056022409,50001.00383141763,50001.8543417367,50001.92145015106,50001.872798434444,50002.0,49997.5,50001.00383141763
org.jfree.chart.plot.DefaultDrawingSupplier.<init>([Ljava/awt/Paint;[Ljava/awt/Paint;[Ljava/awt/Paint;[Ljava/awt/Stroke;[Ljava/awt/Stroke;[Ljava/awt/Shape;)V 50001.85426008968,50001.0,50001.00766283525,50001.00384615385,51525.0,50001.8543417367,50002.0,50040.05124837953,50000.01526717557,50103.59936382437,50005.01553427287,50001.0,50001.0,50001.70868347339,51526.0,50001.00383141763,50001.00384615385,50001.50191570881,50006.86538461538,50001.00048899755,50001.06189844606,50001.05721037636,50001.0,50001.00763358779,50001.74572127139,50001.00056022409,50001.00383141763,50001.8543417367,50001.92145015106,50001.872798434444,50002.0,49997.5,50001.00383141763
org.jfree.data.Range.<init>(DD)V 50001.84865470852,50001.0,50001.0073800738,50001.003703703704,51515.0,50001.8487394958,50002.0,50039.92300091206,50000.01470588235,50103.906525052924,50005.053600464424,50001.0,50001.0,50001.6974789916,51516.0,50001.0036900369,50001.003703703704,50001.50184501845,50006.61111111111,50001.000486618,50001.06074567392,50001.05596040734,50001.0,50001.007352941175,50001.73722627737,50001.00056022409,50001.0036900369,50001.8487394958,50001.91818181818,50001.868549172345,50002.0,49997.4,50001.0036900369
org.jfree.chart.util.RectangleInsets.<init>(DDDD)V 50001.843049327355,50001.0,50001.00711743772,50001.00357142857,51505.0,50001.8431372549,50002.0,50039.79432948254,50000.014184397165,50104.208048858454,50005.09062348923,50001.0,50001.0,50001.686274509804,51506.0,50001.00355871886,50001.00357142857,50001.50177935943,50006.375,50001.0004842615,50001.05965499863,50001.0547738582,50001.0,50001.00709219858,50001.72881355932,50001.00056022409,50001.00355871886,50001.8431372549,50001.914893617024,50001.864341085275,50002.0,49997.3,50001.00355871886
org.jfree.chart.util.RectangleInsets.<init>(Lorg/jfree/chart/util/UnitType;DDDD)V 50001.841367713,50001.0,50001.00704225352,50001.0035335689,51502.0,50001.84145658263,50002.0,50039.755644750156,50000.01403508772,50104.297452169034,50005.101536765804,50001.0,50001.0,50001.68291316526,51503.0,50001.00352112676,50001.0035335689,50001.501760563384,50006.3074204947,50001.00048355899,50001.05933908291,50001.05442942559,50001.0,50001.00701754386,50001.726305609285,50001.00056022409,50001.00352112676,50001.84145658263,50001.91390325525,50001.86308659893,50002.0,49997.27,50001.00352112676
org.jfree.chart.util.ObjectList.<init>()V 50001.735986547086,50001.0,50001.004237288136,50001.00212314225,51314.0,50001.73613445378,50002.0,50037.249137920786,50000.00845665962,50109.17738274198,50005.658597902184,50001.0,50001.0,50001.472268907564,51315.0,50001.002118644064,50001.00212314225,50001.501059322036,50003.789808917194,50001.00044326241,50001.046028730896,50001.03948789095,50001.0,50001.00422832981,50001.58244680851,50001.00056022409,50001.002118644064,50001.73613445378,50001.84801548887,50001.7911308204,50002.0,49995.39,50001.002118644064
org.jfree.chart.util.AbstractObjectList.<init>()V 50001.726457399105,50001.0,50001.00408997955,50001.00204918033,51297.0,50001.726610644255,50002.0,50037.01388621074,50000.00816326531,50109.565570362145,50005.70007681154,50001.0,50001.0,50001.45322128852,51298.0,50001.00204498978,50001.00204918033,50001.501022494886,50003.65778688525,50001.00043994721,50001.04522156317,50001.03854345539,50001.0,50001.00408163265,50001.570611526615,50001.00056022409,50001.00204498978,50001.726610644255,50001.84166125892,50001.785211267605,50002.0,49995.22,50001.00204498978
org.jfree.chart.util.AbstractObjectList.<init>(II)V 50001.726457399105,50001.0,50001.00408997955,50001.00204918033,51297.0,50001.726610644255,50002.0,50037.01388621074,50000.00816326531,50109.565570362145,50005.70007681154,50001.0,50001.0,50001.45322128852,51298.0,50001.00204498978,50001.00204918033,50001.501022494886,50003.65778688525,50001.00043994721,50001.04522156317,50001.03854345539,50001.0,50001.00408163265,50001.570611526615,50001.00056022409,50001.00204498978,50001.726610644255,50001.84166125892,50001.785211267605,50002.0,49995.22,50001.00204498978
org.jfree.chart.event.ChartChangeEvent.<init>(Ljava/lang/Object;)V 50001.71748878924,50001.0,50001.00396039604,50001.00198412698,51281.0,50001.717647058824,50002.0,50036.79106033635,50000.007905138336,50109.92479264842,50005.738137220535,50001.0,50001.0,50001.43529411765,51282.0,50001.00198019802,50001.00198412698,50001.50099009901,50003.541666666664,50001.000436872,50001.04449941595,50001.03769310122,50001.0,50001.00395256917,50001.55963302752,50001.00056022409,50001.00198019802,50001.717647058824,50001.83561643836,50001.77972027972,50002.0,49995.06,50001.00198019802
org.jfree.chart.event.ChartChangeEvent.<init>(Ljava/lang/Object;Lorg/jfree/chart/JFreeChart;Lorg/jfree/chart/event/ChartChangeEventType;)V 50001.71748878924,50001.0,50001.00396039604,50001.00198412698,51281.0,50001.717647058824,50002.0,50036.79106033635,50000.007905138336,50109.92479264842,50005.738137220535,50001.0,50001.0,50001.43529411765,51282.0,50001.00198019802,50001.00198412698,50001.50099009901,50003.541666666664,50001.000436872,50001.04449941595,50001.03769310122,50001.0,50001.00395256917,50001.55963302752,50001.00056022409,50001.00198019802,50001.717647058824,50001.83561643836,50001.77972027972,50002.0,49995.06,50001.00198019802
org.jfree.chart.labels.StandardPieSectionLabelGenerator.<init>(Ljava/lang/String;Ljava/text/NumberFormat;Ljava/text/NumberFormat;)V 5013.97869955157,5013.0,5013.051282051282,5013.026315789473,6759.0,5013.978711484594,5014.0,5054.797129088012,5012.1,5105.63926233074,5015.482823796198,5013.0,5013.0,5013.957422969188,6760.0,5013.025641025641,5013.026315789473,5013.51282051282,5058.973684210527,5013.000548546353,5013.160128153805,5013.1584135735875,5013.0,5013.05,5013.9583104772355,5013.00056022409,5013.025641025641,5013.978711484594,5013.989241223103,5013.979143798024,5014.0,5011.72,5013.025641025641
org.jfree.chart.text.G2TextMeasurer.<init>(Ljava/awt/Graphics2D;)V 5013.970852017937,5013.0,5013.037735849057,5013.0192307692305,6745.0,5013.970868347339,5014.0,5054.629316592997,5012.074074074074,5106.685950878699,5015.685349614283,5013.0,5013.0,5013.941736694678,6746.0,5013.018867924528,5013.0192307692305,5013.509433962264,5046.326923076923,5013.000544365814,5013.137360563948,5013.135343867991,5013.0,5013.037037037037,5013.943385955362,5013.00056022409,5013.018867924528,5013.970868347339,5013.985218874361,5013.971677559913,5014.0,5011.58,5013.018867924528
org.jfree.chart.util.RectangleEdge.isTopOrBottom(Lorg/jfree/chart/util/RectangleEdge;)Z 5013.961883408072,5013.0,5013.028985507246,5013.014705882353,6729.0,5013.961904761904,5014.0,5054.436698710201,5012.057142857143,5107.721059579007,5015.871621711026,5013.0,5013.0,5013.92380952381,6730.0,5013.014492753623,5013.014705882353,5013.507246376812,5038.25,5013.000539665408,5013.120385853086,5013.1180692138005,5013.0,5013.028571428571,5013.926605504587,5013.00056022409,5013.014492753623,5013.961904761904,5013.980582524272,5013.963282937365,5014.0,5011.42,5013.014492753623
org.jfree.chart.block.FlowArrangement.<init>(Lorg/jfree/chart/util/HorizontalAlignment;Lorg/jfree/chart/util/VerticalAlignment;DD)V 5013.915358744394,5013.0,5013.013157894737,5013.0066225165565,6646.0,5013.915406162465,5014.0,5053.422765862815,5012.026143790849,5111.763054055216,5016.505453712067,5013.0,5013.0,5013.83081232493,6647.0,5013.006578947368,5013.0066225165565,5013.503289473684,5023.82119205298,5013.000516528926,5013.081110710566,5013.077602171378,5013.0,5013.013071895425,5013.844008264463,5013.00056022409,5013.006578947368,5013.915406162465,5013.9558350394855,5013.921963824289,5014.0,5010.59,5013.006578947368
org.jfree.chart.util.AbstractObjectList.<init>(I)V 5013.726457399103,5013.0,5013.00408997955,5013.002049180328,6309.0,5013.726610644258,5014.0,5049.013886210738,5012.008163265306,5121.565570362146,5017.7000768115395,5013.0,5013.0,5013.453221288515,6310.0,5013.002044989775,5013.002049180328,5013.501022494887,5015.6577868852455,5013.000439947206,5013.045221563165,5013.038543455387,5013.0,5013.004081632653,5013.570611526617,5013.00056022409,5013.002044989775,5013.726610644258,5013.841661258923,5013.7852112676055,5014.0,5007.22,5013.002044989775
