org.jfree.data.DefaultKeyedValues.removeValue(I)V 5000003.0,5000002.0,5000004.0,6000002.0,5001741.0,5000006.0,5000003.0,5000043.74925149,5000003.0,5000093.402637848,5000005.0,5000005.5,5000127.067981514,5000003.0,5001745.0,5000003.0,6000002.0,5000003.0,5000582.0,5000002.002294894,5000003.0,5000003.0,5000003.0,5000003.0,5000003.0,5000002.002294894,5000003.0,5000003.0,5000003.0,5000003.0,5000006.0,5000006.0,5000003.0
org.jfree.data.DefaultKeyedValues.removeValue(Ljava/lang/Comparable;)V 5000006.0,5000005.0,5000007.0,6000005.0,5001744.0,5000009.0,5000006.0,5000046.74925149,5000006.0,5000096.402637848,5000006.0,5000006.5,5000046.665333312,5000006.0,5001748.0,5000006.0,6000005.0,5000006.0,5001747.0,5000005.002294894,5000006.0,5000006.0,5000008.0,5000006.0,5000006.0,5000005.002294894,5000006.0,5000006.0,5000006.0,5000006.0,5000009.0,5000009.0,5000006.0
org.jfree.data.DefaultKeyedValues2D.removeColumn(Ljava/lang/Comparable;)V 5000002.5,5000002.0,5000003.0,5000004.0,5000001.0,5000004.0,5000002.0,5000043.72529209,5000002.333333333,5000089.402637848,5000004.0,5000004.5,5000085.354663936,5000002.997705106,5001743.0,5000002.5,5000003.0,5000002.75,5000872.5,5000002.001146132,5000002.707106781,5000002.706700515,5000003.0,5000002.666666667,5000002.997707737,5000002.001147447,5000003.0,5000002.998852553,5000002.999425947,5000003.0,5000004.0,5000004.0,5000002.5
org.jfree.data.category.DefaultCategoryDataset.removeColumn(Ljava/lang/Comparable;)V 5000002.25,5000002.0,5000002.5,5000002.333333333,5000001.0,5000003.0,5000002.0,5000043.713307229,5000001.8,5000087.402637848,5000005.0,5000005.5,5000127.067981514,5000002.9965576595,5001742.0,5000002.25,5000002.333333333,5000002.625,5000582.0,5000002.000572737,5000002.5,5000002.4995692745,5000003.0,5000002.4,5000002.996563574,5000002.000573724,5000003.0,5000002.998278829,5000002.999138674,5000003.0,5000003.0,5000003.0,5000002.25
org.jfree.data.DefaultKeyedValues.setValue(Ljava/lang/Comparable;Ljava/lang/Number;)V 500002.89936745254,500002.0,500002.22222222225,500002.25,501566.0,500005.8994252874,500003.0,500043.6773319683,500001.4,500106.6313944033,500005.8191342524,500006.4,500168.7093278734,500002.9931153184,501739.0,500002.1111111111,500002.125,500002.5111731844,500291.5,500002.00208550575,500002.25,500002.24884742335,500003.0,500002.2,500002.9931389365,500002.00229489384,500002.125,500002.99655765924,500002.9982758621,500002.98415393324,500006.0,500002.35,500002.0223463687
org.jfree.data.DefaultKeyedValues.getIndex(Ljava/lang/Comparable;)I 500001.92179413454,500001.0,500001.0571428572,500001.1176470588,501604.0,500004.92183908046,500002.0,500042.6773319683,500000.1111111111,500105.6691370094,500004.8191342524,500005.4,500167.7093278734,500001.9931153184,501738.0,500001.02857142856,500001.0294117647,500001.5142857143,500290.5,500001.00212879194,500001.1690308509,500001.162286707,500001.0,500001.05555555556,500001.9931389365,500001.00229489384,500001.02857142856,500001.99655765924,500001.9982758621,500001.9274666667,500005.0,500001.74,500001.02857142856
org.jfree.data.DefaultKeyedValues.rebuildIndex()V 50003.24942495687,50003.0,50003.4,50003.25,50002.0,50003.99942528736,50003.0,50044.70131892399,50002.666666666664,50089.402637847976,50005.82842712475,50006.42857142857,50128.03199590505,50003.99541021228,51742.0,50003.2,50003.25,50003.375,50437.75,50003.000572409845,50003.353553390596,50003.3531470657,50004.0,50003.333333333336,50003.995420721236,50003.00057372347,50003.5,50003.997705106136,50003.99885123492,50003.997705106136,50004.0,50003.0,50003.00003332778
org.jfree.data.DefaultKeyedValues.addValue(Ljava/lang/Comparable;Ljava/lang/Number;)V 50002.49079930995,50002.0,50002.2,50002.22222222222,50001.0,50003.9908045977,50002.0,50043.53311931459,50001.36363636364,50093.402637847976,50002.0,50004.1,50084.96987405077,50002.97934595525,51727.0,50002.1,50002.11111111111,50002.305555555555,50097.833333333336,50002.00113571834,50002.2357022604,50002.23447939463,50003.0,50002.181818181816,50002.97955706985,50002.00114744693,50002.11111111111,50002.98967297762,50002.99480968858,50002.981931112365,50004.0,50001.94,50002.000012498436
org.jfree.data.DefaultKeyedValues.addValue(Ljava/lang/Comparable;D)V 50001.24769982749,50001.0,50001.25,50001.142857142855,50000.0,50001.99770114943,50001.0,50042.665333312,50000.444444444445,50088.402637847976,50003.645751311065,50004.3,50125.92397688194,50001.99196787149,51737.0,50001.125,50001.142857142855,50001.225,50249.0,50001.00057142857,50001.22360679775,50001.22315663511,50002.0,50001.22222222222,50001.992,50001.00057372347,50001.2,50001.99598393574,50001.99798792756,50001.99088319088,50002.0,49999.8,50001.000008332776
org.jfree.data.DefaultKeyedValues.<init>()V 50001.89361702128,50001.0,50001.04232804233,50001.086486486485,51555.0,50004.89367816092,50002.0,50040.471508711984,50000.08290155441,50106.004108356705,50004.68801715136,50001.0,50001.0,50001.787722317844,51559.0,50001.021164021164,50001.02162162162,50001.51058201058,50009.42162162162,50001.0020746888,50001.14547859349,50001.13752283283,50001.0,50001.0414507772,50001.80809128631,50001.002294893864,50001.021164021164,50001.89386115892,50001.943956376854,50001.903846153844,50005.0,50001.25,50001.021164021164
org.jfree.data.DefaultKeyedValues2D.setValue(Ljava/lang/Number;Ljava/lang/Comparable;Ljava/lang/Comparable;)V 50002.44939620471,50002.0,50002.04347826087,50002.044444444444,50001.0,50003.949425287356,50002.0,50043.56921938165,50001.085106382976,50101.02158788659,50005.56137265807,50006.21052631579,50168.276877526616,50002.98278829604,51730.0,50002.02173913043,50002.02222222222,50002.26111111111,50117.2,50002.00109110747,50002.10540925534,50002.10264542583,50003.0,50002.04255319149,50002.98293515358,50002.00114744693,50002.02222222222,50002.99139414802,50002.99567847882,50002.90809399478,50004.0,50001.22,50002.00000227249
org.jfree.data.DefaultKeyedValues2D.addValue(Ljava/lang/Number;Ljava/lang/Comparable;Ljava/lang/Comparable;)V 50001.42811960897,50001.0,50001.03100775194,50001.03149606299,50000.0,50002.92816091954,50001.0,50041.19950248448,50000.06106870229,50099.582977735474,50003.679615623085,50003.01550387597,50081.29943959954,50001.85427423981,51617.0,50001.01550387597,50001.015748031496,50001.25787401575,50013.72440944882,50001.001069518716,50001.08873565094,50001.08543409055,50002.0,50001.03053435114,50001.864171122994,50001.00114744693,50001.015748031496,50001.92713711991,50001.96219112831,50001.874308697836,50003.0,49999.85,50001.00000159984
org.jfree.data.DefaultKeyedValues2D.getRowIndex(Ljava/lang/Comparable;)I 50002.42811960897,50002.0,50002.03100775194,50002.03149606299,50001.0,50003.92816091954,50002.0,50043.67733196835,50001.06106870229,50101.02158788659,50005.81913425237,50006.4,50168.709327873396,50002.993115318415,51739.0,50002.01550387597,50002.015748031496,50002.25787401575,50291.5,50002.001069518716,50002.08873565094,50002.08543409055,50003.0,50002.03053435114,50002.99313893654,50002.00114744693,50002.015748031496,50002.99655765921,50002.99827586207,50002.874308697836,50004.0,50000.85,50002.00000159984
org.jfree.data.DefaultKeyedValues2D.<init>()V 50001.42006900517,50001.0,50001.02797202797,50001.02836879432,50000.0,50002.92011494253,50001.0,50041.02499219238,50000.05517241379,50100.192463970525,50003.79102599819,50003.01398601398,50080.94998436523,50001.83820998279,51603.0,50001.01398601398,50001.014184397165,50001.25709219858,50012.36170212766,50001.00106157112,50001.08421519211,50001.08072896405,50002.0,50001.027586206896,50001.85031847134,50001.00114744693,50001.014184397165,50001.91910499139,50001.95784753363,50001.86217154189,50003.0,49999.71,50001.000001438704
org.jfree.data.DefaultKeyedValues2D.<init>(Z)V 50001.414318573894,50001.0,50001.02614379085,50001.02649006622,50000.0,50002.91436781609,50001.0,50040.89987468652,50000.051612903226,50100.60919346371,50003.86470864413,50003.013071895424,50080.69943538069,50001.82673551348,51593.0,50001.013071895424,50001.013245033115,50001.25662251656,50011.54304635762,50001.00105596621,50001.081378845876,50001.07776556433,50002.0,50001.02580645162,50001.84054910243,50001.00114744693,50001.013245033115,50001.913367756744,50001.95472263868,50001.85370643103,50003.0,49999.61,50001.000001342145
org.jfree.data.category.DefaultCategoryDataset.addValue(DLjava/lang/Comparable;Ljava/lang/Comparable;)V 50001.21434732605,50001.0,50001.030303030304,50001.015384615384,50000.0,50001.964367816094,50001.0,50041.96339829653,50000.05970149254,50094.276645721984,50002.061127761386,50004.044117647056,50123.81693694275,50001.92541594951,51679.0,50001.01515151515,50001.015384615384,50001.13293650794,50026.81538461539,50001.00055309734,50001.062994078835,50001.06180567593,50002.0,50001.02985074627,50001.92809734513,50001.00057372347,50001.01587301587,50001.96270797476,50001.98099970769,50001.87518872672,50002.0,49999.48,50001.00000053761
org.jfree.data.category.DefaultCategoryDataset.addValue(Ljava/lang/Number;Ljava/lang/Comparable;Ljava/lang/Comparable;)V 50001.19134560092,50001.0,50001.018867924526,50001.009523809524,50000.0,50001.941379310345,50001.0,50041.472212689696,50000.03738317757,50096.50214278633,50002.048572810236,50004.02777777778,50122.34249049694,50001.87951807229,51639.0,50001.00943396227,50001.009523809524,50001.12985436893,50016.6,50001.00054112554,50001.04926646391,50001.047756045395,50002.0,50001.01869158878,50001.88636363636,50001.00057372347,50001.00970873787,50001.93975903615,50001.96894409938,50001.809967396366,50002.0,49999.08,50001.000000326785
org.jfree.data.category.DefaultCategoryDataset.<init>()V 50001.1786946521,50001.0,50001.015625,50001.00787401575,50000.0,50001.92873563219,50001.0,50041.19950248448,50000.03100775194,50097.538166573635,50002.46134483461,50004.02307692308,50121.5238565596,50001.85427423981,51617.0,50001.0078125,50001.00787401575,50001.129,50013.72440944882,50001.00053475936,50001.04472135955,50001.04305746675,50002.0,50001.01550387597,50001.864171122994,50001.00057372347,50001.008,50001.92713711991,50001.96219112831,50001.77807606264,50002.0,49998.86,50001.00000026881
org.jfree.data.general.AbstractDataset.fireDatasetChanged()V 50002.052185163884,50002.0,50002.00574712644,50002.00288184438,50001.0,50002.802298850576,50002.0,50039.36308338454,50001.01146131805,50105.94987483897,50005.08986035137,50005.008571428574,50114.00892821557,50002.60183591509,51398.0,50002.002873563215,50002.00288184438,50002.12644927536,50006.023054755045,50002.0004784689,50002.0269190951,50002.02408414802,50003.0,50002.005730659024,50002.667942583736,50002.00057372347,50002.00289855072,50002.800917957546,50002.889455240525,50002.55826645265,50003.0,49997.66,50002.000000096894
org.jfree.data.general.AbstractDataset.notifyListeners(Lorg/jfree/data/general/DatasetChangeEvent;)V 50002.02860839563,50002.0,50002.005141388174,50002.00257731959,50001.0,50002.778735632186,50002.0,50042.62019202318,50001.010256410256,50107.02405471832,50005.259051529254,50006.0412371134,50164.48076809272,50002.89328743546,51652.0,50002.00257069409,50002.00257731959,50002.126295336784,50019.74193548387,50002.00046926326,50002.02544932993,50002.0224313443,50003.0,50002.00512820513,50002.89869281046,50002.00057372347,50002.002590673575,50002.946643717725,50002.97259062776,50002.53034461726,50003.0,49999.21,50002.00000008658
org.jfree.data.general.DatasetChangeEvent.<init>(Ljava/lang/Object;Lorg/jfree/data/general/Dataset;)V 50000.988355376656,50001.0,50001.00435729847,50001.00218340611,50000.0,50001.738505747126,50001.0,50036.84689665787,50000.00869565218,50107.733366855675,50004.51151377723,50004.00650759219,50108.45696813143,50001.474469305795,51286.0,50001.002178649236,50001.00218340611,50001.12609649123,50003.805676855896,50001.00045433894,50001.02341464529,50001.0200961814,50002.0,50001.004347826085,50001.583825533846,50001.00057372347,50001.00219298246,50001.737234652894,50001.848745046234,50001.48862039899,50002.0,49995.55,50001.000000073254
org.jfree.data.general.AbstractDataset.<init>()V 50001.9791546866,50002.0,50002.00421052631,50002.00210970464,50001.0,50002.729310344825,50002.0,50037.62302626111,50001.008403361346,50109.105172262185,50005.56406150539,50005.00628930818,50108.784830383345,50002.456110154904,51271.0,50002.00210526316,50002.00210970464,50002.126059322036,50004.67721518988,50002.00045105999,50002.02301436545,50002.019628887785,50003.0,50002.00420168067,50002.572395128554,50002.00057372347,50002.002118644064,50002.72805507745,50002.842629482075,50002.47998895943,50003.0,49996.39,50002.000000070766
org.jfree.data.general.DatasetGroup.<init>()V 50000.97857964347,50001.0,50001.00420168067,50001.00210526316,50000.0,50001.72873563218,50001.0,50036.60898762953,50000.00838574424,50108.128198830374,50004.56729042585,50004.00627615063,50107.742681247946,50001.454962707976,51269.0,50001.002100840335,50001.00210526316,50001.12605708245,50003.66947368421,50001.00045085663,50001.022990024496,50001.01960037576,50002.0,50001.00419287212,50001.57168620379,50001.00057372347,50001.002114164905,50001.727481353984,50001.842245101296,50001.47945960849,50002.0,49995.38,50001.00000007062
