org.jfree.chart.plot.CategoryPlot.getDomainAxisIndex(Lorg/jfree/chart/axis/CategoryAxis;)I 50002.5,50002.0,50003.0,50003.0,50001.0,50003.0,50002.0,50043.55718951036,50002.333333333336,50087.09031231137,50003.0,50003.5,50043.53311931459,50002.99884259259,51729.0,50002.5,50003.0,50002.75,51729.0,50002.000578369,50002.707106781185,50002.70690203041,50003.0,50002.666666666664,50002.998843262,50002.0005787037,50003.0,50002.9994212963,50002.9997105644,50003.0,50003.0,50003.0,50002.5
org.jfree.chart.plot.CategoryPlot.getRangeAxisIndex(Lorg/jfree/chart/axis/ValueAxis;)I 50006.5,50006.0,50007.0,50007.0,50005.0,50007.0,50006.0,50047.55718951036,50006.333333333336,50091.09031231137,50007.0,50007.5,50047.53311931459,50006.99884259259,51733.0,50006.5,50007.0,50006.75,51733.0,50006.000578369,50006.707106781185,50006.70690203041,50007.0,50006.666666666664,50006.998843262,50006.0005787037,50007.0,50006.9994212963,50006.9997105644,50007.0,50007.0,50007.0,50006.5
org.jfree.chart.plot.CategoryPlot.setDomainAxis(ILorg/jfree/chart/axis/CategoryAxis;Z)V 50002.49768250289,50002.0,50002.333333333336,50002.2,50001.0,50002.99768384482,50002.0,50043.509035161034,50001.57142857143,50089.736063622426,50003.28286839195,50003.166666666664,50043.48493702538,50002.99421296296,51725.0,50002.166666666664,50002.2,50002.35,50346.6,50002.00057703404,50002.316227766016,50002.31576945148,50003.0,50002.28571428572,50002.99422965955,50002.0005787037,50002.2,50002.99710648148,50002.9985511446,50002.99538638985,50003.0,50000.8,50002.000024996254
org.jfree.chart.plot.CategoryPlot.setDomainAxis(ILorg/jfree/chart/axis/CategoryAxis;)V 50001.49594438007,50001.0,50001.22222222222,50001.125,50000.0,50001.99594672843,50001.0,50042.47288270666,50000.4,50088.736063622426,50002.28286839195,50002.11111111111,50042.44876355212,50001.99074074074,51721.0,50001.11111111111,50001.125,50001.3125,50216.0,50001.000576036866,50001.25,50001.249419995016,50002.0,50001.2,50001.99078341014,50001.0005787037,50001.125,50001.99537037037,50001.99767981438,50001.99195402299,50002.0,49999.5,50001.000014283876
org.jfree.chart.plot.CategoryPlot.setRangeAxis(ILorg/jfree/chart/axis/ValueAxis;Z)V 50002.49594438007,50002.0,50002.22222222222,50002.125,50001.0,50002.99594672843,50002.0,50043.48493702538,50001.4,50090.25258997153,50003.47046851723,50004.22222222222,50084.96987405077,50002.991898148146,51723.0,50002.11111111111,50002.125,50002.3125,50247.857142857145,50002.000576036866,50002.25,50002.249419995016,50003.0,50002.2,50002.991930835735,50002.0005787037,50002.125,50002.99594907407,50002.99797042621,50002.99195402299,50003.0,50000.5,50002.000014283876
org.jfree.chart.axis.NumberAxis.autoAdjustRange()V 50002.97682502897,50002.0,50002.09523809524,50002.1,51688.0,50003.97683844818,50003.0,50043.53311931459,50001.181818181816,50102.39444700701,50005.64748333727,50004.4,50085.06623862918,50002.99652777778,51727.0,50002.04761904762,50002.05,50002.52380952381,50577.0,50002.00113122172,50002.21821789024,50002.2156744713,50002.0,50002.09090909091,50002.99653379549,50002.00115740741,50002.04761904762,50002.99826388889,50002.99913119027,50002.97734994337,50004.0,50001.7,50002.04761904762
org.jfree.chart.plot.CategoryPlot.getDataRange(Lorg/jfree/chart/axis/ValueAxis;)Lorg/jfree/data/Range; 50002.9449594438,50002.0,50002.166666666664,50002.09090909091,51633.0,50003.94499131442,50003.0,50043.496987842496,50001.307692307695,50098.8882712825,50005.13016916015,50004.25,50084.993975684985,50002.993055555555,51724.0,50002.083333333336,50002.09090909091,50002.510309278354,50289.0,50002.0010970927,50002.21320071635,50002.212520289984,50003.0,50002.153846153844,50002.993079584776,50002.00115740741,50002.09090909091,50002.99652777778,50002.998260869565,50002.98854524628,50004.0,50001.15,50002.0206185567
org.jfree.chart.plot.CategoryPlot.setRangeAxis(ILorg/jfree/chart/axis/ValueAxis;)V 50001.494206257245,50001.0,50001.166666666664,50001.09090909091,50000.0,50001.99420961204,50001.0,50042.436698710204,50000.307692307695,50089.25258997153,50002.47046851723,50002.083333333336,50042.412558481694,50001.98726851852,51718.0,50001.083333333336,50001.09090909091,50001.295454545456,50157.09090909091,50001.00057504313,50001.21320071635,50001.212520289984,50002.0,50001.153846153844,50001.98734905118,50001.0005787037,50001.09090909091,50001.99363425926,50001.99680696662,50001.98854524628,50002.0,49999.2,50001.0000099988
org.jfree.chart.axis.ValueAxis.getDefaultAutoRange()Lorg/jfree/data/Range; 50001.974507531864,50001.0,50001.086956521736,50001.09090909091,51683.0,50002.97452229299,50002.0,50042.03656905737,50000.166666666664,50094.723561892075,50003.5755095769,50001.0,50001.0,50001.94907407407,51685.0,50001.04347826087,50001.045454545456,50001.52173913043,50039.27272727273,50001.00112866817,50001.20851441406,50001.20583948283,50001.0,50001.083333333336,50001.95033860045,50001.00115740741,50001.04347826087,50001.97453703704,50001.98710433763,50001.97514124294,50003.0,50000.66,50001.04347826087
org.jfree.chart.util.AbstractObjectList.indexOf(Ljava/lang/Object;)I 50002.953650057934,50002.0,50002.04878048781,50002.05,51648.0,50003.95367689635,50003.0,50042.59556626037,50001.09523809524,50101.97441103809,50005.58944267634,50002.0,50002.0,50002.90740740741,51650.0,50002.0243902439,50002.025,50002.51219512195,50022.6,50002.00110619469,50002.15617376189,50002.152511499604,50002.0,50002.04761904762,50002.91150442478,50002.00115740741,50002.0243902439,50002.9537037037,50002.97630331753,50002.95570321152,50004.0,50001.3,50002.0243902439
org.jfree.chart.plot.CategoryPlot.<init>(Lorg/jfree/data/category/CategoryDataset;Lorg/jfree/chart/axis/CategoryAxis;Lorg/jfree/chart/axis/ValueAxis;Lorg/jfree/chart/renderer/category/CategoryItemRenderer;)V 50001.947276940904,50001.0,50001.04301075269,50001.043956043955,51636.0,50002.9473074696,50002.0,50041.509258201055,50000.084210526315,50098.189817249724,50004.17797182781,50003.02247191011,50082.01851640212,50001.899305555555,51642.0,50001.021505376346,50001.02197802198,50001.51075268817,50019.862068965514,50001.00109950522,50001.14664711502,50001.1427289288,50001.0,50001.04210526316,50001.90413223141,50001.00115740741,50001.021505376346,50001.94965277778,50001.974176313444,50001.94991744634,50003.0,50000.19,50001.021505376346
org.jfree.chart.axis.CategoryAxis.configure()V 50001.946118192354,50001.0,50001.04210526316,50001.04301075269,51634.0,50002.94614939201,50002.0,50041.43513323831,50000.0824742268,50097.73396307236,50004.10542279907,50001.0,50001.0,50001.89236111111,51636.0,50001.02105263158,50001.021505376346,50001.51052631579,50018.58064516129,50001.00109829764,50001.14509525002,50001.141132128636,50001.0,50001.0412371134,50001.89785831961,50001.00115740741,50001.02105263158,50001.946180555555,50001.97234611954,50001.948873007146,50003.0,50000.17,50001.02105263158
org.jfree.chart.plot.CategoryPlot.configureDomainAxes()V 50002.946118192354,50002.0,50002.04210526316,50002.04301075269,51635.0,50003.94614939201,50003.0,50042.43513323831,50001.0824742268,50099.189817249724,50005.17797182781,50002.0,50002.0,50002.89236111111,51637.0,50002.02105263158,50002.021505376346,50002.51052631579,50019.58064516129,50002.00109829764,50002.14509525002,50002.141132128636,50002.0,50002.0412371134,50002.89785831961,50002.00115740741,50002.02105263158,50002.946180555555,50002.97234611954,50002.948873007146,50004.0,50001.17,50002.02105263158
org.jfree.chart.plot.CategoryPlot.configureRangeAxes()V 50001.94438006952,50001.0,50001.04081632653,50001.041666666664,51631.0,50002.944412275625,50002.0,50041.39801975345,50000.08,50098.189817249724,50004.17797182781,50001.0,50001.0,50001.88888888889,51633.0,50001.02040816326,50001.020833333336,50001.510204081635,50018.0,50001.00109649123,50001.142857142855,50001.13882745637,50001.0,50001.04,50001.89473684211,50001.00115740741,50001.02040816326,50001.944444444445,50001.97142857143,50001.94731064764,50003.0,50000.14,50001.02040816326
org.jfree.chart.plot.CategoryPlot.datasetChanged(Lorg/jfree/data/general/DatasetChangeEvent;)V 50001.94438006952,50001.0,50001.04081632653,50001.041666666664,51631.0,50002.944412275625,50002.0,50042.52107898406,50000.08,50098.189817249724,50004.17797182781,50003.333333333336,50084.042157968106,50001.99537037037,51725.0,50001.02040816326,50001.020833333336,50001.510204081635,50432.0,50001.00109649123,50001.142857142855,50001.13882745637,50001.0,50001.04,50001.995381062356,50001.00115740741,50001.02040816326,50001.99768518518,50001.99884125145,50001.94731064764,50003.0,50000.14,50001.02040816326
org.jfree.chart.plot.CategoryPlot.datasetsMappedToRangeAxis(I)Ljava/util/List; 50001.94438006952,50001.0,50001.04081632653,50001.041666666664,51631.0,50002.944412275625,50002.0,50042.44876355212,50000.08,50097.8882712825,50004.13016916015,50003.166666666664,50083.89752710425,50001.98842592593,51719.0,50001.02040816326,50001.020833333336,50001.510204081635,50172.8,50001.00109649123,50001.142857142855,50001.13882745637,50001.0,50001.04,50001.98849252014,50001.00115740741,50001.02040816326,50001.99421296296,50001.997098084736,50001.94731064764,50003.0,50000.14,50001.02040816326
org.jfree.chart.plot.CategoryPlot.addRangeMarker(ILorg/jfree/chart/plot/Marker;Lorg/jfree/chart/util/Layer;)V 50001.940903823874,50001.0,50001.03846153846,50001.03921568627,51625.0,50002.94093804285,50002.0,50042.46082488326,50000.07547169811,50098.189817249724,50004.17797182781,50003.181818181816,50083.92164976651,50001.989583333336,51720.0,50001.019230769234,50001.01960784314,50001.50961538462,50192.0,50001.00109289618,50001.13867504906,50001.134515070924,50001.0,50001.03773584906,50001.9896373057,50001.00115740741,50001.019230769234,50001.994791666664,50001.997389033946,50001.94420131291,50003.0,50000.08,50001.019230769234
org.jfree.chart.plot.CategoryPlot.addRangeMarker(Lorg/jfree/chart/plot/Marker;Lorg/jfree/chart/util/Layer;)V 50001.940903823874,50001.0,50001.03846153846,50001.03921568627,51625.0,50002.94093804285,50002.0,50041.32369030731,50000.07547169811,50098.189817249724,50004.17797182781,50001.0,50001.0,50001.881944444445,51627.0,50001.019230769234,50001.01960784314,50001.50961538462,50016.94117647059,50001.00109289618,50001.13867504906,50001.134515070924,50001.0,50001.03773584906,50001.88852459016,50001.00115740741,50001.019230769234,50001.94097222222,50001.96958855099,50001.94420131291,50003.0,50000.08,50001.019230769234
org.jfree.chart.plot.CategoryPlot.getDataset(I)Lorg/jfree/data/category/CategoryDataset; 50001.940903823874,50001.0,50001.03846153846,50001.03921568627,51625.0,50002.94093804285,50002.0,50041.32369030731,50000.07547169811,50098.189817249724,50004.17797182781,50001.0,50001.0,50001.881944444445,51627.0,50001.019230769234,50001.01960784314,50001.50961538462,50016.94117647059,50001.00109289618,50001.13867504906,50001.134515070924,50001.0,50001.03773584906,50001.88852459016,50001.00115740741,50001.019230769234,50001.94097222222,50001.96958855099,50001.94420131291,50003.0,50000.08,50001.019230769234
org.jfree.chart.plot.CategoryPlot.getRangeAxis(I)Lorg/jfree/chart/axis/ValueAxis; 50001.940903823874,50001.0,50001.03846153846,50001.03921568627,51625.0,50002.94093804285,50002.0,50042.48493702538,50000.07547169811,50098.189817249724,50004.17797182781,50003.22222222222,50083.96987405077,50001.991898148146,51722.0,50001.019230769234,50001.01960784314,50001.50961538462,50246.857142857145,50001.00109289618,50001.13867504906,50001.134515070924,50001.0,50001.03773584906,50001.991930835735,50001.00115740741,50001.019230769234,50001.99594907407,50001.99797042621,50001.94420131291,50003.0,50000.08,50001.019230769234
org.jfree.chart.plot.CategoryPlot.mapDatasetToDomainAxis(II)V 50001.940903823874,50001.0,50001.03846153846,50001.03921568627,51625.0,50002.94093804285,50002.0,50041.32369030731,50000.07547169811,50098.189817249724,50004.17797182781,50001.0,50001.0,50001.881944444445,51627.0,50001.019230769234,50001.01960784314,50001.50961538462,50016.94117647059,50001.00109289618,50001.13867504906,50001.134515070924,50001.0,50001.03773584906,50001.88852459016,50001.00115740741,50001.019230769234,50001.94097222222,50001.96958855099,50001.94420131291,50003.0,50000.08,50001.019230769234
org.jfree.chart.plot.CategoryPlot.mapDatasetToRangeAxis(II)V 50001.940903823874,50001.0,50001.03846153846,50001.03921568627,51625.0,50002.94093804285,50002.0,50041.32369030731,50000.07547169811,50098.189817249724,50004.17797182781,50001.0,50001.0,50001.881944444445,51627.0,50001.019230769234,50001.01960784314,50001.50961538462,50016.94117647059,50001.00109289618,50001.13867504906,50001.134515070924,50001.0,50001.03773584906,50001.88852459016,50001.00115740741,50001.019230769234,50001.94097222222,50001.96958855099,50001.94420131291,50003.0,50000.08,50001.019230769234
org.jfree.chart.plot.CategoryPlot.setDomainAxisLocation(ILorg/jfree/chart/axis/AxisLocation;Z)V 50001.940903823874,50001.0,50001.03846153846,50001.03921568627,51625.0,50002.94093804285,50002.0,50042.53311931459,50000.07547169811,50098.189817249724,50004.17797182781,50003.4,50084.06623862918,50001.99652777778,51726.0,50001.019230769234,50001.01960784314,50001.50961538462,50576.0,50001.00109289618,50001.13867504906,50001.134515070924,50001.0,50001.03773584906,50001.99653379549,50001.00115740741,50001.019230769234,50001.99826388889,50001.99913119027,50001.94420131291,50003.0,50000.08,50001.019230769234
org.jfree.chart.plot.CategoryPlot.setDomainAxisLocation(Lorg/jfree/chart/axis/AxisLocation;Z)V 50001.940903823874,50001.0,50001.03846153846,50001.03921568627,51625.0,50002.94093804285,50002.0,50041.32369030731,50000.07547169811,50098.189817249724,50004.17797182781,50001.0,50001.0,50001.881944444445,51627.0,50001.019230769234,50001.01960784314,50001.50961538462,50016.94117647059,50001.00109289618,50001.13867504906,50001.134515070924,50001.0,50001.03773584906,50001.88852459016,50001.00115740741,50001.019230769234,50001.94097222222,50001.96958855099,50001.94420131291,50003.0,50000.08,50001.019230769234
org.jfree.chart.plot.CategoryPlot.setRangeAxisLocation(ILorg/jfree/chart/axis/AxisLocation;Z)V 50001.940903823874,50001.0,50001.03846153846,50001.03921568627,51625.0,50002.94093804285,50002.0,50042.53311931459,50000.07547169811,50098.189817249724,50004.17797182781,50003.4,50084.06623862918,50001.99652777778,51726.0,50001.019230769234,50001.01960784314,50001.50961538462,50576.0,50001.00109289618,50001.13867504906,50001.134515070924,50001.0,50001.03773584906,50001.99653379549,50001.00115740741,50001.019230769234,50001.99826388889,50001.99913119027,50001.94420131291,50003.0,50000.08,50001.019230769234
org.jfree.chart.plot.CategoryPlot.setRangeAxisLocation(Lorg/jfree/chart/axis/AxisLocation;Z)V 50001.940903823874,50001.0,50001.03846153846,50001.03921568627,51625.0,50002.94093804285,50002.0,50041.32369030731,50000.07547169811,50098.189817249724,50004.17797182781,50001.0,50001.0,50001.881944444445,51627.0,50001.019230769234,50001.01960784314,50001.50961538462,50016.94117647059,50001.00109289618,50001.13867504906,50001.134515070924,50001.0,50001.03773584906,50001.88852459016,50001.00115740741,50001.019230769234,50001.94097222222,50001.96958855099,50001.94420131291,50003.0,50000.08,50001.019230769234
org.jfree.chart.plot.ValueMarker.<init>(DLjava/awt/Paint;Ljava/awt/Stroke;Ljava/awt/Paint;Ljava/awt/Stroke;F)V 50001.94032444959,50001.0,50001.038095238095,50001.038834951454,51624.0,50002.94035900405,50002.0,50041.31128874149,50000.07476635514,50098.23920387646,50004.185732500555,50001.0,50001.0,50001.88078703704,51626.0,50001.01904761905,50001.01941747573,50001.509523809524,50016.77669902913,50001.00109229929,50001.13801311187,50001.13383176715,50001.0,50001.03738317757,50001.887493173126,50001.00115740741,50001.01904761905,50001.94039351852,50001.96928124068,50001.94368507381,50003.0,50000.07,50001.01904761905
org.jfree.chart.axis.Axis.setTickMarksVisible(Z)V 50001.93742757822,50001.0,50001.03636363636,50001.03703703704,51619.0,50002.93746381008,50002.0,50041.249223595,50000.07142857143,50098.48261715678,50004.22370979547,50001.0,50001.0,50001.875,51621.0,50001.01818181818,50001.01851851852,50001.509090909094,50016.0,50001.00108932462,50001.134839972496,50001.130553199066,50001.0,50001.03571428572,50001.882352941175,50001.00115740741,50001.01818181818,50001.9375,50001.967741935485,50001.94111232279,50003.0,50000.02,50001.01818181818
org.jfree.chart.axis.CategoryAxis.<init>(Ljava/lang/String;)V 50001.93742757822,50001.0,50001.03636363636,50001.03703703704,51619.0,50002.93746381008,50002.0,50041.249223595,50000.07142857143,50098.48261715678,50004.22370979547,50001.0,50001.0,50001.875,51621.0,50001.01818181818,50001.01851851852,50001.509090909094,50016.0,50001.00108932462,50001.134839972496,50001.130553199066,50001.0,50001.03571428572,50001.882352941175,50001.00115740741,50001.01818181818,50001.9375,50001.967741935485,50001.94111232279,50003.0,50000.02,50001.01818181818
org.jfree.chart.plot.Marker.addChangeListener(Lorg/jfree/chart/event/MarkerChangeListener;)V 50001.928157589806,50001.0,50001.031746031746,50001.032258064515,51603.0,50002.928199189344,50002.0,50041.049968789004,50000.0625,50099.22584103703,50004.33699396548,50001.0,50001.0,50001.85648148148,51605.0,50001.01587301587,50001.01612903226,50001.50793650794,50013.93548387097,50001.00107991361,50001.12598815767,50001.12137817001,50001.0,50001.03125,50001.86609071274,50001.00115740741,50001.01587301587,50001.92824074074,50001.96278511405,50001.93297297297,50003.0,49999.86,50001.01587301587
org.jfree.chart.plot.Marker.<init>(Ljava/awt/Paint;Ljava/awt/Stroke;Ljava/awt/Paint;Ljava/awt/Stroke;F)V 50001.92178447277,50001.0,50001.029197080294,50001.02962962963,51592.0,50002.92182976259,50002.0,50040.91240408695,50000.05755395684,50099.709262349985,50004.408658099404,50001.0,50001.0,50001.84375,51594.0,50001.01459854015,50001.014814814815,50001.50729927007,50012.8,50001.00107353731,50001.120824418664,50001.1160030501,50001.0,50001.02877697842,50001.85507246377,50001.00115740741,50001.01459854015,50001.921875,50001.9593495935,50001.92745835572,50003.0,49999.75,50001.01459854015
org.jfree.chart.util.ObjectList.indexOf(Ljava/lang/Object;)I 50001.90382387022,50001.00371747212,50001.02380952381,50001.02409638554,51561.0,50002.90387955993,50002.0,50040.52214569074,50000.04705882353,50100.97441103809,50004.58944267634,50001.0,50001.0,50001.80787037037,51563.0,50001.01190476191,50001.01204819277,50001.505952380954,50010.409638554214,50001.00105596621,50001.109108945115,50001.10372949426,50001.0,50001.02352941177,50001.82470960929,50001.00115740741,50001.01190476191,50001.90393518518,50001.94954407295,50001.912262156446,50003.0,49999.44,50001.01190476191
org.jfree.chart.axis.NumberAxis.configure()V 50001.90092699884,50001.0,50001.02312138728,50001.023391812865,51556.0,50002.90098436595,50002.0,50040.4588393139,50000.04571428571,50101.16700914199,50004.61617157096,50001.0,50001.0,50001.802083333336,51558.0,50001.011560693645,50001.01169590643,50001.50578034682,50010.10526315789,50001.001053185886,50001.10752066611,50001.10205557813,50001.0,50001.02285714286,50001.81990521327,50001.00115740741,50001.011560693645,50001.901041666664,50001.94794520548,50001.909857670005,50003.0,49999.39,50001.011560693645
org.jfree.chart.axis.NumberAxis.getAutoRangeIncludesZero()Z 50001.90092699884,50001.0,50001.02312138728,50001.023391812865,51556.0,50002.90098436595,50002.0,50040.4588393139,50000.04571428571,50101.16700914199,50004.61617157096,50001.0,50001.0,50001.802083333336,51558.0,50001.011560693645,50001.01169590643,50001.50578034682,50010.10526315789,50001.001053185886,50001.10752066611,50001.10205557813,50001.0,50001.02285714286,50001.81990521327,50001.00115740741,50001.011560693645,50001.901041666664,50001.94794520548,50001.909857670005,50003.0,49999.39,50001.011560693645
org.jfree.chart.axis.NumberAxis.getAutoRangeStickyZero()Z 50001.90092699884,50001.0,50001.02312138728,50001.023391812865,51556.0,50002.90098436595,50002.0,50040.4588393139,50000.04571428571,50101.16700914199,50004.61617157096,50001.0,50001.0,50001.802083333336,51558.0,50001.011560693645,50001.01169590643,50001.50578034682,50010.10526315789,50001.001053185886,50001.10752066611,50001.10205557813,50001.0,50001.02285714286,50001.81990521327,50001.00115740741,50001.011560693645,50001.901041666664,50001.94794520548,50001.909857670005,50003.0,49999.39,50001.011560693645
org.jfree.chart.axis.ValueAxis.getAutoRangeMinimumSize()D 50001.898030127464,50001.0,50001.02247191011,50001.02272727273,51551.0,50002.89808917198,50002.0,50040.39543120719,50000.044444444444,50101.35681147278,50004.64232057368,50001.0,50001.0,50001.7962962963,51553.0,50001.011235955055,50001.01136363636,50001.50561797753,50009.818181818184,50001.00105042017,50001.105999788,50001.10045011772,50001.0,50001.02222222222,50001.815126050424,50001.00115740741,50001.011235955055,50001.898148148146,50001.946341463416,50001.90746582545,50003.0,49999.34,50001.011235955055
org.jfree.chart.axis.ValueAxis.getFixedAutoRange()D 50001.898030127464,50001.0,50001.02247191011,50001.02272727273,51551.0,50002.89808917198,50002.0,50040.39543120719,50000.044444444444,50101.35681147278,50004.64232057368,50001.0,50001.0,50001.7962962963,51553.0,50001.011235955055,50001.01136363636,50001.50561797753,50009.818181818184,50001.00105042017,50001.105999788,50001.10045011772,50001.0,50001.02222222222,50001.815126050424,50001.00115740741,50001.011235955055,50001.898148148146,50001.946341463416,50001.90746582545,50003.0,49999.34,50001.011235955055
org.jfree.chart.axis.ValueAxis.getLowerMargin()D 50001.898030127464,50001.0,50001.02247191011,50001.02272727273,51551.0,50002.89808917198,50002.0,50040.39543120719,50000.044444444444,50101.35681147278,50004.64232057368,50001.0,50001.0,50001.7962962963,51553.0,50001.011235955055,50001.01136363636,50001.50561797753,50009.818181818184,50001.00105042017,50001.105999788,50001.10045011772,50001.0,50001.02222222222,50001.815126050424,50001.00115740741,50001.011235955055,50001.898148148146,50001.946341463416,50001.90746582545,50003.0,49999.34,50001.011235955055
org.jfree.chart.axis.ValueAxis.getUpperMargin()D 50001.898030127464,50001.0,50001.02247191011,50001.02272727273,51551.0,50002.89808917198,50002.0,50040.39543120719,50000.044444444444,50101.35681147278,50004.64232057368,50001.0,50001.0,50001.7962962963,51553.0,50001.011235955055,50001.01136363636,50001.50561797753,50009.818181818184,50001.00105042017,50001.105999788,50001.10045011772,50001.0,50001.02222222222,50001.815126050424,50001.00115740741,50001.011235955055,50001.898148148146,50001.946341463416,50001.90746582545,50003.0,49999.34,50001.011235955055
org.jfree.chart.axis.Axis.addChangeListener(Lorg/jfree/chart/event/AxisChangeListener;)V 50001.89745075319,50001.0,50001.022346368714,50001.022598870055,51550.0,50002.89751013318,50002.0,50040.38273733503,50000.044198895026,50101.39444700701,50004.64748333727,50001.0,50001.0,50001.79513888889,51552.0,50001.01117318436,50001.01129943503,50001.50558659218,50009.76271186441,50001.00104986877,50001.10570328451,50001.10013681999,50001.0,50001.02209944752,50001.81417322835,50001.00115740741,50001.01117318436,50001.897569444445,50001.94602012809,50001.906988964794,50003.0,49999.33,50001.01117318436
org.jfree.chart.axis.Axis.setPlot(Lorg/jfree/chart/plot/Plot;)V 50001.89745075319,50001.0,50001.022346368714,50001.022598870055,51550.0,50002.89751013318,50002.0,50040.38273733503,50000.044198895026,50101.39444700701,50004.64748333727,50001.0,50001.0,50001.79513888889,51552.0,50001.01117318436,50001.01129943503,50001.50558659218,50009.76271186441,50001.00104986877,50001.10570328451,50001.10013681999,50001.0,50001.02209944752,50001.81417322835,50001.00115740741,50001.01117318436,50001.897569444445,50001.94602012809,50001.906988964794,50003.0,49999.33,50001.01117318436
org.jfree.chart.axis.ValueAxis.isAutoRange()Z 50001.8899188876,50001.0,50001.020833333336,50001.02105263158,51537.0,50002.88998262883,50002.0,50040.21734310225,50000.0412371134,50101.874361063456,50004.712687537634,50001.0,50001.0,50001.78009259259,51539.0,50001.010416666664,50001.01052631579,50001.505208333336,50009.094736842104,50001.00104275287,50001.10206207262,50001.09628077904,50001.0,50001.0206185567,50001.80187695516,50001.00115740741,50001.010416666664,50001.8900462963,50001.94182486222,50001.900835073066,50003.0,49999.2,50001.010416666664
org.jfree.chart.plot.Plot.getParent()Lorg/jfree/chart/plot/Plot; 50001.88876013905,50001.0,50001.0206185567,50001.020833333336,51535.0,50002.88882455124,50002.0,50040.19183588453,50000.04081632653,50101.94671877191,50004.72241943641,50001.0,50001.0,50001.77777777778,51537.0,50001.010309278354,50001.010416666664,50001.50515463918,50009.0,50001.00104166667,50001.101534616515,50001.09572082145,50001.0,50001.02040816326,50001.8,50001.00115740741,50001.010309278354,50001.88888888889,50001.94117647059,50001.89989572472,50003.0,49999.18,50001.010309278354
org.jfree.chart.axis.NumberAxis.<init>(Ljava/lang/String;)V 50001.886442641946,50001.0,50001.020202020205,50001.02040816326,51531.0,50002.88650839606,50002.0,50040.14077158156,50000.04,50102.09031231137,50004.741657386774,50001.0,50001.0,50001.773148148146,51533.0,50001.0101010101,50001.010204081635,50001.50505050505,50008.816326530614,50001.00103950104,50001.10050378153,50001.094625398706,50001.0,50001.02,50001.79625779626,50001.00115740741,50001.0101010101,50001.88657407407,50001.93987730061,50001.89802289282,50003.0,49999.14,50001.0101010101
org.jfree.chart.axis.NumberAxis.createStandardTickUnits()Lorg/jfree/chart/axis/TickUnitSource; 50001.886442641946,50001.0,50001.020202020205,50001.02040816326,51531.0,50002.88650839606,50002.0,50040.14077158156,50000.04,50102.09031231137,50004.741657386774,50001.0,50001.0,50001.773148148146,51533.0,50001.0101010101,50001.010204081635,50001.50505050505,50008.816326530614,50001.00103950104,50001.10050378153,50001.094625398706,50001.0,50001.02,50001.79625779626,50001.00115740741,50001.0101010101,50001.88657407407,50001.93987730061,50001.89802289282,50003.0,49999.14,50001.0101010101
org.jfree.chart.event.ChartChangeEvent.setType(Lorg/jfree/chart/event/ChartChangeEventType;)V 50001.88586326767,50001.0,50001.020100502516,50001.02030456853,51530.0,50002.88592935727,50002.0,50040.127995093026,50000.03980099502,50102.125981158984,50004.74642080493,50001.0,50001.0,50001.77199074074,51532.0,50001.01005025126,50001.01015228427,50001.505025125625,50008.77157360406,50001.00103896104,50001.100250941425,50001.09435649643,50001.0,50001.019900497515,50001.795324675324,50001.00115740741,50001.01005025126,50001.88599537037,50001.93955200982,50001.89755590224,50003.0,49999.13,50001.01005025126
org.jfree.chart.axis.TickUnit.compareTo(Ljava/lang/Object;)I 50001.885283893396,50001.0,50001.02,50001.020202020205,51529.0,50002.88535031847,50002.0,50041.85339643163,50000.039603960395,50103.32185852309,50004.90276135726,50003.03278688525,50082.70679286326,50001.93171296296,51670.0,50001.01,50001.0101010101,50001.505,50029.28813559322,50001.0010384216,50001.1,50001.09408952617,50001.0,50001.0198019802,50001.933967543366,50001.00115740741,50001.01,50001.96585648148,50001.98263173388,50001.89708939709,50003.0,49999.12,50001.01
org.jfree.chart.util.ObjectList.get(I)Ljava/lang/Object; 50001.88470451912,50001.00371747212,50001.019900497515,50001.020100502516,51528.0,50002.88477127968,50002.0,50040.102429592036,50000.03940886699,50102.19704829103,50004.75589349951,50001.0,50001.0,50001.76967592593,51530.0,50001.00995024876,50001.01005025126,50001.50497512438,50008.68341708543,50001.00103788272,50001.09975093361,50001.09382446398,50001.0,50001.0197044335,50001.79346133887,50001.00115740741,50001.00995024876,50001.88483796296,50001.93890082899,50001.896623376626,50003.0,49999.11,50001.00995024876
org.jfree.chart.util.ObjectList.set(ILjava/lang/Object;)V 50001.88412514485,50001.00371747212,50001.0198019802,50001.02,51527.0,50002.88419224088,50002.0,50040.08964057139,50000.03921568627,50102.232447935094,50004.760603093084,50001.0,50001.0,50001.76851851852,51529.0,50001.0099009901,50001.01,50001.50495049505,50008.64,50001.001037344395,50001.09950371902,50001.09356128636,50001.0,50001.01960784314,50001.79253112033,50001.00115740741,50001.0099009901,50001.88425925926,50001.93857493858,50001.896157840085,50003.0,49999.1,50001.0099009901
org.jfree.chart.axis.ValueAxis.setRange(Lorg/jfree/data/Range;ZZ)V 50001.880069524916,50001.0,50001.01913875598,50001.0193236715,51520.0,50002.88013896931,50002.0,50042.18252056395,50000.037914691944,50102.4778068813,50004.79308509922,50003.05882352941,50083.365041127894,50001.96296296296,51697.0,50001.00956937799,50001.00966183575,50001.504784688994,50054.0,50001.00103359173,50001.09782319761,50001.0917699185,50001.0,50001.01895734597,50001.96363636364,50001.00115740741,50001.00956937799,50001.98148148148,50001.990654205605,50001.89291257114,50003.0,49999.03,50001.00956937799
org.jfree.data.Range.getLowerBound()D 50001.878331402084,50001.0,50001.018867924526,50001.01904761905,51517.0,50002.878401852926,50002.0,50039.961519477554,50000.03738317757,50102.58168905755,50004.80675409584,50001.0,50001.0,50001.756944444445,51519.0,50001.00943396227,50001.009523809524,50001.50471698113,50008.22857142857,50001.00103199174,50001.09712858623,50001.091028266506,50001.0,50001.01869158878,50001.78328173375,50001.00115740741,50001.00943396227,50001.87847222222,50001.93530499076,50001.89152892562,50003.0,49999.0,50001.00943396227
org.jfree.data.Range.getUpperBound()D 50001.878331402084,50001.0,50001.018867924526,50001.01904761905,51517.0,50002.878401852926,50002.0,50039.961519477554,50000.03738317757,50102.58168905755,50004.80675409584,50001.0,50001.0,50001.756944444445,51519.0,50001.00943396227,50001.009523809524,50001.50471698113,50008.22857142857,50001.00103199174,50001.09712858623,50001.091028266506,50001.0,50001.01869158878,50001.78328173375,50001.00115740741,50001.00943396227,50001.87847222222,50001.93530499076,50001.89152892562,50003.0,49999.0,50001.00943396227
org.jfree.chart.axis.Axis.getPlot()Lorg/jfree/chart/plot/Plot; 50001.87775202781,50001.0,50001.018779342725,50001.01895734597,51516.0,50002.87782281413,50002.0,50039.948684188304,50000.037209302325,50102.616151357695,50004.81127787577,50001.0,50001.0,50001.75578703704,51518.0,50001.00938967136,50001.00947867298,50001.50469483568,50008.18957345971,50001.00103145951,50001.096900316625,50001.09078437684,50001.0,50001.018604651166,50001.78236204229,50001.00115740741,50001.00938967136,50001.87789351852,50001.93497688752,50001.89106866288,50003.0,49998.99,50001.00938967136
org.jfree.chart.axis.Axis.notifyListeners(Lorg/jfree/chart/event/AxisChangeEvent;)V 50001.87775202781,50001.0,50001.018779342725,50001.01895734597,51516.0,50002.87782281413,50002.0,50042.40048308897,50000.037209302325,50102.616151357695,50004.81127787577,50003.125,50083.800966177936,50001.9837962963,51715.0,50001.00938967136,50001.00947867298,50001.50469483568,50123.42857142857,50001.00103145951,50001.096900316625,50001.09078437684,50001.0,50001.018604651166,50001.98392652124,50001.00115740741,50001.00938967136,50001.991898148146,50001.995932597325,50001.89106866288,50003.0,49998.99,50001.00938967136
org.jfree.chart.event.AxisChangeEvent.<init>(Lorg/jfree/chart/axis/Axis;)V 50001.87775202781,50001.0,50001.018779342725,50001.01895734597,51516.0,50002.87782281413,50002.0,50039.948684188304,50000.037209302325,50102.616151357695,50004.81127787577,50001.0,50001.0,50001.75578703704,51518.0,50001.00938967136,50001.00947867298,50001.50469483568,50008.18957345971,50001.00103145951,50001.096900316625,50001.09078437684,50001.0,50001.018604651166,50001.78236204229,50001.00115740741,50001.00938967136,50001.87789351852,50001.93497688752,50001.89106866288,50003.0,49998.99,50001.00938967136
org.jfree.chart.axis.NumberTickUnit.<init>(DLjava/text/NumberFormat;)V 50001.877172653534,50001.0,50001.01869158878,50001.018867924526,51515.0,50002.877243775336,50002.0,50039.93584466787,50000.03703703704,50102.65053208992,50004.815785604376,50001.0,50001.0,50001.75462962963,51517.0,50001.009345794395,50001.00943396227,50001.504672897194,50008.15094339623,50001.00103092784,50001.096673648906,50001.09054211874,50001.0,50001.01851851852,50001.78144329897,50001.00115740741,50001.009345794395,50001.87731481482,50001.934648582,50001.89060887513,50003.0,49998.98,50001.009345794395
org.jfree.chart.util.AbstractObjectList.get(I)Ljava/lang/Object; 50001.87543453071,50001.0,50001.01843317972,50001.018604651166,51512.0,50002.875506658944,50002.0,50039.897300677556,50000.036529680365,50102.753190609976,50004.82921379641,50001.0,50001.0,50001.75115740741,51514.0,50001.00921658986,50001.00930232558,50001.504608294934,50008.037209302325,50001.001029336076,50001.09600307215,50001.08982494654,50001.0,50001.01826484018,50001.77869274318,50001.00115740741,50001.00921658986,50001.8755787037,50001.93366244986,50001.88923235446,50003.0,49998.95,50001.00921658986
org.jfree.chart.util.AbstractObjectList.set(ILjava/lang/Object;)V 50001.87485515643,50001.0,50001.01834862385,50001.01851851852,51511.0,50002.87492762015,50002.0,50042.52107898406,50000.03636363636,50102.787250768066,50004.83365862548,50003.333333333336,50084.042157968106,50001.99537037037,51725.0,50001.00917431193,50001.00925925926,50001.50458715596,50432.0,50001.00102880658,50001.09578262852,50001.08958902888,50001.0,50001.01818181818,50001.995381062356,50001.00115740741,50001.00917431193,50001.99768518518,50001.99884125145,50001.88877445932,50003.0,49999.0,50001.00917431193
org.jfree.chart.axis.TickUnit.getSize()D 50001.865585168016,50001.0,50001.017094017094,50001.01724137931,51495.0,50002.86566299942,50002.0,50039.678159211624,50000.03389830508,50103.32185852309,50004.90276135726,50001.0,50001.0,50001.73148148148,51497.0,50001.00854700855,50001.00862068965,50001.50427350427,50007.44827586207,50001.00102040816,50001.0924500327,50001.08601257948,50001.0,50001.016949152545,50001.76326530612,50001.00115740741,50001.00854700855,50001.86574074074,50001.92803970223,50001.88151174668,50003.0,49998.78,50001.00854700855
org.jfree.chart.axis.TickUnits.<init>()V 50001.865585168016,50001.0,50001.017094017094,50001.01724137931,51495.0,50002.86566299942,50002.0,50039.678159211624,50000.03389830508,50103.32185852309,50004.90276135726,50001.0,50001.0,50001.73148148148,51497.0,50001.00854700855,50001.00862068965,50001.50427350427,50007.44827586207,50001.00102040816,50001.0924500327,50001.08601257948,50001.0,50001.016949152545,50001.76326530612,50001.00115740741,50001.00854700855,50001.86574074074,50001.92803970223,50001.88151174668,50003.0,49998.78,50001.00854700855
org.jfree.chart.axis.TickUnits.add(Lorg/jfree/chart/axis/TickUnit;)V 50001.865585168016,50001.0,50001.017094017094,50001.01724137931,51495.0,50002.86566299942,50002.0,50039.678159211624,50000.03389830508,50103.32185852309,50004.90276135726,50001.0,50001.0,50001.73148148148,51497.0,50001.00854700855,50001.00862068965,50001.50427350427,50007.44827586207,50001.00102040816,50001.0924500327,50001.08601257948,50001.0,50001.016949152545,50001.76326530612,50001.00115740741,50001.00854700855,50001.86574074074,50001.92803970223,50001.88151174668,50003.0,49998.78,50001.00854700855
org.jfree.chart.axis.ValueAxis.<init>(Ljava/lang/String;Lorg/jfree/chart/axis/TickUnitSource;)V 50001.86500579374,50001.0,50001.017021276595,50001.01716738197,51494.0,50002.86508396063,50002.0,50039.665229858365,50000.033755274264,50103.35464983384,50004.90696013832,50001.0,50001.0,50001.73032407407,51496.0,50001.0085106383,50001.008583690986,50001.50425531915,50007.41630901288,50001.001019887815,50001.092253120805,50001.085800649395,50001.0,50001.01687763713,50001.76236613972,50001.00115740741,50001.0085106383,50001.86516203704,50001.927707105184,50001.88106176621,50003.0,49998.77,50001.0085106383
org.jfree.chart.plot.CategoryPlot.getRangeAxis()Lorg/jfree/chart/axis/ValueAxis; 50001.46581691773,50001.0,50001.03278688525,50001.01666666667,50000.0,50001.96583671106,50001.0,50041.84115571332,50000.06451612903,50093.77145805923,50003.58479123874,50002.016393442624,50041.81666326392,50001.930555555555,51669.0,50001.016393442624,50001.01666666667,50001.25833333333,50028.8,50001.00055928412,50001.09128709292,50001.089686393,50002.0,50001.032258064515,50001.93288590604,50001.0005787037,50001.01666666667,50001.96527777778,50001.98233215548,50001.93600867679,50002.0,49999.51,50001.00000169474
org.jfree.chart.event.PlotChangeEvent.<init>(Lorg/jfree/chart/plot/Plot;)V 50001.85747392816,50001.0,50001.01612903226,50001.0162601626,51481.0,50002.857556456285,50002.0,50039.49675310984,50000.032,50103.77469945272,50004.96035189615,50001.0,50001.0,50001.71527777778,51483.0,50001.00806451613,50001.0081300813,50001.50403225807,50007.0243902439,50001.001013171226,50001.08980265101,50001.083157154375,50001.0,50001.016,50001.75075987842,50001.00115740741,50001.00806451613,50001.85763888889,50001.92336448598,50001.8752535497,50003.0,49998.64,50001.00806451613
org.jfree.chart.plot.Plot.notifyListeners(Lorg/jfree/chart/event/PlotChangeEvent;)V 50001.85747392816,50001.0,50001.01612903226,50001.0162601626,51481.0,50002.857556456285,50002.0,50041.58324777541,50000.032,50103.77469945272,50004.96035189615,50003.02409638554,50082.16649555081,50001.90625,51648.0,50001.00806451613,50001.0081300813,50001.50403225807,50021.333333333336,50001.001013171226,50001.08980265101,50001.083157154375,50001.0,50001.016,50001.91044776119,50001.00115740741,50001.00806451613,50001.953125,50001.976,50001.8752535497,50003.0,49998.64,50001.00806451613
org.jfree.chart.axis.Axis.<init>(Ljava/lang/String;)V 50001.85573580533,50001.0,50001.01593625498,50001.016064257026,51478.0,50002.85581933989,50002.0,50039.45776904606,50000.03162055336,50103.87004614942,50004.972371311706,50001.0,50001.0,50001.711805555555,51480.0,50001.00796812749,50001.00803212851,50001.50398406375,50006.93975903615,50001.00101163379,50001.08926436854,50001.082574887194,50001.0,50001.01581027668,50001.74810318665,50001.00115740741,50001.00796812749,50001.85590277778,50001.92235734331,50001.87392405063,50003.0,49998.61,50001.00796812749
org.jfree.chart.plot.Plot.<init>()V 50001.85341830823,50001.0,50001.01568627451,50001.01581027668,51474.0,50002.85350318471,50002.0,50039.405728739344,50000.03112840467,50103.99628603195,50004.98822939669,50001.0,50001.0,50001.70717592593,51476.0,50001.00784313725,50001.007905138336,50001.50392156863,50006.83003952569,50001.00100959111,50001.088561488556,50001.081813672005,50001.0,50001.01556420233,50001.74457344775,50001.00115740741,50001.00784313725,50001.85358796296,50001.92101155167,50001.87215765538,50003.0,49998.57,50001.00784313725
org.jfree.chart.plot.DefaultDrawingSupplier.<init>()V 50001.8516801854,50001.0,50001.01550387597,50001.015625,51471.0,50002.85176606833,50002.0,50039.3666521865,50000.03076923077,50104.09031231137,50005.0,50001.0,50001.0,50001.7037037037,51473.0,50001.007751937985,50001.0078125,50001.50387596899,50006.75,50001.001008064515,50001.08804509063,50001.081253750555,50001.0,50001.015384615384,50001.74193548387,50001.00115740741,50001.007751937985,50001.851851851854,50001.92,50001.87083753784,50003.0,49998.54,50001.007751937985
org.jfree.chart.plot.DefaultDrawingSupplier.<init>([Ljava/awt/Paint;[Ljava/awt/Paint;[Ljava/awt/Paint;[Ljava/awt/Stroke;[Ljava/awt/Stroke;[Ljava/awt/Shape;)V 50001.8516801854,50001.0,50001.01550387597,50001.015625,51471.0,50002.85176606833,50002.0,50039.3666521865,50000.03076923077,50104.09031231137,50005.0,50001.0,50001.0,50001.7037037037,51473.0,50001.007751937985,50001.0078125,50001.50387596899,50006.75,50001.001008064515,50001.08804509063,50001.081253750555,50001.0,50001.015384615384,50001.74193548387,50001.00115740741,50001.007751937985,50001.851851851854,50001.92,50001.87083753784,50003.0,49998.54,50001.007751937985
org.jfree.data.Range.<init>(DD)V 50001.84472769409,50001.0,50001.014814814815,50001.014925373136,51459.0,50002.84481760278,50002.0,50039.20994634909,50000.029411764706,50104.46101785511,50005.04607285448,50001.0,50001.0,50001.68981481482,51461.0,50001.00740740741,50001.00746268657,50001.503703703704,50006.44776119403,50001.001002004006,50001.08606629658,50001.079102731805,50001.0,50001.01470588235,50001.731462925854,50001.00115740741,50001.00740740741,50001.84490740741,50001.915934755336,50001.86559679037,50003.0,49998.42,50001.00740740741
org.jfree.chart.util.RectangleInsets.<init>(DDDD)V 50001.84125144844,50001.0,50001.014492753624,50001.01459854015,51453.0,50002.841343370004,50002.0,50039.13135192988,50000.02877697842,50104.64325766861,50005.0685311056,50001.0,50001.0,50001.68287037037,51455.0,50001.00724637681,50001.00729927007,50001.50362318841,50006.30656934307,50001.000999001,50001.08512565307,50001.07807704521,50001.0,50001.01438848921,50001.72627372627,50001.00115740741,50001.00724637681,50001.84143518518,50001.91389063482,50001.863,50003.0,49998.36,50001.00724637681
org.jfree.chart.util.RectangleInsets.<init>(Lorg/jfree/chart/util/UnitType;DDDD)V 50001.839513325605,50001.0,50001.014336917564,50001.01444043321,51450.0,50002.83960625362,50002.0,50039.09199390948,50000.02846975089,50104.73362928846,50005.07962216107,50001.0,50001.0,50001.679398148146,51452.0,50001.00716845878,50001.007220216605,50001.50358422939,50006.238267148015,50001.000997506235,50001.08466675133,50001.077575876865,50001.0,50001.014234875445,50001.72369077307,50001.00115740741,50001.00716845878,50001.83969907407,50001.912865681035,50001.86170743884,50003.0,49998.33,50001.00716845878
org.jfree.chart.util.AbstractObjectList.size()I 50001.76651216686,50001.0,50001.00987654321,50001.00992555831,51324.0,50002.76664736537,50002.0,50037.4005494464,50000.01965601966,50108.16517221125,50005.48049772903,50001.0,50001.0,50001.53356481482,51326.0,50001.0049382716,50001.00496277916,50001.502469135805,50004.287841191064,50001.000938526515,50001.07027283689,50001.06152434696,50001.0,50001.009828009825,50001.62177381511,50001.00115740741,50001.0049382716,50001.76678240741,50001.86799868981,50001.81070925317,50003.0,49997.07,50001.0049382716
org.jfree.data.general.DatasetChangeEvent.<init>(Ljava/lang/Object;Lorg/jfree/data/general/Dataset;)V 50001.73754345307,50001.0,50001.00879120879,50001.008830022074,51274.0,50002.737695425596,50002.0,50036.70714214272,50000.01750547046,50109.37410896516,50005.61343653406,50001.0,50001.0,50001.475694444445,51276.0,50001.004395604396,50001.00441501104,50001.5021978022,50003.81456953642,50001.00091701055,50001.06629935441,50001.056938117676,50001.0,50001.00875273523,50001.58459422283,50001.00115740741,50001.004395604396,50001.73784722222,50001.84915084915,50001.79210647086,50003.0,49996.57,50001.004395604396
org.jfree.chart.util.ObjectList.<init>()V 50001.72943221321,50001.0,50001.008528784645,50001.00856531049,51260.0,50002.72958888245,50002.0,50036.51056180913,50000.016985138005,50109.70049509634,50005.648675379605,50001.0,50001.0,50001.45949074074,51262.0,50001.00426439232,50001.004282655245,50001.50213219616,50003.70021413276,50001.00091116173,50001.06530231485,50001.055772619904,50001.0,50001.008492569,50001.574487471524,50001.00115740741,50001.00426439232,50001.72974537037,50001.843760455,50001.787049703606,50003.0,49996.43,50001.00426439232
org.jfree.chart.util.AbstractObjectList.<init>()V 50001.72711471611,50001.0,50001.00845665962,50001.008492569,51256.0,50002.72727272727,50002.0,50036.45419580247,50000.016842105266,50109.79284672558,50005.658597902184,50001.0,50001.0,50001.45486111111,51258.0,50001.00422832981,50001.0042462845,50001.502114164905,50003.668789808915,50001.00090950432,50001.06502560888,50001.05544800113,50001.0,50001.00842105263,50001.57162346521,50001.00115740741,50001.00422832981,50001.727430555555,50001.84221105528,50001.785616750116,50003.0,49996.39,50001.00422832981
org.jfree.chart.util.AbstractObjectList.<init>(II)V 50001.72711471611,50001.0,50001.00845665962,50001.008492569,51256.0,50002.72727272727,50002.0,50036.45419580247,50000.016842105266,50109.79284672558,50005.658597902184,50001.0,50001.0,50001.45486111111,51258.0,50001.00422832981,50001.0042462845,50001.502114164905,50003.668789808915,50001.00090950432,50001.06502560888,50001.05544800113,50001.0,50001.00842105263,50001.57162346521,50001.00115740741,50001.00422832981,50001.727430555555,50001.84221105528,50001.785616750116,50003.0,49996.39,50001.00422832981
org.jfree.chart.event.ChartChangeEvent.<init>(Ljava/lang/Object;)V 50001.707995365,50001.0,50001.007905138336,50001.00793650794,51223.0,50002.708164447016,50002.0,50035.985711369074,50000.015748031496,50110.540256632004,50005.738137220535,50001.0,50001.0,50001.416666666664,51225.0,50001.00395256917,50001.00396825397,50001.501976284584,50003.42857142857,50001.00089605735,50001.06286946135,50001.05289991164,50001.0,50001.00787401575,50001.54838709677,50001.00115740741,50001.00395256917,50001.708333333336,50001.829268292684,50001.77399103139,50003.0,49996.06,50001.00395256917
org.jfree.chart.event.ChartChangeEvent.<init>(Ljava/lang/Object;Lorg/jfree/chart/JFreeChart;Lorg/jfree/chart/event/ChartChangeEventType;)V 50001.707995365,50001.0,50001.007905138336,50001.00793650794,51223.0,50002.708164447016,50002.0,50035.985711369074,50000.015748031496,50110.540256632004,50005.738137220535,50001.0,50001.0,50001.416666666664,51225.0,50001.00395256917,50001.00396825397,50001.501976284584,50003.42857142857,50001.00089605735,50001.06286946135,50001.05289991164,50001.0,50001.00787401575,50001.54838709677,50001.00115740741,50001.00395256917,50001.708333333336,50001.829268292684,50001.77399103139,50003.0,49996.06,50001.00395256917
org.jfree.chart.axis.TickUnit.<init>(D)V 5012.861529548088,5012.0,5012.016597510374,5012.016736401673,6499.0,5013.861609727852,5013.0,5050.587562763149,5011.0329218107,5114.549937145104,5015.9318729422175,5012.0,5012.0,5012.72337962963,6501.0,5012.008298755187,5012.008368200837,5012.504149377593,5018.230125523012,5012.001016776818,5012.091097503735,5012.0845554422,5012.0,5012.01646090535,5012.75699034062,5012.001157407408,5012.008298755187,5012.861689814815,5012.925707180603,5012.878371501272,5014.0,5009.71,5012.008298755187
org.jfree.chart.util.AbstractObjectList.<init>(I)V 5012.727114716106,5012.0,5012.00845665962,5012.008492569003,6267.0,5013.727272727273,5013.0,5047.454195802472,5011.016842105263,5120.792846725574,5016.658597902182,5012.0,5012.0,5012.454861111111,6269.0,5012.00422832981,5012.004246284501,5012.502114164905,5014.668789808918,5012.000909504321,5012.065025608877,5012.055448001129,5012.0,5012.008421052632,5012.571623465212,5012.001157407408,5012.00422832981,5012.727430555556,5012.8422110552765,5012.785616750114,5014.0,5007.39,5012.00422832981
