org.mockito.internal.util.Timer.<init>(J)V 50001.98981077147,50001.0,50001.35294117647,50001.642857142855,51361.0,50003.98981818182,50002.0,50037.91882988395,50000.6,50084.87666935818,50002.934336420265,50001.0,50001.0,50001.97966594045,51364.0,50001.17647058824,50001.21428571428,50001.58823529412,50098.357142857145,50001.002156721785,50001.42008402521,50001.41793837953,50001.0,50001.3,50001.97987059669,50001.002178649236,50001.17647058824,50001.98983297023,50001.99489051095,50001.98991354467,50004.0,50001.96,50001.17647058824
org.mockito.Mockito.after(J)Lorg/mockito/verification/VerificationAfterDelay; 5000002.331877729,5000002.0,5000002.4,5000002.25,5000001.0,5000002.998545455,5000002.0,5000039.054014627,5000001.666666667,5000079.549225533,5000003.608038071,5000004.333333333,5000076.054034326,5000002.994190269,5001375.0,5000002.2,5000002.25,5000002.333333333,5000345.25,5000002.000724113,5000002.333333333,5000002.332848132,5000003.0,5000002.333333333,5000002.994207096,5000002.0007262165,5000002.333333333,5000002.997095134,5000002.998545455,5000002.995652174,5000003.0,5000001.0,5000002.000024997
org.mockito.verification.After.<init>(JJLorg/mockito/verification/VerificationMode;)V 50001.33187772926,50001.0,50001.4,50001.25,50000.0,50001.998545454546,50001.0,50038.0540146273,50000.666666666664,50078.549225533774,50002.60803807095,50003.333333333336,50075.05403432629,50001.9941902687,51374.0,50001.2,50001.25,50001.333333333336,50344.25,50001.000724112964,50001.333333333336,50001.33284813198,50002.0,50001.333333333336,50001.99420709631,50001.000726216414,50001.333333333336,50001.99709513435,50001.998545454546,50001.995652173915,50002.0,50000.0,50001.00002499687
org.mockito.verification.After.<init>(JLorg/mockito/verification/VerificationMode;)V 50001.33187772926,50001.0,50001.4,50001.25,50000.0,50001.998545454546,50001.0,50038.0540146273,50000.666666666664,50078.549225533774,50002.60803807095,50003.333333333336,50075.05403432629,50001.9941902687,51374.0,50001.2,50001.25,50001.333333333336,50344.25,50001.000724112964,50001.333333333336,50001.33284813198,50002.0,50001.333333333336,50001.99420709631,50001.000726216414,50001.333333333336,50001.99709513435,50001.998545454546,50001.995652173915,50002.0,50000.0,50001.00002499687
org.mockito.internal.verification.VerificationOverTimeImpl.<init>(JJLorg/mockito/verification/VerificationMode;Z)V 50001.65793304221,50001.0,50001.26666666667,50001.307692307695,50000.0,50002.991272727275,50001.0,50037.93237062524,50000.470588235294,50082.59911358654,50002.56974571671,50002.07142857143,50037.878177829174,50001.981118373275,51365.0,50001.13333333333,50001.153846153844,50001.40476190476,50105.92307692308,50001.00143884892,50001.308606699924,50001.307143383216,50003.0,50001.23529411765,50001.981294964025,50001.00145243282,50001.142857142855,50001.99055918664,50001.9952572054,50001.987068965514,50003.0,50000.98,50001.000033325
org.mockito.Mockito.timeout(J)Lorg/mockito/verification/VerificationWithTimeout; 50002.32969432315,50002.0,50002.25,50002.142857142855,50001.0,50002.99636363636,50002.0,50039.01351104664,50001.444444444445,50080.371079948905,50003.3281310261,50004.22222222222,50075.972968035625,50002.98983297023,51372.0,50002.125,50002.142857142855,50002.25,50197.71428571428,50002.00072254335,50002.2357022604,50002.23510133857,50003.0,50002.22222222222,50002.989884393064,50002.000726216414,50002.166666666664,50002.99491648511,50002.997451765565,50002.98920086393,50003.0,50000.7,50002.0000099992
org.mockito.verification.Timeout.<init>(JLorg/mockito/verification/VerificationMode;)V 50001.32969432315,50001.0,50001.25,50001.142857142855,50000.0,50001.99636363636,50001.0,50038.01351104664,50000.444444444445,50079.371079948905,50002.3281310261,50003.22222222222,50074.972968035625,50001.98983297023,51371.0,50001.125,50001.142857142855,50001.25,50196.71428571428,50001.00072254335,50001.2357022604,50001.23510133857,50002.0,50001.22222222222,50001.989884393064,50001.000726216414,50001.166666666664,50001.99491648511,50001.997451765565,50001.98920086393,50002.0,49999.7,50001.0000099992
org.mockito.verification.Timeout.<init>(JJLorg/mockito/verification/VerificationMode;)V 50001.328966521105,50001.0,50001.22222222222,50001.125,50000.0,50001.99563636364,50001.0,50038.0,50000.4,50079.584501714184,50002.245194867166,50003.2,50074.94592618934,50001.9883805374,51370.0,50001.11111111111,50001.125,50001.23809523809,50172.125,50001.00072202166,50001.21821789024,50001.21758191765,50002.0,50001.2,50001.98844765343,50001.000726216414,50001.142857142855,50001.9941902687,50001.99708667152,50001.987068965514,50002.0,49999.6,50001.00000833271
org.mockito.internal.configuration.GlobalConfiguration.getIt()Lorg/mockito/configuration/IMockitoConfiguration; 50000.51819505094,50001.0,50001.0017809439,50001.0008912656,50000.0,50001.185454545455,50001.0,50016.96871942267,50000.00355871886,50110.60141303277,50006.42829633139,50003.00177935943,50032.81194744117,50000.37037037037,50256.0,50001.00089047195,50001.0008912656,50001.167112696996,50001.22727272727,50001.00040016006,50001.017243942515,50001.00738510941,50002.0,50001.00177935943,50001.102040816324,50001.000726216414,50001.00089206066,50001.18518518518,50001.3125,50001.290240811155,50002.0,49988.9,50001.00000004464
org.mockito.internal.progress.ArgumentMatcherStorageImpl.reset()V 50000.51673944687,50001.0,50001.001777777776,50001.000889679715,50000.0,50001.184,50001.0,50016.90597372059,50000.003552397866,50110.63128042029,50006.43104671761,50003.00177619894,50032.68595903551,50000.36746550472,50254.0,50001.00088888889,50001.000889679715,50001.16711190264,50001.22508896797,50001.000399840064,50001.01722858042,50001.00734919567,50002.0,50001.00177619894,50001.101159536185,50001.000726216414,50001.00089047195,50001.18373275236,50001.310429447854,50001.28987341772,50002.0,49988.88,50001.00000004456
org.mockito.internal.progress.MockingProgressImpl.reset()V 50000.51673944687,50001.0,50001.001777777776,50001.000889679715,50000.0,50001.184,50001.0,50016.90597372059,50000.003552397866,50110.63128042029,50006.43104671761,50003.00177619894,50032.68595903551,50000.36746550472,50254.0,50001.00088888889,50001.000889679715,50001.16711190264,50001.22508896797,50001.000399840064,50001.01722858042,50001.00734919567,50002.0,50001.00177619894,50001.101159536185,50001.000726216414,50001.00089047195,50001.18373275236,50001.310429447854,50001.28987341772,50002.0,49988.88,50001.00000004456
org.mockito.internal.progress.ThreadSafeMockingProgress.reset()V 50000.51673944687,50001.0,50001.001777777776,50001.000889679715,50000.0,50001.184,50001.0,50016.90597372059,50000.003552397866,50110.63128042029,50006.43104671761,50003.00177619894,50032.68595903551,50000.36746550472,50254.0,50001.00088888889,50001.000889679715,50001.16711190264,50001.22508896797,50001.000399840064,50001.01722858042,50001.00734919567,50002.0,50001.00177619894,50001.101159536185,50001.000726216414,50001.00089047195,50001.18373275236,50001.310429447854,50001.28987341772,50002.0,49988.88,50001.00000004456
org.mockito.internal.progress.ThreadSafeMockingProgress.resetOngoingStubbing()V 50000.510917030566,50001.0,50001.00176522507,50001.000883392226,50000.0,50001.178181818184,50001.0,50016.6524758425,50000.00352733686,50110.750484599346,50006.44200998051,50003.00176366843,50032.17691453624,50000.35584604212,50246.0,50001.000882612534,50001.000883392226,50001.16710875332,50001.2164310954,50001.000398565164,50001.017167540085,50001.00720504963,50002.0,50001.00176366843,50001.097648465526,50001.000726216414,50001.0008841733,50001.17792302106,50001.30209617756,50001.288413098235,50002.0,49988.8,50001.000000044245
org.mockito.internal.progress.MockingProgressImpl.resetOngoingStubbing()V 50000.505094614266,50001.0,50001.00175284838,50001.000877192986,50000.0,50001.17236363636,50001.0,50016.39480431834,50000.00350262697,50110.86926755827,50006.45291257832,50003.00175131349,50031.65941943351,50000.344226579524,50238.0,50001.00087642419,50001.000877192986,50001.16710564823,50001.20789473684,50001.00039729837,50001.01710714398,50001.00706004824,50002.0,50001.00175131349,50001.094159713946,50001.000726216414,50001.000877963124,50001.17211328976,50001.2936802974,50001.28696741855,50002.0,49988.72,50001.00000004393
org.mockito.MockitoAnnotations.initMocks(Ljava/lang/Object;)V 50000.99854439592,50001.0,50001.001682085785,50001.00084175084,50000.0,50001.13745454545,50001.0,50038.0405183549,50000.00336134454,50111.58787832531,50006.51841157888,50004.375,50112.12155506471,50001.99273783588,51373.0,50001.00084104289,50001.00084175084,50001.16708789666,50275.4,50001.00038986355,50001.016757684636,50001.00616597409,50002.0,50001.00168067227,50001.992764109986,50001.000726216414,50001.00084245998,50001.996368917935,50001.998181156785,50001.278588807785,50002.0,49999.0,50001.00000004216
org.mockito.internal.configuration.DefaultInjectionEngine.<init>()V 50000.47016011645,50001.0,50001.001682085785,50001.00084175084,50000.0,50001.13745454545,50001.0,50014.74772708487,50000.00336134454,50111.573362686846,50006.51709622133,50003.00168067227,50028.34958866236,50000.27450980392,50190.0,50001.00084104289,50001.00084175084,50001.16708789666,50001.15909090909,50001.00038986355,50001.016757684636,50001.00616597409,50002.0,50001.00168067227,50001.073684210525,50001.000726216414,50001.00084245998,50001.13725490196,50001.24137931035,50001.278588807785,50002.0,49988.24,50001.00000004216
org.mockito.internal.configuration.InjectingAnnotationEngine.injectMocks(Ljava/lang/Object;)V 50000.47016011645,50001.0,50001.001682085785,50001.00084175084,50000.0,50001.13745454545,50001.0,50014.74772708487,50000.00336134454,50111.573362686846,50006.51709622133,50003.00168067227,50028.34958866236,50000.27450980392,50190.0,50001.00084104289,50001.00084175084,50001.16708789666,50001.15909090909,50001.00038986355,50001.016757684636,50001.00616597409,50002.0,50001.00168067227,50001.073684210525,50001.000726216414,50001.00084245998,50001.13725490196,50001.24137931035,50001.278588807785,50002.0,49988.24,50001.00000004216
org.mockito.internal.configuration.InjectingAnnotationEngine.process(Ljava/lang/Class;Ljava/lang/Object;)V 50000.47016011645,50001.0,50001.001682085785,50001.00084175084,50000.0,50001.13745454545,50001.0,50014.74772708487,50000.00336134454,50111.573362686846,50006.51709622133,50003.00168067227,50028.34958866236,50000.27450980392,50190.0,50001.00084104289,50001.00084175084,50001.16708789666,50001.15909090909,50001.00038986355,50001.016757684636,50001.00616597409,50002.0,50001.00168067227,50001.073684210525,50001.000726216414,50001.00084245998,50001.13725490196,50001.24137931035,50001.278588807785,50002.0,49988.24,50001.00000004216
org.mockito.internal.configuration.InjectingAnnotationEngine.processIndependentAnnotations(Ljava/lang/Class;Ljava/lang/Object;)V 50000.47016011645,50001.0,50001.001682085785,50001.00084175084,50000.0,50001.13745454545,50001.0,50014.74772708487,50000.00336134454,50111.573362686846,50006.51709622133,50003.00168067227,50028.34958866236,50000.27450980392,50190.0,50001.00084104289,50001.00084175084,50001.16708789666,50001.15909090909,50001.00038986355,50001.016757684636,50001.00616597409,50002.0,50001.00168067227,50001.073684210525,50001.000726216414,50001.00084245998,50001.13725490196,50001.24137931035,50001.278588807785,50002.0,49988.24,50001.00000004216
org.mockito.internal.configuration.injection.MockInjection$OngoingMockInjection.handleSpyAnnotation()Lorg/mockito/internal/configuration/injection/MockInjection$OngoingMockInjection; 50000.47016011645,50001.0,50001.001682085785,50001.00084175084,50000.0,50001.13745454545,50001.0,50014.74772708487,50000.00336134454,50111.573362686846,50006.51709622133,50003.00168067227,50028.34958866236,50000.27450980392,50190.0,50001.00084104289,50001.00084175084,50001.16708789666,50001.15909090909,50001.00038986355,50001.016757684636,50001.00616597409,50002.0,50001.00168067227,50001.073684210525,50001.000726216414,50001.00084245998,50001.13725490196,50001.24137931035,50001.278588807785,50002.0,49988.24,50001.00000004216
org.mockito.internal.configuration.injection.MockInjectionStrategy.thenTry(Lorg/mockito/internal/configuration/injection/MockInjectionStrategy;)Lorg/mockito/internal/configuration/injection/MockInjectionStrategy; 50000.47016011645,50001.0,50001.001682085785,50001.00084175084,50000.0,50001.13745454545,50001.0,50014.74772708487,50000.00336134454,50111.63138859272,50006.52235245356,50003.00168067227,50028.34958866236,50000.27450980392,50190.0,50001.00084104289,50001.00084175084,50001.16708789666,50001.15909090909,50001.00038986355,50001.016757684636,50001.00616597409,50002.0,50001.00168067227,50001.073684210525,50001.000726216414,50001.00084245998,50001.13725490196,50001.24137931035,50001.278588807785,50002.0,49988.24,50001.00000004216
org.mockito.internal.configuration.injection.SpyOnInjectedFieldsHandler.<init>()V 50000.47016011645,50001.0,50001.001682085785,50001.00084175084,50000.0,50001.13745454545,50001.0,50014.74772708487,50000.00336134454,50111.573362686846,50006.51709622133,50003.00168067227,50028.34958866236,50000.27450980392,50190.0,50001.00084104289,50001.00084175084,50001.16708789666,50001.15909090909,50001.00038986355,50001.016757684636,50001.00616597409,50002.0,50001.00168067227,50001.073684210525,50001.000726216414,50001.00084245998,50001.13725490196,50001.24137931035,50001.278588807785,50002.0,49988.24,50001.00000004216
org.mockito.internal.configuration.injection.scanner.InjectMocksScanner.scan()Ljava/util/Set; 50000.953420669575,50001.0,50001.001682085785,50001.00084175084,50000.0,50001.13745454545,50001.0,50037.193922141705,50000.00336134454,50111.573362686846,50006.51709622133,50004.04285714286,50109.58176642512,50001.90268700073,51311.0,50001.00084104289,50001.00084175084,50001.16708789666,50020.55223880597,50001.00038986355,50001.016757684636,50001.00616597409,50002.0,50001.00168067227,50001.90720221607,50001.000726216414,50001.00084245998,50001.95134350036,50001.9750651284,50001.278588807785,50002.0,49998.46,50001.00000004216
org.mockito.internal.configuration.injection.scanner.MockScanner.addPreparedMocks(Ljava/util/Set;)V 50000.47016011645,50001.0,50001.001682085785,50001.00084175084,50000.0,50001.13745454545,50001.0,50014.74772708487,50000.00336134454,50111.573362686846,50006.51709622133,50003.00168067227,50028.34958866236,50000.27450980392,50190.0,50001.00084104289,50001.00084175084,50001.16708789666,50001.15909090909,50001.00038986355,50001.016757684636,50001.00616597409,50002.0,50001.00168067227,50001.073684210525,50001.000726216414,50001.00084245998,50001.13725490196,50001.24137931035,50001.278588807785,50002.0,49988.24,50001.00000004216
org.mockito.internal.configuration.DefaultAnnotationEngine.<init>()V 50000.469432314414,50001.0,50001.00168067227,50001.00084104289,50000.0,50001.13672727273,50001.0,50014.7113092008,50000.00335852225,50111.58787832531,50006.51841157888,50003.00167926113,50028.27636339397,50000.273057371094,50189.0,50001.000840336135,50001.00084104289,50001.16708754209,50001.15811606392,50001.00038971161,50001.01675063025,50001.00614679162,50002.0,50001.00167926113,50001.07326578332,50001.000726216414,50001.00084175084,50001.13652868555,50001.24025559105,50001.27841945289,50002.0,49988.23,50001.00000004212
org.mockito.internal.configuration.GlobalConfiguration.getAnnotationEngine()Lorg/mockito/configuration/AnnotationEngine; 50000.469432314414,50001.0,50001.00168067227,50001.00084104289,50000.0,50001.13672727273,50001.0,50014.7113092008,50000.00335852225,50111.58787832531,50006.51841157888,50003.00167926113,50028.27636339397,50000.273057371094,50189.0,50001.000840336135,50001.00084104289,50001.16708754209,50001.15811606392,50001.00038971161,50001.01675063025,50001.00614679162,50002.0,50001.00167926113,50001.07326578332,50001.000726216414,50001.00084175084,50001.13652868555,50001.24025559105,50001.27841945289,50002.0,49988.23,50001.00000004212
org.mockito.internal.configuration.MockitoAnnotationsMockAnnotationProcessor.<init>()V 50000.469432314414,50001.0,50001.00168067227,50001.00084104289,50000.0,50001.13672727273,50001.0,50014.7113092008,50000.00335852225,50111.58787832531,50006.51841157888,50003.00167926113,50028.27636339397,50000.273057371094,50189.0,50001.000840336135,50001.00084104289,50001.16708754209,50001.15811606392,50001.00038971161,50001.01675063025,50001.00614679162,50002.0,50001.00167926113,50001.07326578332,50001.000726216414,50001.00084175084,50001.13652868555,50001.24025559105,50001.27841945289,50002.0,49988.23,50001.00000004212
org.mockito.internal.configuration.SpyAnnotationEngine.<init>()V 50000.469432314414,50001.0,50001.00168067227,50001.00084104289,50000.0,50001.13672727273,50001.0,50014.7113092008,50000.00335852225,50111.58787832531,50006.51841157888,50003.00167926113,50028.27636339397,50000.273057371094,50189.0,50001.000840336135,50001.00084104289,50001.16708754209,50001.15811606392,50001.00038971161,50001.01675063025,50001.00614679162,50002.0,50001.00167926113,50001.07326578332,50001.000726216414,50001.00084175084,50001.13652868555,50001.24025559105,50001.27841945289,50002.0,49988.23,50001.00000004212
org.mockito.internal.configuration.injection.ConstructorInjection.<init>()V 50000.46870451237,50001.0,50001.00167926113,50001.000840336135,50000.0,50001.136,50001.0,50014.67479433118,50000.0033557047,50111.60238785063,50006.51972606922,50003.00167785235,50028.20294101747,50000.27160493827,50188.0,50001.000839630564,50001.000840336135,50001.167087188114,50001.15714285714,50001.0003895598,50001.016743584776,50001.00612758153,50002.0,50001.00167785235,50001.07284768212,50001.000726216414,50001.00084104289,50001.135802469136,50001.239130434784,50001.27825030377,50002.0,49988.22,50001.000000042084
org.mockito.internal.configuration.injection.filter.FinalMockCandidateFilter.<init>()V 50000.46870451237,50001.0,50001.00167926113,50001.000840336135,50000.0,50001.136,50001.0,50014.67479433118,50000.0033557047,50111.60238785063,50006.51972606922,50003.00167785235,50028.20294101747,50000.27160493827,50188.0,50001.000839630564,50001.000840336135,50001.167087188114,50001.15714285714,50001.0003895598,50001.016743584776,50001.00612758153,50002.0,50001.00167785235,50001.07284768212,50001.000726216414,50001.00084104289,50001.135802469136,50001.239130434784,50001.27825030377,50002.0,49988.22,50001.000000042084
org.mockito.internal.util.Checks.checkItemsNotNull(Ljava/lang/Iterable;Ljava/lang/String;)Ljava/lang/Iterable; 50000.95050946143,50001.0,50001.00167504187,50001.000838222964,50000.0,50001.13381818182,50001.0,50037.138621999184,50000.00334728033,50111.67484404975,50006.52628555889,50004.04054054054,50109.41586599756,50001.89687726943,51307.0,50001.000837520936,50001.000838222964,50001.16708612975,50019.394366197186,50001.00038910506,50001.016722501554,50001.00606978215,50002.0,50001.00167364017,50001.90193370166,50001.000726216414,50001.00083892617,50001.94843863471,50001.97353708535,50001.277744087325,50002.0,49998.42,50001.00000004198
org.mockito.configuration.DefaultMockitoConfiguration.<init>()V 50000.46579330422,50001.0,50001.00167364017,50001.000837520936,50000.0,50001.13309090909,50001.0,50014.52774925847,50000.00334448161,50111.66036497467,50006.524975384855,50003.0016722408,50027.90724809415,50000.26579520697,50184.0,50001.00083682009,50001.000837520936,50001.16708577815,50001.15326633166,50001.00038895371,50001.01671549149,50001.00605045814,50002.0,50001.0016722408,50001.07117852975,50001.000726216414,50001.000838222964,50001.132897603486,50001.234615384616,50001.27757575757,50002.0,49988.18,50001.000000041946
org.mockito.internal.configuration.injection.MockInjection$OngoingMockInjection.<init>(Ljava/util/Set;Ljava/lang/Object;Lorg/mockito/internal/configuration/injection/MockInjection$1;)V 50000.46433770015,50001.0,50001.001670843776,50001.0008361204,50000.0,50001.131636363636,50001.0,50014.45362404708,50000.00333889816,50111.689317057746,50006.52759487357,50003.001669449084,50027.758176320516,50000.26289034132,50182.0,50001.00083542189,50001.0008361204,50001.16708507671,50001.15133779264,50001.00038865138,50001.01670149777,50001.00601172166,50002.0,50001.001669449084,50001.07034589973,50001.000726216414,50001.00083682009,50001.131445170664,50001.2323491656,50001.277239709445,50002.0,49988.16,50001.00000004187
org.mockito.internal.configuration.injection.MockInjectionStrategy$1.<init>()V 50000.46433770015,50001.0,50001.001670843776,50001.0008361204,50000.0,50001.131636363636,50001.0,50014.45362404708,50000.00333889816,50111.689317057746,50006.52759487357,50003.001669449084,50027.758176320516,50000.26289034132,50182.0,50001.00083542189,50001.0008361204,50001.16708507671,50001.15133779264,50001.00038865138,50001.01670149777,50001.00601172166,50002.0,50001.001669449084,50001.07034589973,50001.000726216414,50001.00083682009,50001.131445170664,50001.2323491656,50001.277239709445,50002.0,49988.16,50001.00000004187
org.mockito.internal.configuration.injection.MockInjectionStrategy.<init>()V 50000.46433770015,50001.0,50001.001670843776,50001.0008361204,50000.0,50001.131636363636,50001.0,50014.45362404708,50000.00333889816,50111.689317057746,50006.52759487357,50003.001669449084,50027.758176320516,50000.26289034132,50182.0,50001.00083542189,50001.0008361204,50001.16708507671,50001.15133779264,50001.00038865138,50001.01670149777,50001.00601172166,50002.0,50001.001669449084,50001.07034589973,50001.000726216414,50001.00083682009,50001.131445170664,50001.2323491656,50001.277239709445,50002.0,49988.16,50001.00000004187
org.mockito.internal.util.collections.HashCodeAndEqualsSafeSet.access$000(Lorg/mockito/internal/util/collections/HashCodeAndEqualsSafeSet;)Ljava/util/HashSet; 50000.46433770015,50001.0,50001.001670843776,50001.0008361204,50000.0,50001.131636363636,50001.0,50014.45362404708,50000.00333889816,50111.689317057746,50006.52759487357,50003.001669449084,50027.758176320516,50000.26289034132,50182.0,50001.00083542189,50001.0008361204,50001.16708507671,50001.15133779264,50001.00038865138,50001.01670149777,50001.00601172166,50002.0,50001.001669449084,50001.07034589973,50001.000726216414,50001.00083682009,50001.131445170664,50001.2323491656,50001.277239709445,50002.0,49988.16,50001.00000004187
org.mockito.internal.util.collections.Sets.newMockSafeHashSet([Ljava/lang/Object;)Ljava/util/Set; 50000.46433770015,50001.0,50001.001670843776,50001.0008361204,50000.0,50001.131636363636,50001.0,50014.45362404708,50000.00333889816,50111.689317057746,50006.52759487357,50003.001669449084,50027.758176320516,50000.26289034132,50182.0,50001.00083542189,50001.0008361204,50001.16708507671,50001.15133779264,50001.00038865138,50001.01670149777,50001.00601172166,50002.0,50001.001669449084,50001.07034589973,50001.000726216414,50001.00083682009,50001.131445170664,50001.2323491656,50001.277239709445,50002.0,49988.16,50001.00000004187
org.mockito.internal.progress.MockingProgressImpl.validateState()V 50000.994905385734,50001.0,50001.0016273393,50001.00081433225,50000.0,50001.10836363636,50001.0,50037.972963094675,50000.00325203252,50112.14929477143,50006.56904684843,50004.230769230766,50111.91888928402,50001.98547567175,51368.0,50001.00081366965,50001.00081433225,50001.16707416463,50137.7,50001.00038387716,50001.01648227255,50001.00537328419,50002.0,50001.00162601626,50001.98558038933,50001.000726216414,50001.000814995925,50001.99273783588,50001.99635568513,50001.27197149644,50002.0,49998.5,50001.00000004078
org.mockito.internal.progress.ThreadSafeMockingProgress.<init>()V 50000.400291120815,50001.0,50001.00155642023,50001.0007788162,50000.0,50001.06763636364,50001.0,50010.64365076099,50000.00311041991,50112.94003955134,50006.63959462904,50003.00155520995,50020.07878402834,50000.13507625272,50094.0,50001.00077821012,50001.0007788162,50001.16705637828,50001.07242990654,50001.00037579857,50001.01611855273,50001.0041262599,50002.0,50001.00155520995,50001.034949267196,50001.000726216414,50001.00077942323,50001.067538126365,50001.126530612244,50001.263218390806,50002.0,49987.28,50001.000000039
org.mockito.internal.util.MockUtil.<init>()V 50000.395924308585,50001.0,50001.00154918668,50001.000775193796,50000.0,50001.063272727275,50001.0,50010.32737905309,50000.00309597523,50113.023728861255,50006.64700955284,50003.00154798762,50019.43908891459,50000.12636165577,50088.0,50001.00077459334,50001.000775193796,50001.16705456426,50001.06744186047,50001.00037495313,50001.016080994894,50001.003977192966,50002.0,50001.00154798762,50001.032620922386,50001.000726216414,50001.00077579519,50001.063180827885,50001.11885245902,50001.26231386025,50002.0,49987.22,50001.00000003882
org.mockito.internal.configuration.CaptorAnnotationProcessor.<init>()V 50000.469432314414,50001.0,50001.00168067227,50001.00084104289,50000.0,50001.13672727273,50001.0,50014.7113092008,50000.00335852225,50111.58787832531,50006.51841157888,50003.00167926113,50028.27636339397,50000.273057371094,50189.0,50001.000840336135,50001.00084104289,50001.16708754209,50001.15811606392,50001.00038971161,50001.01675063025,50001.00614679162,50002.0,50001.00167926113,50001.07326578332,50001.000726216414,50001.00084175084,50001.13652868555,50001.24025559105,50001.27841945289,50002.0,49988.23,50001.00000004212
org.mockito.internal.configuration.MockAnnotationProcessor.<init>()V 50000.469432314414,50001.0,50001.00168067227,50001.00084104289,50000.0,50001.13672727273,50001.0,50014.7113092008,50000.00335852225,50111.58787832531,50006.51841157888,50003.00167926113,50028.27636339397,50000.273057371094,50189.0,50001.000840336135,50001.00084104289,50001.16708754209,50001.15811606392,50001.00038971161,50001.01675063025,50001.00614679162,50002.0,50001.00167926113,50001.07326578332,50001.000726216414,50001.00084175084,50001.13652868555,50001.24025559105,50001.27841945289,50002.0,49988.23,50001.00000004212
org.mockito.internal.configuration.injection.PropertyAndSetterInjection$1.<init>(Lorg/mockito/internal/configuration/injection/PropertyAndSetterInjection;)V 50000.46870451237,50001.0,50001.00167926113,50001.000840336135,50000.0,50001.136,50001.0,50014.67479433118,50000.0033557047,50111.60238785063,50006.51972606922,50003.00167785235,50028.20294101747,50000.27160493827,50188.0,50001.000839630564,50001.000840336135,50001.167087188114,50001.15714285714,50001.0003895598,50001.016743584776,50001.00612758153,50002.0,50001.00167785235,50001.07284768212,50001.000726216414,50001.00084104289,50001.135802469136,50001.239130434784,50001.27825030377,50002.0,49988.22,50001.000000042084
org.mockito.verification.VerificationWrapper.<init>(Lorg/mockito/verification/VerificationMode;)V 5005.65866084425,5005.0,5005.285714285715,5005.333333333333,5004.0,5006.992,5005.0,5041.945906403822,5004.5,5086.451636761758,5006.522046251057,5006.076923076923,5041.891733491393,5005.9825708061,6370.0,5005.142857142857,5005.166666666667,5005.410256410257,5118.75,5005.001439884809,5005.32025630761,5005.318854827368,5007.0,5005.25,5005.982721382289,5005.001452432825,5005.153846153846,5005.99128540305,5005.995623632385,5005.988133764833,5007.0,5004.99,5005.000036354382
org.mockito.internal.verification.VerificationOverTimeImpl.<init>(JJLorg/mockito/verification/VerificationMode;ZLorg/mockito/internal/util/Timer;)V 5005.655749636099,5005.0,5005.222222222223,5005.25,5004.0,5006.989090909091,5005.0,5041.891733491393,5004.4,5087.00799531761,5006.694987712701,5006.058823529412,5041.837480912788,5005.9767610748,6366.0,5005.111111111111,5005.125,5005.392156862745,5090.0625,5005.00143575018,5005.280056016805,5005.278420714598,5007.0,5005.2,5005.977027997128,5005.001452432825,5005.117647058823,5005.9883805374,5005.99415631848,5005.983888292159,5007.0,5004.95,5005.000026660268
org.mockito.internal.verification.Times.<init>(I)V 5005.421397379912,5005.0,5005.011764705882,5005.011834319526,5004.0,5006.754909090909,5005.0,5042.054014627298,5004.023391812865,5101.519788282253,5009.169505523542,5008.428571428572,5116.162043881894,5005.9941902687,6378.0,5005.005882352942,5005.005917159763,5005.33628318584,5348.25,5005.001166180758,5005.062714724559,5005.054457315964,5007.0,5005.011695906433,5005.994207096307,5005.001452432825,5005.005899705015,5005.99709513435,5005.998545454546,5005.731045490822,5007.0,5004.0,5005.000001186704
org.mockito.internal.verification.VerificationModeFactory.times(I)Lorg/mockito/internal/verification/Times; 50001.42066957788,50001.0,50001.01173020528,50001.01179941003,50000.0,50002.754181818185,50001.0,50033.21800738717,50000.02332361516,50097.519788282254,50005.16950552354,50002.00294117647,50033.155870381626,50001.50762527233,51039.0,50001.00586510264,50001.005899705015,50001.336274509806,50004.06194690266,50001.00116550116,50001.06262242911,50001.054350922604,50003.0,50001.01166180758,50001.604895104894,50001.00145243282,50001.00588235294,50001.75381263617,50001.85962732919,50001.73046251994,50003.0,49997.72,50001.000001183194
org.mockito.MockitoAnnotations.scanDeprecatedWay(Lorg/mockito/configuration/AnnotationEngine;Ljava/lang/Object;Ljava/lang/Class;)V 5004.470160116448,5005.0,5005.001682085786,5005.000841750842,5004.0,5005.137454545455,5005.0,5025.1494416796095,5004.003361344538,5115.5878783253065,5010.518411578879,5008.003080082136,5065.448325038829,5004.589687726942,5411.0,5005.000841042894,5005.000841750842,5005.167087896658,5005.418125643666,5005.000389863548,5005.016757684637,5005.006165974092,5006.0,5005.001680672269,5005.172913117547,5005.000726216413,5005.000842459983,5005.294843863471,5005.4554122265845,5005.278588807786,5006.0,4993.42,5005.000000042156
org.mockito.internal.configuration.DefaultAnnotationEngine.process(Ljava/lang/Class;Ljava/lang/Object;)V 5004.617176128093,5005.0,5005.001682085786,5005.000841750842,5004.0,5005.137454545455,5005.0,5034.120439557122,5004.003361344538,5115.573362686848,5010.517096221332,5008.005639097744,5092.3613186713665,5005.2316630355845,5853.0,5005.000841042894,5005.000841750842,5005.167087896658,5006.603024574669,5005.000389863548,5005.016757684637,5005.006165974092,5006.0,5005.001680672269,5005.444910807975,5005.000726216413,5005.000842459983,5005.615831517793,5005.762247191011,5005.278588807786,5006.0,4997.84,5005.000000042156
org.mockito.internal.configuration.DefaultInjectionEngine.injectMocksOnFields(Ljava/util/Set;Ljava/util/Set;Ljava/lang/Object;)V 5004.470160116448,5005.0,5005.001682085786,5005.000841750842,5004.0,5005.137454545455,5005.0,5018.747727084868,5004.003361344538,5115.573362686848,5010.517096221332,5007.001680672269,5032.349588662355,5004.274509803921,5194.0,5005.000841042894,5005.000841750842,5005.167087896658,5005.159090909091,5005.000389863548,5005.016757684637,5005.006165974092,5006.0,5005.001680672269,5005.073684210526,5005.000726216413,5005.000842459983,5005.137254901961,5005.241379310345,5005.278588807786,5006.0,4992.24,5005.000000042156
org.mockito.internal.configuration.InjectingAnnotationEngine.processInjectMocks(Ljava/lang/Class;Ljava/lang/Object;)V 5004.470160116448,5005.0,5005.001682085786,5005.000841750842,5004.0,5005.137454545455,5005.0,5018.747727084868,5004.003361344538,5115.573362686848,5010.517096221332,5007.001680672269,5032.349588662355,5004.274509803921,5194.0,5005.000841042894,5005.000841750842,5005.167087896658,5005.159090909091,5005.000389863548,5005.016757684637,5005.006165974092,5006.0,5005.001680672269,5005.073684210526,5005.000726216413,5005.000842459983,5005.137254901961,5005.241379310345,5005.278588807786,5006.0,4992.24,5005.000000042156
org.mockito.internal.configuration.SpyAnnotationEngine.process(Ljava/lang/Class;Ljava/lang/Object;)V 5004.9963609898105,5005.0,5005.001682085786,5005.000841750842,5004.0,5005.137454545455,5005.0,5042.0,5004.003361344538,5115.573362686848,5010.517096221332,5008.272727272727,5116.0,5005.9883805374,6374.0,5005.000841042894,5005.000841750842,5005.167087896658,5176.125,5005.000389863548,5005.016757684637,5005.006165974092,5006.0,5005.001680672269,5005.98844765343,5005.000726216413,5005.000842459983,5005.9941902687,5005.997086671522,5005.278588807786,5006.0,5002.92,5005.000000042156
org.mockito.internal.configuration.injection.scanner.InjectMocksScanner.<init>(Ljava/lang/Class;)V 5004.470160116448,5005.0,5005.001682085786,5005.000841750842,5004.0,5005.137454545455,5005.0,5018.747727084868,5004.003361344538,5115.573362686848,5010.517096221332,5007.001680672269,5032.349588662355,5004.274509803921,5194.0,5005.000841042894,5005.000841750842,5005.167087896658,5005.159090909091,5005.000389863548,5005.016757684637,5005.006165974092,5006.0,5005.001680672269,5005.073684210526,5005.000726216413,5005.000842459983,5005.137254901961,5005.241379310345,5005.278588807786,5006.0,4992.24,5005.000000042156
org.mockito.internal.configuration.injection.scanner.InjectMocksScanner.addTo(Ljava/util/Set;)V 5004.470160116448,5005.0,5005.001682085786,5005.000841750842,5004.0,5005.137454545455,5005.0,5018.747727084868,5004.003361344538,5115.573362686848,5010.517096221332,5007.001680672269,5032.349588662355,5004.274509803921,5194.0,5005.000841042894,5005.000841750842,5005.167087896658,5005.159090909091,5005.000389863548,5005.016757684637,5005.006165974092,5006.0,5005.001680672269,5005.073684210526,5005.000726216413,5005.000842459983,5005.137254901961,5005.241379310345,5005.278588807786,5006.0,4992.24,5005.000000042156
org.mockito.internal.configuration.injection.scanner.MockScanner.<init>(Ljava/lang/Object;Ljava/lang/Class;)V 5004.470160116448,5005.0,5005.001682085786,5005.000841750842,5004.0,5005.137454545455,5005.0,5018.747727084868,5004.003361344538,5115.573362686848,5010.517096221332,5007.001680672269,5032.349588662355,5004.274509803921,5194.0,5005.000841042894,5005.000841750842,5005.167087896658,5005.159090909091,5005.000389863548,5005.016757684637,5005.006165974092,5006.0,5005.001680672269,5005.073684210526,5005.000726216413,5005.000842459983,5005.137254901961,5005.241379310345,5005.278588807786,5006.0,4992.24,5005.000000042156
org.mockito.internal.configuration.injection.scanner.MockScanner.scan()Ljava/util/Set; 5004.561863173217,5005.0,5005.001682085786,5005.000841750842,5004.0,5005.137454545455,5005.0,5032.7848879789,5004.003361344538,5115.573362686848,5010.517096221332,5008.004934210527,5088.354663936699,5005.121278140886,5777.0,5005.000841042894,5005.000841750842,5005.167087896658,5006.276033057851,5005.000389863548,5005.016757684637,5005.006165974092,5006.0,5005.001680672269,5005.38950554995,5005.000726216413,5005.000842459983,5005.560639070443,5005.718473708702,5005.278588807786,5006.0,4997.08,5005.000000042156
org.mockito.configuration.DefaultMockitoConfiguration.getAnnotationEngine()Lorg/mockito/configuration/AnnotationEngine; 5004.46943231441,5005.0,5005.001680672269,5005.000841042894,5004.0,5005.1367272727275,5005.0,5018.711309200802,5004.00335852225,5115.5878783253065,5010.518411578879,5007.001679261125,5032.276363393972,5004.273057371097,5193.0,5005.000840336134,5005.000841042894,5005.167087542088,5005.158116063919,5005.000389711613,5005.016750630254,5005.006146791618,5006.0,5005.001679261125,5005.0732657833205,5005.000726216413,5005.000841750842,5005.136528685548,5005.240255591054,5005.278419452888,5006.0,4992.23,5005.0000000421205
org.mockito.internal.configuration.DefaultAnnotationEngine.registerAnnotationProcessor(Ljava/lang/Class;Lorg/mockito/internal/configuration/FieldAnnotationProcessor;)V 5004.46943231441,5005.0,5005.001680672269,5005.000841042894,5004.0,5005.1367272727275,5005.0,5018.711309200802,5004.00335852225,5115.5878783253065,5010.518411578879,5007.001679261125,5032.276363393972,5004.273057371097,5193.0,5005.000840336134,5005.000841042894,5005.167087542088,5005.158116063919,5005.000389711613,5005.016750630254,5005.006146791618,5006.0,5005.001679261125,5005.0732657833205,5005.000726216413,5005.000841750842,5005.136528685548,5005.240255591054,5005.278419452888,5006.0,4992.23,5005.0000000421205
org.mockito.internal.configuration.InjectingAnnotationEngine.<init>()V 5004.46943231441,5005.0,5005.001680672269,5005.000841042894,5004.0,5005.1367272727275,5005.0,5018.711309200802,5004.00335852225,5115.5878783253065,5010.518411578879,5007.001679261125,5032.276363393972,5004.273057371097,5193.0,5005.000840336134,5005.000841042894,5005.167087542088,5005.158116063919,5005.000389711613,5005.016750630254,5005.006146791618,5006.0,5005.001679261125,5005.0732657833205,5005.000726216413,5005.000841750842,5005.136528685548,5005.240255591054,5005.278419452888,5006.0,4992.23,5005.0000000421205
org.mockito.internal.configuration.injection.MockInjection.onFields(Ljava/util/Set;Ljava/lang/Object;)Lorg/mockito/internal/configuration/injection/MockInjection$OngoingMockInjection; 5004.46943231441,5005.0,5005.001680672269,5005.000841042894,5004.0,5005.1367272727275,5005.0,5018.711309200802,5004.00335852225,5115.5878783253065,5010.518411578879,5007.001679261125,5032.276363393972,5004.273057371097,5193.0,5005.000840336134,5005.000841042894,5005.167087542088,5005.158116063919,5005.000389711613,5005.016750630254,5005.006146791618,5006.0,5005.001679261125,5005.0732657833205,5005.000726216413,5005.000841750842,5005.136528685548,5005.240255591054,5005.278419452888,5006.0,4992.23,5005.0000000421205
org.mockito.internal.configuration.injection.MockInjection$OngoingMockInjection.tryConstructorInjection()Lorg/mockito/internal/configuration/injection/MockInjection$OngoingMockInjection; 5004.468704512373,5005.0,5005.001679261125,5005.000840336134,5004.0,5005.136,5005.0,5018.6747943311775,5004.003355704698,5115.60238785063,5010.51972606922,5007.001677852349,5032.202941017471,5004.271604938272,5192.0,5005.000839630563,5005.000840336134,5005.167087188113,5005.157142857143,5005.000389559797,5005.016743584773,5005.0061275815315,5006.0,5005.001677852349,5005.07284768212,5005.000726216413,5005.000841042894,5005.135802469136,5005.239130434783,5005.278250303767,5006.0,4992.22,5005.000000042085
org.mockito.internal.configuration.injection.MockInjection$OngoingMockInjection.tryPropertyOrFieldInjection()Lorg/mockito/internal/configuration/injection/MockInjection$OngoingMockInjection; 5004.468704512373,5005.0,5005.001679261125,5005.000840336134,5004.0,5005.136,5005.0,5018.6747943311775,5004.003355704698,5115.60238785063,5010.51972606922,5007.001677852349,5032.202941017471,5004.271604938272,5192.0,5005.000839630563,5005.000840336134,5005.167087188113,5005.157142857143,5005.000389559797,5005.016743584773,5005.0061275815315,5006.0,5005.001677852349,5005.07284768212,5005.000726216413,5005.000841042894,5005.135802469136,5005.239130434783,5005.278250303767,5006.0,4992.22,5005.000000042085
org.mockito.internal.configuration.injection.PropertyAndSetterInjection.<init>()V 5004.468704512373,5005.0,5005.001679261125,5005.000840336134,5004.0,5005.136,5005.0,5018.6747943311775,5004.003355704698,5115.60238785063,5010.51972606922,5007.001677852349,5032.202941017471,5004.271604938272,5192.0,5005.000839630563,5005.000840336134,5005.167087188113,5005.157142857143,5005.000389559797,5005.016743584773,5005.0061275815315,5006.0,5005.001677852349,5005.07284768212,5005.000726216413,5005.000841042894,5005.135802469136,5005.239130434783,5005.278250303767,5006.0,4992.22,5005.000000042085
org.mockito.internal.configuration.injection.filter.NameBasedCandidateFilter.<init>(Lorg/mockito/internal/configuration/injection/filter/MockCandidateFilter;)V 5004.468704512373,5005.0,5005.001679261125,5005.000840336134,5004.0,5005.136,5005.0,5018.6747943311775,5004.003355704698,5115.60238785063,5010.51972606922,5007.001677852349,5032.202941017471,5004.271604938272,5192.0,5005.000839630563,5005.000840336134,5005.167087188113,5005.157142857143,5005.000389559797,5005.016743584773,5005.0061275815315,5006.0,5005.001677852349,5005.07284768212,5005.000726216413,5005.000841042894,5005.135802469136,5005.239130434783,5005.278250303767,5006.0,4992.22,5005.000000042085
org.mockito.internal.configuration.injection.filter.TypeBasedCandidateFilter.<init>(Lorg/mockito/internal/configuration/injection/filter/MockCandidateFilter;)V 5004.468704512373,5005.0,5005.001679261125,5005.000840336134,5004.0,5005.136,5005.0,5018.6747943311775,5004.003355704698,5115.60238785063,5010.51972606922,5007.001677852349,5032.202941017471,5004.271604938272,5192.0,5005.000839630563,5005.000840336134,5005.167087188113,5005.157142857143,5005.000389559797,5005.016743584773,5005.0061275815315,5006.0,5005.001677852349,5005.07284768212,5005.000726216413,5005.000841042894,5005.135802469136,5005.239130434783,5005.278250303767,5006.0,4992.22,5005.000000042085
org.mockito.internal.configuration.injection.MockInjection$OngoingMockInjection.apply()V 5004.951965065502,5005.0,5005.001676445934,5005.000838926175,5004.0,5005.134545454545,5005.0,5041.166282640051,5004.003350083752,5115.631388592723,5010.522352453559,5008.041666666667,5113.498847920151,5005.899782135076,6313.0,5005.000838222967,5005.000838926175,5005.167086481948,5023.95652173913,5005.00038925652,5005.016729520441,5005.0060890771465,5006.0,5005.001675041876,5005.904564315353,5005.000726216413,5005.000839630563,5005.949891067538,5005.974301675978,5005.277912621359,5006.0,5002.44,5005.000000042015
org.mockito.internal.configuration.injection.MockInjection$OngoingMockInjection.withMocks(Ljava/util/Set;)Lorg/mockito/internal/configuration/injection/MockInjection$OngoingMockInjection; 5004.466521106259,5005.0,5005.001675041876,5005.000838222967,5004.0,5005.133818181818,5005.0,5018.5646599662505,5004.003347280334,5115.645879824878,5010.523664350182,5007.001673640168,5031.981475126464,5004.267247639797,5189.0,5005.000837520938,5005.000838222967,5005.167086129754,5005.1542330259845,5005.000389105058,5005.016722501552,5005.00606978215,5006.0,5005.001673640168,5005.071595330739,5005.000726216413,5005.000838926175,5005.133623819898,5005.2357463164635,5005.277744087326,5006.0,4992.19,5005.00000004198
org.mockito.internal.util.collections.HashCodeAndEqualsSafeSet.addAll(Ljava/util/Collection;)Z 5004.465065502183,5005.0,5005.001672240803,5005.000836820083,5004.0,5005.132363636364,5005.0,5018.490737563232,5004.003341687552,5115.674844049744,5010.526285558885,5007.001670843776,5031.8328157299975,5004.264342774147,5187.0,5005.000836120401,5005.000836820083,5005.167085427136,5005.15230125523,5005.0003888024885,5005.016708490237,5005.006031104769,5006.0,5005.001670843776,5005.070762052877,5005.000726216413,5005.000837520938,5005.132171387073,5005.2334830019245,5005.277407631738,5006.0,4992.17,5005.000000041909
org.mockito.internal.util.collections.HashCodeAndEqualsSafeSet.asWrappedMocks(Ljava/util/Collection;)Ljava/util/HashSet; 5004.556768558952,5005.0,5005.001672240803,5005.000836820083,5004.0,5005.132363636364,5005.0,5032.658633371879,5004.003341687552,5115.674844049744,5010.526285558885,5008.0048780487805,5087.975900115636,5005.111111111111,5770.0,5005.000836120401,5005.000836820083,5005.167085427136,5006.25,5005.0003888024885,5005.016708490237,5005.006031104769,5006.0,5005.001670843776,5005.384615384615,5005.000726216413,5005.000837520938,5005.555555555556,5005.714285714285,5005.277407631738,5006.0,4997.01,5005.000000041909
org.mockito.internal.configuration.injection.MockInjection$OngoingMockInjection.<init>(Ljava/util/Set;Ljava/lang/Object;)V 5004.464337700146,5005.0,5005.001670843776,5005.000836120401,5004.0,5005.131636363636,5005.0,5018.453624047073,5004.003338898164,5115.689317057744,5010.5275948735725,5007.001669449081,5031.758176320519,5004.2628903413215,5186.0,5005.000835421888,5005.000836120401,5005.167085076709,5005.151337792642,5005.00038865138,5005.016701497774,5005.00601172166,5006.0,5005.001669449081,5005.070345899728,5005.000726216413,5005.000836820083,5005.131445170661,5005.232349165597,5005.277239709443,5006.0,4992.16,5005.000000041874
org.mockito.internal.configuration.injection.MockInjectionStrategy.nop()Lorg/mockito/internal/configuration/injection/MockInjectionStrategy; 5004.464337700146,5005.0,5005.001670843776,5005.000836120401,5004.0,5005.131636363636,5005.0,5018.453624047073,5004.003338898164,5115.689317057744,5010.5275948735725,5007.001669449081,5031.758176320519,5004.2628903413215,5186.0,5005.000835421888,5005.000836120401,5005.167085076709,5005.151337792642,5005.00038865138,5005.016701497774,5005.00601172166,5006.0,5005.001669449081,5005.070345899728,5005.000726216413,5005.000836820083,5005.131445170661,5005.232349165597,5005.277239709443,5006.0,4992.16,5005.000000041874
org.mockito.internal.util.collections.HashCodeAndEqualsSafeSet$1.<init>(Lorg/mockito/internal/util/collections/HashCodeAndEqualsSafeSet;)V 5004.464337700146,5005.0,5005.001670843776,5005.000836120401,5004.0,5005.131636363636,5005.0,5018.453624047073,5004.003338898164,5115.689317057744,5010.5275948735725,5007.001669449081,5031.758176320519,5004.2628903413215,5186.0,5005.000835421888,5005.000836120401,5005.167085076709,5005.151337792642,5005.00038865138,5005.016701497774,5005.00601172166,5006.0,5005.001669449081,5005.070345899728,5005.000726216413,5005.000836820083,5005.131445170661,5005.232349165597,5005.277239709443,5006.0,4992.16,5005.000000041874
org.mockito.internal.util.collections.HashCodeAndEqualsSafeSet$1.hasNext()Z 5004.464337700146,5005.0,5005.001670843776,5005.000836120401,5004.0,5005.131636363636,5005.0,5018.453624047073,5004.003338898164,5115.689317057744,5010.5275948735725,5007.001669449081,5031.758176320519,5004.2628903413215,5186.0,5005.000835421888,5005.000836120401,5005.167085076709,5005.151337792642,5005.00038865138,5005.016701497774,5005.00601172166,5006.0,5005.001669449081,5005.070345899728,5005.000726216413,5005.000836820083,5005.131445170661,5005.232349165597,5005.277239709443,5006.0,4992.16,5005.000000041874
org.mockito.internal.util.collections.HashCodeAndEqualsSafeSet.iterator()Ljava/util/Iterator; 5004.464337700146,5005.0,5005.001670843776,5005.000836120401,5004.0,5005.131636363636,5005.0,5018.453624047073,5004.003338898164,5115.689317057744,5010.5275948735725,5007.001669449081,5031.758176320519,5004.2628903413215,5186.0,5005.000835421888,5005.000836120401,5005.167085076709,5005.151337792642,5005.00038865138,5005.016701497774,5005.00601172166,5006.0,5005.001669449081,5005.070345899728,5005.000726216413,5005.000836820083,5005.131445170661,5005.232349165597,5005.277239709443,5006.0,4992.16,5005.000000041874
org.mockito.internal.util.collections.HashCodeAndEqualsSafeSet.of(Ljava/lang/Iterable;)Lorg/mockito/internal/util/collections/HashCodeAndEqualsSafeSet; 5004.955604075692,5005.0,5005.001663893511,5005.000832639467,5004.0,5005.128,5005.0,5041.235341863987,5004.003325020782,5115.761591357764,5010.534128602261,5008.044776119403,5113.7060255919605,5005.9070442992015,6318.0,5005.000831946755,5005.000832639467,5005.167083333334,5025.515625,5005.000387897595,5005.016666666666,5005.005914346964,5006.0,5005.001662510391,5005.911172796669,5005.000726216413,5005.0008333333335,5005.953522149601,5005.976208178438,5005.276403138201,5006.0,5002.49,5005.000000041699
org.mockito.internal.util.collections.HashCodeAndEqualsSafeSet.of([Ljava/lang/Object;)Lorg/mockito/internal/util/collections/HashCodeAndEqualsSafeSet; 5004.460698689956,5005.0,5005.001663893511,5005.000832639467,5004.0,5005.128,5005.0,5018.266499161422,5004.003325020782,5115.761591357764,5010.534128602261,5007.001662510391,5031.381811916546,5004.255628177197,5181.0,5005.000831946755,5005.000832639467,5005.167083333334,5005.146544546212,5005.000387897595,5005.016666666666,5005.005914346964,5006.0,5005.001662510391,5005.068269976726,5005.000726216413,5005.0008333333335,5005.127814088599,5005.226658081133,5005.276403138201,5006.0,4992.11,5005.000000041699
org.mockito.internal.util.collections.HashCodeAndEqualsSafeSet.<init>()V 5004.457787481805,5005.0,5005.001658374793,5005.000829875518,5004.0,5005.125090909091,5005.0,5018.114877048604,5004.003314001657,5115.819302363452,5010.539340248807,5007.001657000828,5031.07680962081,5004.249818445897,5177.0,5005.000829187396,5005.000829875518,5005.167081949059,5005.142738589212,5005.000387296669,5005.016638958141,5005.0058358728575,5006.0,5005.001657000828,5005.066615027111,5005.000726216413,5005.000830564784,5005.124909222948,5005.222078760491,5005.275737507525,5006.0,4992.07,5005.00000004156
org.mockito.internal.progress.ThreadSafeMockingProgress.validateState()V 5004.441048034934,5005.0,5005.0016273393,5005.0008143322475,5004.0,5005.108363636364,5005.0,5017.206555615734,5004.00325203252,5116.149294771426,5010.569046848432,5007.00162601626,5029.248711305964,5004.216412490922,5154.0,5005.00081366965,5005.0008143322475,5005.167074164629,5005.121335504886,5005.000383877159,5005.016482272547,5005.00537328419,5006.0,5005.00162601626,5005.057197696737,5005.000726216413,5005.000814995925,5005.108206245462,5005.195281782438,5005.271971496437,5006.0,4991.84,5005.000000040781
org.mockito.internal.util.Checks.checkNotNull(Ljava/lang/Object;Ljava/lang/String;)Ljava/lang/Object; 5004.997088791849,5005.0,5005.001622060016,5005.000811688312,5004.0,5005.105454545454,5005.0,5042.0135110466435,5004.003241491086,5116.2206215571005,5010.575447030122,5008.3,5116.040533139931,5005.9898329702255,6375.0,5005.000811030008,5005.000811688312,5005.167072840509,5200.714285714285,5005.000383288616,5005.016455472087,5005.005290577054,5006.0,5005.001620745543,5005.989884393063,5005.000726216413,5005.000812347685,5005.994916485112,5005.997451765563,5005.271327014218,5006.0,5002.8,5005.000000040648
org.mockito.internal.configuration.GlobalConfiguration.validate()V 5004.401018922853,5005.0,5005.0015576323985,5005.000779423227,5004.0,5005.068363636364,5005.0,5014.695359714833,5004.003112840467,5116.92607230775,5010.638356173243,5007.001556420233,5024.183326093251,5004.136528685548,5099.0,5005.000778816199,5005.000779423227,5005.167056682268,5005.0732657833205,5005.00037593985,5005.016124837996,5005.004150717152,5006.0,5005.001556420233,5005.035338345865,5005.000726216413,5005.000780031201,5005.0682643427745,5005.12780421482,5005.263369752732,5006.0,4991.29,5005.00000003903
org.mockito.internal.progress.ArgumentMatcherStorageImpl.validateState()V 5004.995633187773,5005.0,5005.0015576323985,5005.000779423227,5004.0,5005.068363636364,5005.0,5041.986484017814,5004.003112840467,5116.92607230775,5010.638356173243,5008.25,5115.959452053442,5005.986928104575,6373.0,5005.000778816199,5005.000779423227,5005.167056682268,5157.0,5005.00037593985,5005.016124837996,5005.004150717152,5006.0,5005.001556420233,5005.987012987013,5005.000726216413,5005.000780031201,5005.993464052288,5005.996721311475,5005.263369752732,5006.0,5002.6,5005.00000003903
org.mockito.internal.progress.MockingProgressImpl.getArgumentMatcherStorage()Lorg/mockito/internal/progress/ArgumentMatcherStorage; 5004.401018922853,5005.0,5005.0015576323985,5005.000779423227,5004.0,5005.068363636364,5005.0,5014.695359714833,5004.003112840467,5116.92607230775,5010.638356173243,5007.001556420233,5024.183326093251,5004.136528685548,5099.0,5005.000778816199,5005.000779423227,5005.167056682268,5005.0732657833205,5005.00037593985,5005.016124837996,5005.004150717152,5006.0,5005.001556420233,5005.035338345865,5005.000726216413,5005.000780031201,5005.0682643427745,5005.12780421482,5005.263369752732,5006.0,4991.29,5005.00000003903
org.mockito.internal.progress.MockingProgressImpl.validateMostStuff()V 5004.991994177583,5005.0,5005.0015576323985,5005.000779423227,5004.0,5005.068363636364,5005.0,5041.91882988395,5004.003112840467,5116.92607230775,5010.638356173243,5008.176470588235,5115.756489651849,5005.97966594045,6368.0,5005.000778816199,5005.000779423227,5005.167056682268,5102.357142857143,5005.00037593985,5005.016124837996,5005.004150717152,5006.0,5005.001556420233,5005.979870596693,5005.000726216413,5005.000780031201,5005.9898329702255,5005.994890510949,5005.263369752732,5006.0,5002.99,5005.00000003903
org.mockito.internal.progress.ThreadSafeMockingProgress.threadSafely()Lorg/mockito/internal/progress/MockingProgress; 5004.990538573508,5005.0,5005.0015576323985,5005.000779423227,5004.0,5005.068363636364,5005.0,5041.891733491393,5004.003112840467,5116.92607230775,5010.638356173243,5008.1578947368425,5115.67520047418,5005.9767610748,6366.0,5005.000778816199,5005.000779423227,5005.167056682268,5090.0625,5005.00037593985,5005.016124837996,5005.004150717152,5006.0,5005.001556420233,5005.977027997128,5005.000726216413,5005.000780031201,5005.9883805374,5005.99415631848,5005.263369752732,5006.0,5002.97,5005.00000003903
org.mockito.internal.configuration.GlobalConfiguration.<init>()V 5004.991266375546,5005.0,5005.001537279016,5005.000769230769,5004.0,5005.056,5005.0,5041.9052841744915,5004.00307219662,5117.1627790407065,5010.65930800269,5008.166666666667,5115.715852523475,5005.978213507626,6367.0,5005.000768639508,5005.000769230769,5005.167051578137,5095.8,5005.000373552484,5005.016018977711,5005.003718841953,5006.0,5005.001536098311,5005.978448275862,5005.000726216413,5005.000769822941,5005.989106753813,5005.99452354874,5005.260820045558,5006.0,5002.98,5005.000000038519
