org.mockito.internal.creation.instance.ConstructorInstantiator.paramsException(Ljava/lang/Class;Ljava/lang/Exception;)Lorg/mockito/internal/creation/instance/InstantationException; 50001.99925650557,50001.0,50002.0,50002.0,51345.0,50001.99925705795,50002.0,50037.674241641784,50001.333333333336,50077.34848328357,50002.0,50001.0,50001.0,50001.9985141159,51346.0,50001.5,50002.0,50001.75,51346.0,50001.0007423905,50001.707106781185,50001.70684386734,50001.0,50001.666666666664,50001.998515219006,50001.00074294205,50001.5,50001.99925705795,50001.999628390935,50001.99925705795,50002.0,50001.0,50001.5
org.mockito.internal.creation.instance.ConstructorInstantiator.withOuterClass(Ljava/lang/Class;)Ljava/lang/Object; 50001.99925650557,50001.0,50002.0,50002.0,51345.0,50001.99925705795,50002.0,50037.674241641784,50001.333333333336,50077.762696845944,50002.189207115,50001.0,50001.0,50001.9985141159,51346.0,50001.5,50002.0,50001.75,51346.0,50001.0007423905,50001.707106781185,50001.70684386734,50001.0,50001.666666666664,50001.998515219006,50001.00074294205,50001.5,50001.99925705795,50001.999628390935,50001.99925705795,50002.0,50001.0,50001.5
org.mockito.internal.creation.instance.ConstructorInstantiator.newInstance(Ljava/lang/Class;)Ljava/lang/Object; 50001.99851301115,50001.0,50001.666666666664,50001.5,51344.0,50001.9985141159,50002.0,50037.66060555965,50001.0,50079.51076094374,50002.77827941004,50002.1,50037.565010597566,50001.997028231795,51345.0,50001.333333333336,50001.5,50001.666666666664,50673.0,50001.000741839765,50001.57735026919,50001.57692085279,50001.0,50001.5,50001.99703264095,50001.00074294205,50001.333333333336,50001.9985141159,50001.99925650557,50001.998515219006,50002.0,50000.0,50001.333333333336
org.mockito.internal.creation.instance.InstantationException.<init>(Ljava/lang/String;Ljava/lang/Throwable;)V 50001.997769516725,50001.0,50001.5,50001.333333333336,51343.0,50001.99777117385,50002.0,50037.64696440362,50000.8,50078.08053409114,50002.31607401295,50001.0,50001.0,50001.9955423477,51344.0,50001.25,50001.333333333336,50001.625,50448.666666666664,50001.00074128984,50001.5,50001.49944206789,50001.0,50001.4,50001.99555226093,50001.00074294205,50001.25,50001.99777117385,50001.99888434362,50001.99777448071,50002.0,49999.9,50001.25
org.mockito.internal.configuration.GlobalConfiguration.getIt()Lorg/mockito/configuration/IMockitoConfiguration; 50001.18661710037,50001.0,50001.00182648402,50001.00091407678,50252.0,50001.18722139673,50002.0,50016.874507866385,50000.00364963504,50109.42415410065,50006.75114517441,50001.0,50001.0,50000.374442793465,50253.0,50001.00091324201,50001.00091407678,50001.500456621005,50001.23034734918,50001.000409836066,50001.03021989426,50001.01305475299,50001.0,50001.00182481752,50001.103278688526,50001.00074294205,50001.00091324201,50001.18722139673,50001.3153942428,50001.55145551456,50002.0,49989.16,50001.00091324201
org.mockito.internal.progress.ArgumentMatcherStorageImpl.reset()V 50001.185130111524,50001.0,50001.00182315406,50001.00091240876,50250.0,50001.18573551263,50002.0,50016.81138830084,50000.00364298725,50109.454373998065,50006.753771868476,50001.0,50001.0,50000.37147102526,50251.0,50001.00091157703,50001.00091240876,50001.50045578851,50001.22810218978,50001.00040950041,50001.03019233393,50001.01299077969,50001.0,50001.00182149363,50001.102375102375,50001.00074294205,50001.00091157703,50001.18573551263,50001.31328320802,50001.55100368701,50002.0,49989.14,50001.00091157703
org.mockito.internal.progress.MockingProgressImpl.reset()V 50001.185130111524,50001.0,50001.00182315406,50001.00091240876,50250.0,50001.18573551263,50002.0,50016.81138830084,50000.00364298725,50109.454373998065,50006.753771868476,50001.0,50001.0,50000.37147102526,50251.0,50001.00091157703,50001.00091240876,50001.50045578851,50001.22810218978,50001.00040950041,50001.03019233393,50001.01299077969,50001.0,50001.00182149363,50001.102375102375,50001.00074294205,50001.00091157703,50001.18573551263,50001.31328320802,50001.55100368701,50002.0,49989.14,50001.00091157703
org.mockito.internal.progress.ThreadSafeMockingProgress.reset()V 50001.185130111524,50001.0,50001.00182315406,50001.00091240876,50250.0,50001.18573551263,50002.0,50016.81138830084,50000.00364298725,50109.454373998065,50006.753771868476,50001.0,50001.0,50000.37147102526,50251.0,50001.00091157703,50001.00091240876,50001.50045578851,50001.22810218978,50001.00040950041,50001.03019233393,50001.01299077969,50001.0,50001.00182149363,50001.102375102375,50001.00074294205,50001.00091157703,50001.18573551263,50001.31328320802,50001.55100368701,50002.0,49989.14,50001.00091157703
org.mockito.internal.progress.ThreadSafeMockingProgress.resetOngoingStubbing()V 50001.179182156135,50001.0,50001.00180995475,50001.000905797104,50242.0,50001.179791976225,50002.0,50016.5563491861,50000.00361663653,50109.57497873524,50006.7642428342,50001.0,50001.0,50000.35958395245,50243.0,50001.00090497737,50001.000905797104,50001.50045248869,50001.21920289855,50001.000408163265,50001.03008284188,50001.01273404089,50001.0,50001.001808318266,50001.0987755102,50001.00074294205,50001.00090497737,50001.179791976225,50001.30478589421,50001.54920375664,50002.0,49989.06,50001.00090497737
org.mockito.internal.progress.MockingProgressImpl.resetOngoingStubbing()V 50001.173234200745,50001.0,50001.001796945195,50001.000899280574,50234.0,50001.17384843982,50002.0,50016.297058540775,50000.00359066427,50109.695147284634,50006.77465704619,50001.0,50001.0,50000.347696879646,50235.0,50001.000898472594,50001.000899280574,50001.5004492363,50001.210431654676,50001.00040683483,50001.02997453247,50001.0124758239,50001.0,50001.00179533214,50001.09519934907,50001.00074294205,50001.000898472594,50001.17384843982,50001.296202531645,50001.547415547415,50002.0,49988.98,50001.000898472594
org.mockito.MockitoAnnotations.initMocks(Ljava/lang/Object;)V 50001.13159851301,50001.0,50001.00171086399,50001.000856164384,50178.0,50001.132243684995,50002.0,50037.64696440362,50000.00341880342,50110.53912527813,50006.847276459564,50002.25,50037.64696440362,50001.9955423477,51344.0,50001.000855431994,50001.000856164384,50001.500427716,50448.666666666664,50001.00039777248,50001.02924776903,50001.010610069665,50001.0,50001.00170940171,50001.99555226093,50001.00074294205,50001.000855431994,50001.99777117385,50001.99888434362,50001.53521687227,50002.0,49999.0,50001.000855431994
org.mockito.internal.configuration.DefaultInjectionEngine.<init>()V 50001.13159851301,50001.0,50001.00171086399,50001.000856164384,50178.0,50001.132243684995,50002.0,50014.34166406413,50000.00341880342,50110.52449826484,50006.84602557139,50001.0,50001.0,50000.26448736998,50179.0,50001.000855431994,50001.000856164384,50001.500427716,50001.15239726027,50001.00039777248,50001.02924776903,50001.010610069665,50001.0,50001.00170940171,50001.0708035004,50001.00074294205,50001.000855431994,50001.132243684995,50001.23359580053,50001.53521687227,50002.0,49988.42,50001.000855431994
org.mockito.internal.configuration.InjectingAnnotationEngine.injectMocks(Ljava/lang/Object;)V 50001.13159851301,50001.0,50001.00171086399,50001.000856164384,50178.0,50001.132243684995,50002.0,50014.34166406413,50000.00341880342,50110.52449826484,50006.84602557139,50001.0,50001.0,50000.26448736998,50179.0,50001.000855431994,50001.000856164384,50001.500427716,50001.15239726027,50001.00039777248,50001.02924776903,50001.010610069665,50001.0,50001.00170940171,50001.0708035004,50001.00074294205,50001.000855431994,50001.132243684995,50001.23359580053,50001.53521687227,50002.0,49988.42,50001.000855431994
org.mockito.internal.configuration.InjectingAnnotationEngine.process(Ljava/lang/Class;Ljava/lang/Object;)V 50001.13159851301,50001.0,50001.00171086399,50001.000856164384,50178.0,50001.132243684995,50002.0,50014.34166406413,50000.00341880342,50110.52449826484,50006.84602557139,50001.0,50001.0,50000.26448736998,50179.0,50001.000855431994,50001.000856164384,50001.500427716,50001.15239726027,50001.00039777248,50001.02924776903,50001.010610069665,50001.0,50001.00170940171,50001.0708035004,50001.00074294205,50001.000855431994,50001.132243684995,50001.23359580053,50001.53521687227,50002.0,49988.42,50001.000855431994
org.mockito.internal.configuration.InjectingAnnotationEngine.processIndependentAnnotations(Ljava/lang/Class;Ljava/lang/Object;)V 50001.13159851301,50001.0,50001.00171086399,50001.000856164384,50178.0,50001.132243684995,50002.0,50014.34166406413,50000.00341880342,50110.52449826484,50006.84602557139,50001.0,50001.0,50000.26448736998,50179.0,50001.000855431994,50001.000856164384,50001.500427716,50001.15239726027,50001.00039777248,50001.02924776903,50001.010610069665,50001.0,50001.00170940171,50001.0708035004,50001.00074294205,50001.000855431994,50001.132243684995,50001.23359580053,50001.53521687227,50002.0,49988.42,50001.000855431994
org.mockito.internal.configuration.injection.MockInjection$OngoingMockInjection.handleSpyAnnotation()Lorg/mockito/internal/configuration/injection/MockInjection$OngoingMockInjection; 50001.13159851301,50001.0,50001.00171086399,50001.000856164384,50178.0,50001.132243684995,50002.0,50014.34166406413,50000.00341880342,50110.52449826484,50006.84602557139,50001.0,50001.0,50000.26448736998,50179.0,50001.000855431994,50001.000856164384,50001.500427716,50001.15239726027,50001.00039777248,50001.02924776903,50001.010610069665,50001.0,50001.00170940171,50001.0708035004,50001.00074294205,50001.000855431994,50001.132243684995,50001.23359580053,50001.53521687227,50002.0,49988.42,50001.000855431994
org.mockito.internal.configuration.injection.MockInjectionStrategy.thenTry(Lorg/mockito/internal/configuration/injection/MockInjectionStrategy;)Lorg/mockito/internal/configuration/injection/MockInjectionStrategy; 50001.13159851301,50001.0,50001.00171086399,50001.000856164384,50178.0,50001.132243684995,50002.0,50014.34166406413,50000.00341880342,50110.58296882082,50006.85102431521,50001.0,50001.0,50000.26448736998,50179.0,50001.000855431994,50001.000856164384,50001.500427716,50001.15239726027,50001.00039777248,50001.02924776903,50001.010610069665,50001.0,50001.00170940171,50001.0708035004,50001.00074294205,50001.000855431994,50001.132243684995,50001.23359580053,50001.53521687227,50002.0,49988.42,50001.000855431994
org.mockito.internal.configuration.injection.SpyOnInjectedFieldsHandler.<init>()V 50001.13159851301,50001.0,50001.00171086399,50001.000856164384,50178.0,50001.132243684995,50002.0,50014.34166406413,50000.00341880342,50110.52449826484,50006.84602557139,50001.0,50001.0,50000.26448736998,50179.0,50001.000855431994,50001.000856164384,50001.500427716,50001.15239726027,50001.00039777248,50001.02924776903,50001.010610069665,50001.0,50001.00170940171,50001.0708035004,50001.00074294205,50001.000855431994,50001.132243684995,50001.23359580053,50001.53521687227,50002.0,49988.42,50001.000855431994
org.mockito.internal.configuration.injection.scanner.InjectMocksScanner.scan()Ljava/util/Set; 50001.13159851301,50001.0,50001.00171086399,50001.000856164384,50178.0,50001.132243684995,50002.0,50036.93048844644,50000.00341880342,50110.52449826484,50006.84602557139,50002.017857142855,50036.93048844644,50001.91827637444,51292.0,50001.000855431994,50001.000856164384,50001.500427716,50024.472727272725,50001.00039777248,50001.02924776903,50001.010610069665,50001.0,50001.00170940171,50001.921484653816,50001.00074294205,50001.000855431994,50001.95913818722,50001.979142965494,50001.53521687227,50002.0,49998.56,50001.000855431994
org.mockito.internal.configuration.injection.scanner.MockScanner.addPreparedMocks(Ljava/util/Set;)V 50001.13159851301,50001.0,50001.00171086399,50001.000856164384,50178.0,50001.132243684995,50002.0,50014.34166406413,50000.00341880342,50110.52449826484,50006.84602557139,50001.0,50001.0,50000.26448736998,50179.0,50001.000855431994,50001.000856164384,50001.500427716,50001.15239726027,50001.00039777248,50001.02924776903,50001.010610069665,50001.0,50001.00170940171,50001.0708035004,50001.00074294205,50001.000855431994,50001.132243684995,50001.23359580053,50001.53521687227,50002.0,49988.42,50001.000855431994
org.mockito.internal.configuration.DefaultAnnotationEngine.<init>()V 50001.130855018586,50001.0,50001.00170940171,50001.000855431994,50177.0,50001.131500742944,50002.0,50014.30413469565,50000.00341588386,50110.53912527813,50006.847276459564,50001.0,50001.0,50000.26300148588,50178.0,50001.000854700855,50001.000855431994,50001.50042735043,50001.151411462786,50001.00039761431,50001.02923526731,50001.010575532906,50001.0,50001.00170794193,50001.070377733595,50001.00074294205,50001.000854700855,50001.131500742944,50001.23243598161,50001.535003977726,50002.0,49988.41,50001.000854700855
org.mockito.internal.configuration.GlobalConfiguration.getAnnotationEngine()Lorg/mockito/configuration/AnnotationEngine; 50001.130855018586,50001.0,50001.00170940171,50001.000855431994,50177.0,50001.131500742944,50002.0,50014.30413469565,50000.00341588386,50110.53912527813,50006.847276459564,50001.0,50001.0,50000.26300148588,50178.0,50001.000854700855,50001.000855431994,50001.50042735043,50001.151411462786,50001.00039761431,50001.02923526731,50001.010575532906,50001.0,50001.00170794193,50001.070377733595,50001.00074294205,50001.000854700855,50001.131500742944,50001.23243598161,50001.535003977726,50002.0,49988.41,50001.000854700855
org.mockito.internal.configuration.MockitoAnnotationsMockAnnotationProcessor.<init>()V 50001.130855018586,50001.0,50001.00170940171,50001.000855431994,50177.0,50001.131500742944,50002.0,50014.30413469565,50000.00341588386,50110.53912527813,50006.847276459564,50001.0,50001.0,50000.26300148588,50178.0,50001.000854700855,50001.000855431994,50001.50042735043,50001.151411462786,50001.00039761431,50001.02923526731,50001.010575532906,50001.0,50001.00170794193,50001.070377733595,50001.00074294205,50001.000854700855,50001.131500742944,50001.23243598161,50001.535003977726,50002.0,49988.41,50001.000854700855
org.mockito.internal.configuration.SpyAnnotationEngine.<init>()V 50001.130855018586,50001.0,50001.00170940171,50001.000855431994,50177.0,50001.131500742944,50002.0,50014.30413469565,50000.00341588386,50110.53912527813,50006.847276459564,50001.0,50001.0,50000.26300148588,50178.0,50001.000854700855,50001.000855431994,50001.50042735043,50001.151411462786,50001.00039761431,50001.02923526731,50001.010575532906,50001.0,50001.00170794193,50001.070377733595,50001.00074294205,50001.000854700855,50001.131500742944,50001.23243598161,50001.535003977726,50002.0,49988.41,50001.000854700855
org.mockito.internal.configuration.injection.ConstructorInjection.<init>()V 50001.130111524166,50001.0,50001.00170794193,50001.000854700855,50176.0,50001.13075780089,50002.0,50014.26649916142,50000.00341296929,50110.553746036545,50006.848526545466,50001.0,50001.0,50000.261515601786,50177.0,50001.00085397097,50001.000854700855,50001.50042698548,50001.150427350425,50001.00039745628,50001.02922278161,50001.01054094227,50001.0,50001.00170648464,50001.069952305246,50001.00074294205,50001.00085397097,50001.13075780089,50001.23127463863,50001.53479125249,50002.0,49988.4,50001.00085397097
org.mockito.internal.configuration.injection.filter.FinalMockCandidateFilter.<init>()V 50001.130111524166,50001.0,50001.00170794193,50001.000854700855,50176.0,50001.13075780089,50002.0,50014.26649916142,50000.00341296929,50110.553746036545,50006.848526545466,50001.0,50001.0,50000.261515601786,50177.0,50001.00085397097,50001.000854700855,50001.50042698548,50001.150427350425,50001.00039745628,50001.02922278161,50001.01054094227,50001.0,50001.00170648464,50001.069952305246,50001.00074294205,50001.00085397097,50001.13075780089,50001.23127463863,50001.53479125249,50002.0,49988.4,50001.00085397097
org.mockito.configuration.DefaultMockitoConfiguration.<init>()V 50001.12788104089,50001.0,50001.001703577516,50001.00085251492,50173.0,50001.12852897474,50002.0,50014.152946437964,50000.003404255316,50110.59757086266,50006.85227200146,50001.0,50001.0,50000.25705794948,50174.0,50001.000851788755,50001.00085251492,50001.50042589438,50001.14748508099,50001.00039698293,50001.02918542027,50001.01043684017,50001.0,50001.00170212766,50001.068678046846,50001.00074294205,50001.000851788755,50001.12852897474,50001.227781435155,50001.53415409055,50002.0,49988.37,50001.000851788755
org.mockito.internal.util.Checks.checkItemsNotNull(Ljava/lang/Iterable;Ljava/lang/String;)Ljava/lang/Iterable; 50001.12788104089,50001.0,50001.001703577516,50001.00085251492,50173.0,50001.12852897474,50002.0,50036.8747822293,50000.003404255316,50110.62675628557,50006.85476498264,50002.01666666667,50036.8747822293,50001.91233283804,51288.0,50001.000851788755,50001.00085251492,50001.50042589438,50022.813559322036,50001.00039698293,50001.02918542027,50001.01043684017,50001.0,50001.00170212766,50001.91601423488,50001.00074294205,50001.000851788755,50001.95616641902,50001.977592100266,50001.53415409055,50002.0,49998.52,50001.000851788755
org.mockito.internal.configuration.injection.MockInjection$OngoingMockInjection.<init>(Ljava/util/Set;Ljava/lang/Object;Lorg/mockito/internal/configuration/injection/MockInjection$1;)V 50001.125650557624,50001.0,50001.00169923534,50001.00085034013,50170.0,50001.126300148586,50002.0,50014.0384048104,50000.003395585736,50110.64133968253,50006.85601027996,50001.0,50001.0,50000.25260029718,50171.0,50001.000849617674,50001.00085034013,50001.50042480884,50001.14455782313,50001.0003965107,50001.029148201866,50001.01033222794,50001.0,50001.00169779287,50001.06740681998,50001.00074294205,50001.000849617674,50001.126300148586,50001.22427440633,50001.53351844506,50002.0,49988.34,50001.000849617674
org.mockito.internal.configuration.injection.MockInjectionStrategy$1.<init>()V 50001.125650557624,50001.0,50001.00169923534,50001.00085034013,50170.0,50001.126300148586,50002.0,50014.0384048104,50000.003395585736,50110.64133968253,50006.85601027996,50001.0,50001.0,50000.25260029718,50171.0,50001.000849617674,50001.00085034013,50001.50042480884,50001.14455782313,50001.0003965107,50001.029148201866,50001.01033222794,50001.0,50001.00169779287,50001.06740681998,50001.00074294205,50001.000849617674,50001.126300148586,50001.22427440633,50001.53351844506,50002.0,49988.34,50001.000849617674
org.mockito.internal.configuration.injection.MockInjectionStrategy.<init>()V 50001.125650557624,50001.0,50001.00169923534,50001.00085034013,50170.0,50001.126300148586,50002.0,50014.0384048104,50000.003395585736,50110.64133968253,50006.85601027996,50001.0,50001.0,50000.25260029718,50171.0,50001.000849617674,50001.00085034013,50001.50042480884,50001.14455782313,50001.0003965107,50001.029148201866,50001.01033222794,50001.0,50001.00169779287,50001.06740681998,50001.00074294205,50001.000849617674,50001.126300148586,50001.22427440633,50001.53351844506,50002.0,49988.34,50001.000849617674
org.mockito.internal.util.collections.HashCodeAndEqualsSafeSet.access$000(Lorg/mockito/internal/util/collections/HashCodeAndEqualsSafeSet;)Ljava/util/HashSet; 50001.125650557624,50001.0,50001.00169923534,50001.00085034013,50170.0,50001.126300148586,50002.0,50014.0384048104,50000.003395585736,50110.64133968253,50006.85601027996,50001.0,50001.0,50000.25260029718,50171.0,50001.000849617674,50001.00085034013,50001.50042480884,50001.14455782313,50001.0003965107,50001.029148201866,50001.01033222794,50001.0,50001.00169779287,50001.06740681998,50001.00074294205,50001.000849617674,50001.126300148586,50001.22427440633,50001.53351844506,50002.0,49988.34,50001.000849617674
org.mockito.internal.util.collections.Sets.newMockSafeHashSet([Ljava/lang/Object;)Ljava/util/Set; 50001.125650557624,50001.0,50001.00169923534,50001.00085034013,50170.0,50001.126300148586,50002.0,50014.0384048104,50000.003395585736,50110.64133968253,50006.85601027996,50001.0,50001.0,50000.25260029718,50171.0,50001.000849617674,50001.00085034013,50001.50042480884,50001.14455782313,50001.0003965107,50001.029148201866,50001.01033222794,50001.0,50001.00169779287,50001.06740681998,50001.00074294205,50001.000849617674,50001.126300148586,50001.22427440633,50001.53351844506,50002.0,49988.34,50001.000849617674
org.mockito.internal.progress.MockingProgressImpl.validateState()V 50001.11301115242,50001.0,50001.00167504187,50001.000838222964,50153.0,50001.11367013373,50002.0,50037.57868231634,50000.00334728033,50110.88831536191,50006.877059815786,50002.11111111111,50037.57868231634,50001.98811292719,51339.0,50001.000837520936,50001.000838222964,50001.50041876047,50168.25,50001.00039385585,50001.028939954005,50001.00972878237,50001.0,50001.00167364017,50001.988183161004,50001.00074294205,50001.000837520936,50001.9940564636,50001.99701937407,50001.529944838454,50002.0,49998.5,50001.000837520936
org.mockito.internal.progress.ThreadSafeMockingProgress.<init>()V 50001.06394052045,50001.0,50001.00158730159,50001.00079428118,50087.0,50001.0646359584,50002.0,50010.32737905309,50000.00317208565,50111.830873281986,50006.95670966209,50001.0,50001.0,50000.12927191679,50088.0,50001.0007936508,50001.00079428118,50001.500396825395,50001.06910246227,50001.00038387716,50001.02817180849,50001.00712365389,50001.0,50001.001586042825,50001.03339731286,50001.00074294205,50001.0007936508,50001.0646359584,50001.12142358688,50001.516513056835,50002.0,49987.51,50001.0007936508
org.mockito.internal.util.MockUtil.<init>()V 50001.0594795539,50001.0,50001.00157977883,50001.00079051383,50081.0,50001.06017830609,50002.0,50010.0,50000.00315706393,50111.91532177113,50006.96379396757,50001.0,50001.0,50000.120356612184,50082.0,50001.00078988942,50001.00079051383,50001.500394944705,50001.06403162055,50001.00038299502,50001.02810497137,50001.00685436139,50001.0,50001.00157853196,50001.031022596704,50001.00074294205,50001.00078988942,50001.06017830609,50001.113524877364,50001.5153256705,50002.0,49987.45,50001.00078988942
org.mockito.internal.configuration.CaptorAnnotationProcessor.<init>()V 50001.130855018586,50001.0,50001.00170940171,50001.000855431994,50177.0,50001.131500742944,50002.0,50014.30413469565,50000.00341588386,50110.53912527813,50006.847276459564,50001.0,50001.0,50000.26300148588,50178.0,50001.000854700855,50001.000855431994,50001.50042735043,50001.151411462786,50001.00039761431,50001.02923526731,50001.010575532906,50001.0,50001.00170794193,50001.070377733595,50001.00074294205,50001.000854700855,50001.131500742944,50001.23243598161,50001.535003977726,50002.0,49988.41,50001.000854700855
org.mockito.internal.configuration.MockAnnotationProcessor.<init>()V 50001.130855018586,50001.0,50001.00170940171,50001.000855431994,50177.0,50001.131500742944,50002.0,50014.30413469565,50000.00341588386,50110.53912527813,50006.847276459564,50001.0,50001.0,50000.26300148588,50178.0,50001.000854700855,50001.000855431994,50001.50042735043,50001.151411462786,50001.00039761431,50001.02923526731,50001.010575532906,50001.0,50001.00170794193,50001.070377733595,50001.00074294205,50001.000854700855,50001.131500742944,50001.23243598161,50001.535003977726,50002.0,49988.41,50001.000854700855
org.mockito.internal.configuration.injection.PropertyAndSetterInjection$1.<init>(Lorg/mockito/internal/configuration/injection/PropertyAndSetterInjection;)V 50001.130111524166,50001.0,50001.00170794193,50001.000854700855,50176.0,50001.13075780089,50002.0,50014.26649916142,50000.00341296929,50110.553746036545,50006.848526545466,50001.0,50001.0,50000.261515601786,50177.0,50001.00085397097,50001.000854700855,50001.50042698548,50001.150427350425,50001.00039745628,50001.02922278161,50001.01054094227,50001.0,50001.00170648464,50001.069952305246,50001.00074294205,50001.00085397097,50001.13075780089,50001.23127463863,50001.53479125249,50002.0,49988.4,50001.00085397097
org.mockito.internal.configuration.injection.PropertyAndSetterInjection$FieldTypeAndNameComparator.<init>()V 50001.12713754647,50001.0,50001.00170212766,50001.000851788755,50172.0,50001.12778603269,50002.0,50014.1148770486,50000.00340136055,50110.612166681596,50006.85351889021,50001.0,50001.0,50000.255572065376,50173.0,50001.00085106383,50001.000851788755,50001.500425531915,50001.1465076661,50001.000396825395,50001.0291729983,50001.010402027074,50001.0,50001.001700680274,50001.06825396825,50001.00074294205,50001.00085106383,50001.12778603269,50001.226613965744,50001.53394204049,50002.0,49988.36,50001.00085106383
org.mockito.internal.creation.instance.ConstructorInstantiator.<init>(Ljava/lang/Object;)V 5005.9925650557625,5005.0,5005.181818181818,5005.1,6340.0,5005.992570579495,5006.0,5041.5513337649945,5004.333333333333,5083.510760943737,5006.7782794100385,5005.0,5005.0,5005.98514115899,6341.0,5005.090909090909,5005.1,5005.545454545455,5138.6,5005.000737463127,5005.301511344578,5005.300388393397,5005.0,5005.166666666667,5005.9852507374635,5005.00074294205,5005.090909090909,5005.992570579495,5005.996271439224,5005.992619926199,5006.0,5003.2,5005.090909090909
org.mockito.MockitoAnnotations.scanDeprecatedWay(Lorg/mockito/configuration/AnnotationEngine;Ljava/lang/Object;Ljava/lang/Class;)V 5005.131598513011,5005.0,5005.001710863986,5005.000856164384,5182.0,5005.132243684992,5006.0,5024.773719933285,5004.003418803419,5114.539125278126,5010.847276459563,5006.001046025104,5024.773719933285,5004.580980683507,5396.0,5005.000855431993,5005.000856164384,5005.500427715997,5005.409424083769,5005.000397772475,5005.029247769029,5005.010610069664,5005.0,5005.001709401709,5005.169926119079,5005.00074294205,5005.000855431993,5005.290490341753,5005.450201496834,5005.535216872264,5006.0,4993.56,5005.000855431993
org.mockito.internal.configuration.DefaultAnnotationEngine.process(Ljava/lang/Class;Ljava/lang/Object;)V 5005.131598513011,5005.0,5005.001710863986,5005.000856164384,5182.0,5005.132243684992,5006.0,5033.72281323269,5004.003418803419,5114.524498264839,5010.8460255713835,5006.001915708813,5033.72281323269,5005.225854383358,5830.0,5005.000855431993,5005.000856164384,5005.500427715997,5006.58349328215,5005.000397772475,5005.029247769029,5005.010610069664,5005.0,5005.001709401709,5005.4418853776115,5005.00074294205,5005.000855431993,5005.612927191679,5005.760018424689,5005.535216872264,5006.0,4997.9,5005.000855431993
org.mockito.internal.configuration.DefaultInjectionEngine.injectMocksOnFields(Ljava/util/Set;Ljava/util/Set;Ljava/lang/Object;)V 5005.131598513011,5005.0,5005.001710863986,5005.000856164384,5182.0,5005.132243684992,5006.0,5018.341664064126,5004.003418803419,5114.524498264839,5010.8460255713835,5005.0,5005.0,5004.2644873699855,5183.0,5005.000855431993,5005.000856164384,5005.500427715997,5005.152397260274,5005.000397772475,5005.029247769029,5005.010610069664,5005.0,5005.001709401709,5005.070803500398,5005.00074294205,5005.000855431993,5005.132243684992,5005.233595800525,5005.535216872264,5006.0,4992.42,5005.000855431993
org.mockito.internal.configuration.InjectingAnnotationEngine.processInjectMocks(Ljava/lang/Class;Ljava/lang/Object;)V 5005.131598513011,5005.0,5005.001710863986,5005.000856164384,5182.0,5005.132243684992,5006.0,5018.341664064126,5004.003418803419,5114.524498264839,5010.8460255713835,5005.0,5005.0,5004.2644873699855,5183.0,5005.000855431993,5005.000856164384,5005.500427715997,5005.152397260274,5005.000397772475,5005.029247769029,5005.010610069664,5005.0,5005.001709401709,5005.070803500398,5005.00074294205,5005.000855431993,5005.132243684992,5005.233595800525,5005.535216872264,5006.0,4992.42,5005.000855431993
org.mockito.internal.configuration.SpyAnnotationEngine.process(Ljava/lang/Class;Ljava/lang/Object;)V 5005.131598513011,5005.0,5005.001710863986,5005.000856164384,5182.0,5005.132243684992,5006.0,5041.6060104354465,5004.003418803419,5114.524498264839,5010.8460255713835,5006.142857142857,5041.6060104354465,5005.9910846953935,6345.0,5005.000855431993,5005.000856164384,5005.500427715997,5228.333333333333,5005.000397772475,5005.029247769029,5005.010610069664,5005.0,5005.001709401709,5005.991124260355,5005.00074294205,5005.000855431993,5005.995542347697,5005.997766195085,5005.535216872264,5006.0,5002.7,5005.000855431993
org.mockito.internal.configuration.injection.scanner.InjectMocksScanner.<init>(Ljava/lang/Class;)V 5005.131598513011,5005.0,5005.001710863986,5005.000856164384,5182.0,5005.132243684992,5006.0,5018.341664064126,5004.003418803419,5114.524498264839,5010.8460255713835,5005.0,5005.0,5004.2644873699855,5183.0,5005.000855431993,5005.000856164384,5005.500427715997,5005.152397260274,5005.000397772475,5005.029247769029,5005.010610069664,5005.0,5005.001709401709,5005.070803500398,5005.00074294205,5005.000855431993,5005.132243684992,5005.233595800525,5005.535216872264,5006.0,4992.42,5005.000855431993
org.mockito.internal.configuration.injection.scanner.InjectMocksScanner.addTo(Ljava/util/Set;)V 5005.131598513011,5005.0,5005.001710863986,5005.000856164384,5182.0,5005.132243684992,5006.0,5018.341664064126,5004.003418803419,5114.524498264839,5010.8460255713835,5005.0,5005.0,5004.2644873699855,5183.0,5005.000855431993,5005.000856164384,5005.500427715997,5005.152397260274,5005.000397772475,5005.029247769029,5005.010610069664,5005.0,5005.001709401709,5005.070803500398,5005.00074294205,5005.000855431993,5005.132243684992,5005.233595800525,5005.535216872264,5006.0,4992.42,5005.000855431993
org.mockito.internal.configuration.injection.scanner.MockScanner.<init>(Ljava/lang/Object;Ljava/lang/Class;)V 5005.131598513011,5005.0,5005.001710863986,5005.000856164384,5182.0,5005.132243684992,5006.0,5018.341664064126,5004.003418803419,5114.524498264839,5010.8460255713835,5005.0,5005.0,5004.2644873699855,5183.0,5005.000855431993,5005.000856164384,5005.500427715997,5005.152397260274,5005.000397772475,5005.029247769029,5005.010610069664,5005.0,5005.001709401709,5005.070803500398,5005.00074294205,5005.000855431993,5005.132243684992,5005.233595800525,5005.535216872264,5006.0,4992.42,5005.000855431993
org.mockito.internal.configuration.injection.scanner.MockScanner.scan()Ljava/util/Set; 5005.131598513011,5005.0,5005.001710863986,5005.000856164384,5182.0,5005.132243684992,5006.0,5032.404379212089,5004.003418803419,5114.524498264839,5010.8460255713835,5006.001677852349,5032.404379212089,5005.115898959881,5756.0,5005.000855431993,5005.000856164384,5005.500427715997,5006.26218487395,5005.000397772475,5005.029247769029,5005.010610069664,5005.0,5005.001709401709,5005.3869139618755,5005.00074294205,5005.000855431993,5005.55794947994,5005.716261325703,5005.535216872264,5006.0,4997.16,5005.000855431993
org.mockito.configuration.DefaultMockitoConfiguration.getAnnotationEngine()Lorg/mockito/configuration/AnnotationEngine; 5005.130855018588,5005.0,5005.001709401709,5005.000855431993,5181.0,5005.131500742942,5006.0,5018.30413469565,5004.00341588386,5114.539125278126,5010.847276459563,5005.0,5005.0,5004.263001485884,5182.0,5005.000854700855,5005.000855431993,5005.500427350427,5005.151411462789,5005.000397614314,5005.0292352673105,5005.010575532905,5005.0,5005.00170794193,5005.070377733598,5005.00074294205,5005.000854700855,5005.131500742942,5005.232435981615,5005.535003977725,5006.0,4992.41,5005.000854700855
org.mockito.internal.configuration.DefaultAnnotationEngine.registerAnnotationProcessor(Ljava/lang/Class;Lorg/mockito/internal/configuration/FieldAnnotationProcessor;)V 5005.130855018588,5005.0,5005.001709401709,5005.000855431993,5181.0,5005.131500742942,5006.0,5018.30413469565,5004.00341588386,5114.539125278126,5010.847276459563,5005.0,5005.0,5004.263001485884,5182.0,5005.000854700855,5005.000855431993,5005.500427350427,5005.151411462789,5005.000397614314,5005.0292352673105,5005.010575532905,5005.0,5005.00170794193,5005.070377733598,5005.00074294205,5005.000854700855,5005.131500742942,5005.232435981615,5005.535003977725,5006.0,4992.41,5005.000854700855
org.mockito.internal.configuration.InjectingAnnotationEngine.<init>()V 5005.130855018588,5005.0,5005.001709401709,5005.000855431993,5181.0,5005.131500742942,5006.0,5018.30413469565,5004.00341588386,5114.539125278126,5010.847276459563,5005.0,5005.0,5004.263001485884,5182.0,5005.000854700855,5005.000855431993,5005.500427350427,5005.151411462789,5005.000397614314,5005.0292352673105,5005.010575532905,5005.0,5005.00170794193,5005.070377733598,5005.00074294205,5005.000854700855,5005.131500742942,5005.232435981615,5005.535003977725,5006.0,4992.41,5005.000854700855
org.mockito.internal.configuration.injection.MockInjection.onFields(Ljava/util/Set;Ljava/lang/Object;)Lorg/mockito/internal/configuration/injection/MockInjection$OngoingMockInjection; 5005.130855018588,5005.0,5005.001709401709,5005.000855431993,5181.0,5005.131500742942,5006.0,5018.30413469565,5004.00341588386,5114.539125278126,5010.847276459563,5005.0,5005.0,5004.263001485884,5182.0,5005.000854700855,5005.000855431993,5005.500427350427,5005.151411462789,5005.000397614314,5005.0292352673105,5005.010575532905,5005.0,5005.00170794193,5005.070377733598,5005.00074294205,5005.000854700855,5005.131500742942,5005.232435981615,5005.535003977725,5006.0,4992.41,5005.000854700855
org.mockito.internal.configuration.injection.MockInjection$OngoingMockInjection.tryConstructorInjection()Lorg/mockito/internal/configuration/injection/MockInjection$OngoingMockInjection; 5005.130111524164,5005.0,5005.00170794193,5005.000854700855,5180.0,5005.130757800892,5006.0,5018.266499161422,5004.003412969283,5114.553746036543,5010.848526545462,5005.0,5005.0,5004.261515601783,5181.0,5005.000853970965,5005.000854700855,5005.500426985483,5005.150427350427,5005.00039745628,5005.029222781609,5005.010540942266,5005.0,5005.0017064846415,5005.069952305246,5005.00074294205,5005.000853970965,5005.130757800892,5005.231274638633,5005.534791252485,5006.0,4992.4,5005.000853970965
org.mockito.internal.configuration.injection.MockInjection$OngoingMockInjection.tryPropertyOrFieldInjection()Lorg/mockito/internal/configuration/injection/MockInjection$OngoingMockInjection; 5005.130111524164,5005.0,5005.00170794193,5005.000854700855,5180.0,5005.130757800892,5006.0,5018.266499161422,5004.003412969283,5114.553746036543,5010.848526545462,5005.0,5005.0,5004.261515601783,5181.0,5005.000853970965,5005.000854700855,5005.500426985483,5005.150427350427,5005.00039745628,5005.029222781609,5005.010540942266,5005.0,5005.0017064846415,5005.069952305246,5005.00074294205,5005.000853970965,5005.130757800892,5005.231274638633,5005.534791252485,5006.0,4992.4,5005.000853970965
org.mockito.internal.configuration.injection.PropertyAndSetterInjection.<init>()V 5005.130111524164,5005.0,5005.00170794193,5005.000854700855,5180.0,5005.130757800892,5006.0,5018.266499161422,5004.003412969283,5114.553746036543,5010.848526545462,5005.0,5005.0,5004.261515601783,5181.0,5005.000853970965,5005.000854700855,5005.500426985483,5005.150427350427,5005.00039745628,5005.029222781609,5005.010540942266,5005.0,5005.0017064846415,5005.069952305246,5005.00074294205,5005.000853970965,5005.130757800892,5005.231274638633,5005.534791252485,5006.0,4992.4,5005.000853970965
org.mockito.internal.configuration.injection.filter.NameBasedCandidateFilter.<init>(Lorg/mockito/internal/configuration/injection/filter/MockCandidateFilter;)V 5005.130111524164,5005.0,5005.00170794193,5005.000854700855,5180.0,5005.130757800892,5006.0,5018.266499161422,5004.003412969283,5114.553746036543,5010.848526545462,5005.0,5005.0,5004.261515601783,5181.0,5005.000853970965,5005.000854700855,5005.500426985483,5005.150427350427,5005.00039745628,5005.029222781609,5005.010540942266,5005.0,5005.0017064846415,5005.069952305246,5005.00074294205,5005.000853970965,5005.130757800892,5005.231274638633,5005.534791252485,5006.0,4992.4,5005.000853970965
org.mockito.internal.configuration.injection.filter.TypeBasedCandidateFilter.<init>(Lorg/mockito/internal/configuration/injection/filter/MockCandidateFilter;)V 5005.130111524164,5005.0,5005.00170794193,5005.000854700855,5180.0,5005.130757800892,5006.0,5018.266499161422,5004.003412969283,5114.553746036543,5010.848526545462,5005.0,5005.0,5004.261515601783,5181.0,5005.000853970965,5005.000854700855,5005.500426985483,5005.150427350427,5005.00039745628,5005.029222781609,5005.010540942266,5005.0,5005.0017064846415,5005.069952305246,5005.00074294205,5005.000853970965,5005.130757800892,5005.231274638633,5005.534791252485,5006.0,4992.4,5005.000853970965
org.mockito.internal.configuration.injection.MockInjection$OngoingMockInjection.apply()V 5005.128624535316,5005.0,5005.001705029838,5005.000853242321,5178.0,5005.1292719167905,5006.0,5040.902646142033,5004.003407155025,5114.582968820816,5010.851024315216,5006.017241379311,5040.902646142033,5005.915304606241,6294.0,5005.000852514919,5005.000853242321,5005.500426257459,5027.6140350877195,5005.000397140588,5005.029197858124,5005.010471596598,5005.0,5005.001703577513,5005.91874554526,5005.00074294205,5005.000852514919,5005.95765230312,5005.978368121442,5005.534366309098,5006.0,5002.54,5005.000852514919
org.mockito.internal.configuration.injection.MockInjection$OngoingMockInjection.withMocks(Ljava/util/Set;)Lorg/mockito/internal/configuration/injection/MockInjection$OngoingMockInjection; 5005.127881040892,5005.0,5005.001703577513,5005.000852514919,5177.0,5005.12852897474,5006.0,5018.1529464379655,5004.003404255319,5114.5975708626565,5010.852272001462,5005.0,5005.0,5004.2570579494795,5178.0,5005.000851788756,5005.000852514919,5005.500425894378,5005.147485080989,5005.0003969829295,5005.029185420271,5005.010436840173,5005.0,5005.00170212766,5005.068678046844,5005.00074294205,5005.000851788756,5005.12852897474,5005.227781435155,5005.534154090548,5006.0,4992.37,5005.000851788756
org.mockito.internal.util.collections.HashCodeAndEqualsSafeSet.addAll(Ljava/util/Collection;)Z 5005.126394052045,5005.0,5005.001700680272,5005.00085106383,5175.0,5005.127043090639,5006.0,5018.076696830622,5004.003398470688,5114.626756285575,5010.854764982645,5005.0,5005.0,5004.254086181278,5176.0,5005.000850340136,5005.00085106383,5005.500425170068,5005.145531914894,5005.000396667989,5005.029160592176,5005.010367156573,5005.0,5005.001699235344,5005.0678302261,5005.00074294205,5005.000850340136,5005.127043090639,5005.225444957152,5005.533730158731,5006.0,4992.35,5005.000850340136
org.mockito.internal.util.collections.HashCodeAndEqualsSafeSet.asWrappedMocks(Ljava/util/Collection;)Ljava/util/HashSet; 5005.126394052045,5005.0,5005.001700680272,5005.00085106383,5175.0,5005.127043090639,5006.0,5032.276363393972,5004.003398470688,5114.626756285575,5010.854764982645,5006.001658374793,5032.276363393972,5005.105497771174,5749.0,5005.000850340136,5005.00085106383,5005.500425170068,5006.235880398671,5005.000396667989,5005.029160592176,5005.010367156573,5005.0,5005.001699235344,5005.381930184805,5005.00074294205,5005.000850340136,5005.552748885587,5005.711961722488,5005.533730158731,5006.0,4997.09,5005.000850340136
org.mockito.internal.configuration.injection.MockInjection$OngoingMockInjection.<init>(Ljava/util/Set;Ljava/lang/Object;)V 5005.125650557621,5005.0,5005.001699235344,5005.000850340136,5174.0,5005.126300148589,5006.0,5018.038404810405,5004.003395585739,5114.641339682534,5010.856010279957,5005.0,5005.0,5004.252600297177,5175.0,5005.000849617672,5005.000850340136,5005.500424808836,5005.14455782313,5005.000396510706,5005.0291482018665,5005.010332227943,5005.0,5005.001697792869,5005.067406819984,5005.00074294205,5005.000849617672,5005.126300148589,5005.224274406332,5005.533518445061,5006.0,4992.34,5005.000849617672
org.mockito.internal.configuration.injection.MockInjectionStrategy.nop()Lorg/mockito/internal/configuration/injection/MockInjectionStrategy; 5005.125650557621,5005.0,5005.001699235344,5005.000850340136,5174.0,5005.126300148589,5006.0,5018.038404810405,5004.003395585739,5114.641339682534,5010.856010279957,5005.0,5005.0,5004.252600297177,5175.0,5005.000849617672,5005.000850340136,5005.500424808836,5005.14455782313,5005.000396510706,5005.0291482018665,5005.010332227943,5005.0,5005.001697792869,5005.067406819984,5005.00074294205,5005.000849617672,5005.126300148589,5005.224274406332,5005.533518445061,5006.0,4992.34,5005.000849617672
org.mockito.internal.util.collections.HashCodeAndEqualsSafeSet$1.<init>(Lorg/mockito/internal/util/collections/HashCodeAndEqualsSafeSet;)V 5005.125650557621,5005.0,5005.001699235344,5005.000850340136,5174.0,5005.126300148589,5006.0,5018.038404810405,5004.003395585739,5114.641339682534,5010.856010279957,5005.0,5005.0,5004.252600297177,5175.0,5005.000849617672,5005.000850340136,5005.500424808836,5005.14455782313,5005.000396510706,5005.0291482018665,5005.010332227943,5005.0,5005.001697792869,5005.067406819984,5005.00074294205,5005.000849617672,5005.126300148589,5005.224274406332,5005.533518445061,5006.0,4992.34,5005.000849617672
org.mockito.internal.util.collections.HashCodeAndEqualsSafeSet$1.hasNext()Z 5005.125650557621,5005.0,5005.001699235344,5005.000850340136,5174.0,5005.126300148589,5006.0,5018.038404810405,5004.003395585739,5114.641339682534,5010.856010279957,5005.0,5005.0,5004.252600297177,5175.0,5005.000849617672,5005.000850340136,5005.500424808836,5005.14455782313,5005.000396510706,5005.0291482018665,5005.010332227943,5005.0,5005.001697792869,5005.067406819984,5005.00074294205,5005.000849617672,5005.126300148589,5005.224274406332,5005.533518445061,5006.0,4992.34,5005.000849617672
org.mockito.internal.util.collections.HashCodeAndEqualsSafeSet.iterator()Ljava/util/Iterator; 5005.125650557621,5005.0,5005.001699235344,5005.000850340136,5174.0,5005.126300148589,5006.0,5018.038404810405,5004.003395585739,5114.641339682534,5010.856010279957,5005.0,5005.0,5004.252600297177,5175.0,5005.000849617672,5005.000850340136,5005.500424808836,5005.14455782313,5005.000396510706,5005.0291482018665,5005.010332227943,5005.0,5005.001697792869,5005.067406819984,5005.00074294205,5005.000849617672,5005.126300148589,5005.224274406332,5005.533518445061,5006.0,4992.34,5005.000849617672
org.mockito.internal.util.collections.HashCodeAndEqualsSafeSet.of(Ljava/lang/Iterable;)Lorg/mockito/internal/util/collections/HashCodeAndEqualsSafeSet; 5005.121933085502,5005.0,5005.001692047377,5005.000846740051,5169.0,5005.122585438336,5006.0,5040.97221149721,5004.003381234151,5114.714163838448,5010.862224880954,5006.018867924528,5040.97221149721,5005.922734026746,6299.0,5005.000846023689,5005.000846740051,5005.500423011845,5029.884615384615,5005.000395726158,5005.029086486358,5005.010156686407,5005.0,5005.001690617075,5005.925608011445,5005.00074294205,5005.000846023689,5005.961367013373,5005.980303030303,5005.532462391132,5006.0,5002.59,5005.000846023689
org.mockito.internal.util.collections.HashCodeAndEqualsSafeSet.of([Ljava/lang/Object;)Lorg/mockito/internal/util/collections/HashCodeAndEqualsSafeSet; 5005.121933085502,5005.0,5005.001692047377,5005.000846740051,5169.0,5005.122585438336,5006.0,5017.845232578665,5004.003381234151,5114.714163838448,5010.862224880954,5005.0,5005.0,5004.245170876671,5170.0,5005.000846023689,5005.000846740051,5005.500423011845,5005.139712108383,5005.000395726158,5005.029086486358,5005.010156686407,5005.0,5005.001690617075,5005.065294815988,5005.00074294205,5005.000846023689,5005.122585438336,5005.218398411648,5005.532462391132,5006.0,4992.29,5005.000846023689
org.mockito.internal.util.collections.HashCodeAndEqualsSafeSet.<init>()V 5005.118959107806,5005.0,5005.001686340641,5005.000843881857,5165.0,5005.119613670134,5006.0,5017.68857754045,5004.003369839933,5114.772312239686,5010.867182369428,5005.0,5005.0,5004.2392273402675,5166.0,5005.00084317032,5005.000843881857,5005.50042158516,5005.135864978903,5005.000395100751,5005.029037395207,5005.010015128009,5005.0,5005.0016849199665,5005.063611220861,5005.00074294205,5005.00084317032,5005.119613670134,5005.213669542137,5005.53162055336,5006.0,4992.25,5005.00084317032
org.mockito.internal.progress.ThreadSafeMockingProgress.validateState()V 5005.113011152416,5005.0,5005.001675041876,5005.000838222967,5157.0,5005.11367013373,5006.0,5017.369316876853,5004.003347280334,5114.88831536191,5010.877059815787,5005.0,5005.0,5004.227340267459,5158.0,5005.000837520938,5005.000838222967,5005.500418760469,5005.128248113998,5005.000393855848,5005.028939954009,5005.009728782369,5005.0,5005.001673640168,5005.06025994486,5005.00074294205,5005.000837520938,5005.11367013373,5005.204136090727,5005.529944838456,5006.0,4992.17,5005.000837520938
org.mockito.internal.util.Checks.checkNotNull(Ljava/lang/Object;Ljava/lang/String;)Ljava/lang/Object; 5005.0996282527885,5005.0,5005.001650165016,5005.000825763832,5139.0,5005.10029717682,5006.0,5041.6060104354465,5004.003297609233,5115.162273654628,5010.900321209143,5006.142857142857,5041.6060104354465,5005.9910846953935,6345.0,5005.0008250825085,5005.000825763832,5005.500412541254,5228.333333333333,5005.000391083301,5005.0287242494815,5005.009066505871,5005.0,5005.001648804617,5005.991124260355,5005.00074294205,5005.0008250825085,5005.995542347697,5005.997766195085,5005.526212832551,5006.0,5002.7,5005.0008250825085
org.mockito.internal.configuration.GlobalConfiguration.validate()V 5005.0639405204465,5005.0,5005.001587301587,5005.000794281175,5091.0,5005.064635958395,5006.0,5014.327379053088,5004.003172085646,5115.83087328199,5010.9567096620885,5005.0,5005.0,5004.1292719167905,5092.0,5005.000793650794,5005.000794281175,5005.500396825397,5005.069102462272,5005.000383877159,5005.028171808491,5005.007123653893,5005.0,5005.001586042823,5005.03339731286,5005.00074294205,5005.000793650794,5005.064635958395,5005.121423586881,5005.516513056836,5006.0,4991.51,5005.000793650794
org.mockito.internal.progress.ArgumentMatcherStorageImpl.validateState()V 5005.0639405204465,5005.0,5005.001587301587,5005.000794281175,5091.0,5005.064635958395,5006.0,5041.5923489270635,5004.003172085646,5115.83087328199,5010.9567096620885,5006.125,5041.5923489270635,5005.989598811293,6344.0,5005.000793650794,5005.000794281175,5005.500396825397,5196.285714285715,5005.000383877159,5005.028171808491,5005.007123653893,5005.0,5005.001586042823,5005.989652623799,5005.00074294205,5005.000793650794,5005.9947994056465,5005.99739292365,5005.516513056836,5006.0,5002.6,5005.000793650794
org.mockito.internal.progress.MockingProgressImpl.getArgumentMatcherStorage()Lorg/mockito/internal/progress/ArgumentMatcherStorage; 5005.0639405204465,5005.0,5005.001587301587,5005.000794281175,5091.0,5005.064635958395,5006.0,5014.327379053088,5004.003172085646,5115.83087328199,5010.9567096620885,5005.0,5005.0,5004.1292719167905,5092.0,5005.000793650794,5005.000794281175,5005.500396825397,5005.069102462272,5005.000383877159,5005.028171808491,5005.007123653893,5005.0,5005.001586042823,5005.03339731286,5005.00074294205,5005.000793650794,5005.064635958395,5005.121423586881,5005.516513056836,5006.0,4991.51,5005.000793650794
org.mockito.internal.progress.MockingProgressImpl.validateMostStuff()V 5005.0639405204465,5005.0,5005.001587301587,5005.000794281175,5091.0,5005.064635958395,5006.0,5041.523964735499,5004.003172085646,5115.83087328199,5010.9567096620885,5006.076923076923,5041.523964735499,5005.982169390788,6339.0,5005.000793650794,5005.000794281175,5005.500396825397,5116.166666666667,5005.000383877159,5005.028171808491,5005.007123653893,5005.0,5005.001586042823,5005.982326951399,5005.00074294205,5005.000793650794,5005.9910846953935,5005.99552238806,5005.516513056836,5006.0,5002.99,5005.000793650794
org.mockito.internal.progress.ThreadSafeMockingProgress.threadSafely()Lorg/mockito/internal/progress/MockingProgress; 5005.0639405204465,5005.0,5005.001587301587,5005.000794281175,5091.0,5005.064635958395,5006.0,5041.496575181789,5004.003172085646,5115.83087328199,5010.9567096620885,5006.066666666667,5041.496575181789,5005.979197622585,6337.0,5005.000793650794,5005.000794281175,5005.500396825397,5100.142857142857,5005.000383877159,5005.028171808491,5005.007123653893,5005.0,5005.001586042823,5005.979411764706,5005.00074294205,5005.000793650794,5005.989598811293,5005.994772218073,5005.516513056836,5006.0,5002.97,5005.000793650794
org.mockito.internal.configuration.GlobalConfiguration.<init>()V 5005.052044609665,5005.0,5005.001567398119,5005.0007843137255,5075.0,5005.052748885587,5006.0,5041.523964735499,5004.003132341425,5116.055625426283,5010.975545342704,5006.076923076923,5041.523964735499,5005.982169390788,6339.0,5005.00078369906,5005.0007843137255,5005.5003918495295,5116.166666666667,5005.000381533766,5005.027994625548,5005.006386494472,5005.0,5005.001566170713,5005.982326951399,5005.00074294205,5005.00078369906,5005.9910846953935,5005.99552238806,5005.513358778626,5006.0,5002.99,5005.00078369906
