org.mockito.internal.matchers.Equality.areArrayElementsEqual(Ljava/lang/Object;Ljava/lang/Object;)Z 50001.99769230769,50001.0,50001.5,50001.333333333336,51298.0,50001.997694081474,50002.0,50037.0277670693,50000.8,50076.84307631685,50002.31607401295,50001.0,50001.0,50001.99538816295,51299.0,50001.25,50001.333333333336,50001.625,50433.666666666664,50001.00076687116,50001.5,50001.4994227437,50001.0,50001.4,50001.995398773004,50001.00076863951,50001.25,50001.997694081474,50001.99884570989,50001.99769762088,50002.0,49999.9,50001.25
org.mockito.internal.matchers.Equality.areArrayLengthsEqual(Ljava/lang/Object;Ljava/lang/Object;)Z 50001.99769230769,50001.0,50001.5,50001.333333333336,51298.0,50001.997694081474,50002.0,50037.0277670693,50000.8,50076.84307631685,50002.31607401295,50001.0,50001.0,50001.99538816295,51299.0,50001.25,50001.333333333336,50001.625,50433.666666666664,50001.00076687116,50001.5,50001.4994227437,50001.0,50001.4,50001.995398773004,50001.00076863951,50001.25,50001.997694081474,50001.99884570989,50001.99769762088,50002.0,49999.9,50001.25
org.mockito.internal.matchers.Equality.areArraysEqual(Ljava/lang/Object;Ljava/lang/Object;)Z 50001.99769230769,50001.0,50001.5,50001.333333333336,51298.0,50001.997694081474,50002.0,50037.0277670693,50000.8,50076.84307631685,50002.31607401295,50001.0,50001.0,50001.99538816295,51299.0,50001.25,50001.333333333336,50001.625,50433.666666666664,50001.00076687116,50001.5,50001.4994227437,50001.0,50001.4,50001.995398773004,50001.00076863951,50001.25,50001.997694081474,50001.99884570989,50001.99769762088,50002.0,49999.9,50001.25
org.mockito.internal.matchers.Equality.areEqual(Ljava/lang/Object;Ljava/lang/Object;)Z 50001.99769230769,50001.0,50001.5,50001.333333333336,51298.0,50001.997694081474,50002.0,50037.0277670693,50000.8,50091.42053193958,50005.038502993724,50001.0,50001.0,50001.99538816295,51299.0,50001.25,50001.333333333336,50001.625,50433.666666666664,50001.00076687116,50001.5,50001.4994227437,50001.0,50001.4,50001.995398773004,50001.00076863951,50001.25,50001.997694081474,50001.99884570989,50001.99769762088,50002.0,49999.95,50001.25
org.mockito.internal.matchers.Equality.isArray(Ljava/lang/Object;)Z 50001.803076923075,50001.0,50001.007782101166,50001.00390625,51045.0,50001.803228285935,50002.0,50033.32645975049,50000.01550387597,50091.11102550928,50005.0,50001.0,50001.0,50001.60645657187,51046.0,50001.00389105058,50001.00390625,50001.50194552529,50005.08203125,50001.000642260755,50001.06237828616,50001.05590002621,50001.0,50001.007751937985,50001.67116249197,50001.00076863951,50001.00389105058,50001.803228285935,50001.890878090366,50001.83547557841,50002.0,49997.54,50001.00389105058
org.mockito.internal.configuration.GlobalConfiguration.getIt()Lorg/mockito/configuration/IMockitoConfiguration; 50001.17846153846,50001.0,50001.00187090739,50001.00093632959,50233.0,50001.17909300538,50002.0,50016.26433752247,50000.003738317755,50107.79129478602,50006.71666592314,50001.0,50001.0,50000.35818601076,50234.0,50001.000935453696,50001.00093632959,50001.500467726844,50001.21816479401,50001.00042211904,50001.03058518751,50001.01292062327,50001.0,50001.00186915888,50001.09835373575,50001.00076863951,50001.000935453696,50001.17909300538,50001.3037809648,50001.54898648649,50002.0,49989.42,50001.000935453696
org.mockito.MockitoAnnotations.initMocks(Ljava/lang/Object;)V 50001.128461538465,50001.0,50001.00176366843,50001.000882612534,50168.0,50001.12913143736,50002.0,50037.0277670693,50000.003524229076,50108.785941990245,50006.8030092608,50002.25,50037.0277670693,50001.99538816295,51299.0,50001.00088183422,50001.000882612534,50001.50044091711,50433.666666666664,50001.00041084634,50001.02969569355,50001.010643391375,50001.0,50001.00176211454,50001.995398773004,50001.00076863951,50001.00088183422,50001.997694081474,50001.99884570989,50001.53431976983,50002.0,49999.0,50001.00088183422
org.mockito.internal.configuration.DefaultInjectionEngine.<init>()V 50001.128461538465,50001.0,50001.00176366843,50001.000882612534,50168.0,50001.12913143736,50002.0,50013.961481396815,50000.003524229076,50108.77109086869,50006.8017295145,50001.0,50001.0,50000.25826287471,50169.0,50001.00088183422,50001.000882612534,50001.50044091711,50001.14827890556,50001.00041084634,50001.02969569355,50001.010643391375,50001.0,50001.00176211454,50001.0690221857,50001.00076863951,50001.00088183422,50001.12913143736,50001.22872702518,50001.53431976983,50002.0,49988.77,50001.00088183422
org.mockito.internal.configuration.InjectingAnnotationEngine.injectMocks(Ljava/lang/Object;)V 50001.128461538465,50001.0,50001.00176366843,50001.000882612534,50168.0,50001.12913143736,50002.0,50013.961481396815,50000.003524229076,50108.77109086869,50006.8017295145,50001.0,50001.0,50000.25826287471,50169.0,50001.00088183422,50001.000882612534,50001.50044091711,50001.14827890556,50001.00041084634,50001.02969569355,50001.010643391375,50001.0,50001.00176211454,50001.0690221857,50001.00076863951,50001.00088183422,50001.12913143736,50001.22872702518,50001.53431976983,50002.0,49988.77,50001.00088183422
org.mockito.internal.configuration.InjectingAnnotationEngine.process(Ljava/lang/Class;Ljava/lang/Object;)V 50001.128461538465,50001.0,50001.00176366843,50001.000882612534,50168.0,50001.12913143736,50002.0,50013.961481396815,50000.003524229076,50108.77109086869,50006.8017295145,50001.0,50001.0,50000.25826287471,50169.0,50001.00088183422,50001.000882612534,50001.50044091711,50001.14827890556,50001.00041084634,50001.02969569355,50001.010643391375,50001.0,50001.00176211454,50001.0690221857,50001.00076863951,50001.00088183422,50001.12913143736,50001.22872702518,50001.53431976983,50002.0,49988.77,50001.00088183422
org.mockito.internal.configuration.InjectingAnnotationEngine.processIndependentAnnotations(Ljava/lang/Class;Ljava/lang/Object;)V 50001.128461538465,50001.0,50001.00176366843,50001.000882612534,50168.0,50001.12913143736,50002.0,50013.961481396815,50000.003524229076,50108.77109086869,50006.8017295145,50001.0,50001.0,50000.25826287471,50169.0,50001.00088183422,50001.000882612534,50001.50044091711,50001.14827890556,50001.00041084634,50001.02969569355,50001.010643391375,50001.0,50001.00176211454,50001.0690221857,50001.00076863951,50001.00088183422,50001.12913143736,50001.22872702518,50001.53431976983,50002.0,49988.77,50001.00088183422
org.mockito.internal.configuration.InjectingAnnotationEngine.processInjectMocks(Ljava/lang/Class;Ljava/lang/Object;)V 50001.128461538465,50001.0,50001.00176366843,50001.000882612534,50168.0,50001.12913143736,50002.0,50013.961481396815,50000.003524229076,50108.77109086869,50006.8017295145,50001.0,50001.0,50000.25826287471,50169.0,50001.00088183422,50001.000882612534,50001.50044091711,50001.14827890556,50001.00041084634,50001.02969569355,50001.010643391375,50001.0,50001.00176211454,50001.0690221857,50001.00076863951,50001.00088183422,50001.12913143736,50001.22872702518,50001.53431976983,50002.0,49988.77,50001.00088183422
org.mockito.internal.configuration.SpyAnnotationEngine.process(Ljava/lang/Class;Ljava/lang/Object;)V 50001.128461538465,50001.0,50001.00176366843,50001.000882612534,50168.0,50001.12913143736,50002.0,50036.986108430894,50000.003524229076,50108.77109086869,50006.8017295145,50002.142857142855,50036.986108430894,50001.9907763259,51296.0,50001.00088183422,50001.000882612534,50001.50044091711,50216.833333333336,50001.00041084634,50001.02969569355,50001.010643391375,50001.0,50001.00176211454,50001.99081866871,50001.00076863951,50001.00088183422,50001.99538816295,50001.99768875193,50001.53431976983,50002.0,49998.7,50001.00088183422
org.mockito.internal.configuration.injection.MockInjection$OngoingMockInjection.handleSpyAnnotation()Lorg/mockito/internal/configuration/injection/MockInjection$OngoingMockInjection; 50001.128461538465,50001.0,50001.00176366843,50001.000882612534,50168.0,50001.12913143736,50002.0,50013.961481396815,50000.003524229076,50108.77109086869,50006.8017295145,50001.0,50001.0,50000.25826287471,50169.0,50001.00088183422,50001.000882612534,50001.50044091711,50001.14827890556,50001.00041084634,50001.02969569355,50001.010643391375,50001.0,50001.00176211454,50001.0690221857,50001.00076863951,50001.00088183422,50001.12913143736,50001.22872702518,50001.53431976983,50002.0,49988.77,50001.00088183422
org.mockito.internal.configuration.injection.MockInjectionStrategy.thenTry(Lorg/mockito/internal/configuration/injection/MockInjectionStrategy;)Lorg/mockito/internal/configuration/injection/MockInjectionStrategy; 50001.128461538465,50001.0,50001.00176366843,50001.000882612534,50168.0,50001.12913143736,50002.0,50013.961481396815,50000.003524229076,50108.830456109456,50006.80684342825,50001.0,50001.0,50000.25826287471,50169.0,50001.00088183422,50001.000882612534,50001.50044091711,50001.14827890556,50001.00041084634,50001.02969569355,50001.010643391375,50001.0,50001.00176211454,50001.0690221857,50001.00076863951,50001.00088183422,50001.12913143736,50001.22872702518,50001.53431976983,50002.0,49988.77,50001.00088183422
org.mockito.internal.configuration.injection.SpyOnInjectedFieldsHandler.<init>()V 50001.128461538465,50001.0,50001.00176366843,50001.000882612534,50168.0,50001.12913143736,50002.0,50013.961481396815,50000.003524229076,50108.77109086869,50006.8017295145,50001.0,50001.0,50000.25826287471,50169.0,50001.00088183422,50001.000882612534,50001.50044091711,50001.14827890556,50001.00041084634,50001.02969569355,50001.010643391375,50001.0,50001.00176211454,50001.0690221857,50001.00076863951,50001.00088183422,50001.12913143736,50001.22872702518,50001.53431976983,50002.0,49988.77,50001.00088183422
org.mockito.internal.configuration.injection.scanner.InjectMocksScanner.scan()Ljava/util/Set; 50001.128461538465,50001.0,50001.00176366843,50001.000882612534,50168.0,50001.12913143736,50002.0,50036.369478367655,50000.003524229076,50108.77109086869,50006.8017295145,50002.01960784314,50036.369478367655,50001.92313604919,51252.0,50001.00088183422,50001.000882612534,50001.50044091711,50026.02,50001.00041084634,50001.02969569355,50001.010643391375,50001.0,50001.00176211454,50001.925980755,50001.00076863951,50001.00088183422,50001.9615680246,50001.98040752351,50001.53431976983,50002.0,49998.61,50001.00088183422
org.mockito.internal.configuration.injection.scanner.MockScanner.addPreparedMocks(Ljava/util/Set;)V 50001.128461538465,50001.0,50001.00176366843,50001.000882612534,50168.0,50001.12913143736,50002.0,50013.961481396815,50000.003524229076,50108.77109086869,50006.8017295145,50001.0,50001.0,50000.25826287471,50169.0,50001.00088183422,50001.000882612534,50001.50044091711,50001.14827890556,50001.00041084634,50001.02969569355,50001.010643391375,50001.0,50001.00176211454,50001.0690221857,50001.00076863951,50001.00088183422,50001.12913143736,50001.22872702518,50001.53431976983,50002.0,49988.77,50001.00088183422
org.mockito.internal.configuration.DefaultAnnotationEngine.<init>()V 50001.127692307695,50001.0,50001.00176211454,50001.00088183422,50167.0,50001.12836279785,50002.0,50013.92284798332,50000.00352112676,50108.785941990245,50006.8030092608,50001.0,50001.0,50000.2567255957,50168.0,50001.00088105727,50001.00088183422,50001.50044052863,50001.147266313936,50001.00041067762,50001.02968260886,50001.0106068014,50001.0,50001.001760563384,50001.06858316222,50001.00076863951,50001.00088105727,50001.12836279785,50001.22752043597,50001.53410024651,50002.0,49988.76,50001.00088105727
org.mockito.internal.configuration.GlobalConfiguration.getAnnotationEngine()Lorg/mockito/configuration/AnnotationEngine; 50001.127692307695,50001.0,50001.00176211454,50001.00088183422,50167.0,50001.12836279785,50002.0,50013.92284798332,50000.00352112676,50108.785941990245,50006.8030092608,50001.0,50001.0,50000.2567255957,50168.0,50001.00088105727,50001.00088183422,50001.50044052863,50001.147266313936,50001.00041067762,50001.02968260886,50001.0106068014,50001.0,50001.001760563384,50001.06858316222,50001.00076863951,50001.00088105727,50001.12836279785,50001.22752043597,50001.53410024651,50002.0,49988.76,50001.00088105727
org.mockito.internal.configuration.MockitoAnnotationsMockAnnotationProcessor.<init>()V 50001.127692307695,50001.0,50001.00176211454,50001.00088183422,50167.0,50001.12836279785,50002.0,50013.92284798332,50000.00352112676,50108.785941990245,50006.8030092608,50001.0,50001.0,50000.2567255957,50168.0,50001.00088105727,50001.00088183422,50001.50044052863,50001.147266313936,50001.00041067762,50001.02968260886,50001.0106068014,50001.0,50001.001760563384,50001.06858316222,50001.00076863951,50001.00088105727,50001.12836279785,50001.22752043597,50001.53410024651,50002.0,49988.76,50001.00088105727
org.mockito.internal.configuration.SpyAnnotationEngine.<init>()V 50001.127692307695,50001.0,50001.00176211454,50001.00088183422,50167.0,50001.12836279785,50002.0,50013.92284798332,50000.00352112676,50108.785941990245,50006.8030092608,50001.0,50001.0,50000.2567255957,50168.0,50001.00088105727,50001.00088183422,50001.50044052863,50001.147266313936,50001.00041067762,50001.02968260886,50001.0106068014,50001.0,50001.001760563384,50001.06858316222,50001.00076863951,50001.00088105727,50001.12836279785,50001.22752043597,50001.53410024651,50002.0,49988.76,50001.00088105727
org.mockito.internal.configuration.injection.ConstructorInjection.<init>()V 50001.126923076925,50001.0,50001.001760563384,50001.00088105727,50166.0,50001.12759415834,50002.0,50013.884098726725,50000.0035180299,50108.80078656512,50006.804288160994,50001.0,50001.0,50000.25518831668,50167.0,50001.00088028169,50001.00088105727,50001.500440140844,50001.14625550661,50001.000410509034,50001.02966954146,50001.01057014951,50001.0,50001.00175901495,50001.06814449918,50001.00076863951,50001.00088028169,50001.12759415834,50001.226312201776,50001.53388090349,50002.0,49988.75,50001.00088028169
org.mockito.internal.configuration.injection.MockInjection$OngoingMockInjection.tryPropertyOrFieldInjection()Lorg/mockito/internal/configuration/injection/MockInjection$OngoingMockInjection; 50001.126923076925,50001.0,50001.001760563384,50001.00088105727,50166.0,50001.12759415834,50002.0,50013.884098726725,50000.0035180299,50108.80078656512,50006.804288160994,50001.0,50001.0,50000.25518831668,50167.0,50001.00088028169,50001.00088105727,50001.500440140844,50001.14625550661,50001.000410509034,50001.02966954146,50001.01057014951,50001.0,50001.00175901495,50001.06814449918,50001.00076863951,50001.00088028169,50001.12759415834,50001.226312201776,50001.53388090349,50002.0,49988.75,50001.00088028169
org.mockito.internal.configuration.injection.filter.FinalMockCandidateFilter.<init>()V 50001.126923076925,50001.0,50001.001760563384,50001.00088105727,50166.0,50001.12759415834,50002.0,50013.884098726725,50000.0035180299,50108.80078656512,50006.804288160994,50001.0,50001.0,50000.25518831668,50167.0,50001.00088028169,50001.00088105727,50001.500440140844,50001.14625550661,50001.000410509034,50001.02966954146,50001.01057014951,50001.0,50001.00175901495,50001.06814449918,50001.00076863951,50001.00088028169,50001.12759415834,50001.226312201776,50001.53388090349,50002.0,49988.75,50001.00088028169
org.mockito.configuration.DefaultMockitoConfiguration.<init>()V 50001.124615384615,50001.0,50001.00175592625,50001.00087873462,50163.0,50001.12528823982,50002.0,50013.7671453348,50000.00350877193,50108.845281096146,50006.80811979791,50001.0,50001.0,50000.25057647963,50164.0,50001.000877963124,50001.00087873462,50001.500438981566,50001.14323374341,50001.0004100041,50001.02963044255,50001.01045981418,50001.0,50001.001754385965,50001.06683066831,50001.00076863951,50001.000877963124,50001.12528823982,50001.22267759563,50001.53322395406,50002.0,49988.72,50001.000877963124
org.mockito.internal.util.Checks.checkItemsNotNull(Ljava/lang/Iterable;Ljava/lang/String;)Ljava/lang/Iterable; 50001.124615384615,50001.0,50001.00175592625,50001.00087873462,50163.0,50001.12528823982,50002.0,50036.312887166016,50000.00350877193,50108.87491154155,50006.81067001578,50002.01818181818,50036.312887166016,50001.91698693313,51248.0,50001.000877963124,50001.00087873462,50001.500438981566,50024.09259259259,50001.0004100041,50001.02963044255,50001.01045981418,50001.0,50001.001754385965,50001.92029520295,50001.00076863951,50001.000877963124,50001.95849346656,50001.97880690738,50001.53322395406,50002.0,49998.57,50001.000877963124
org.mockito.internal.configuration.injection.MockInjection$OngoingMockInjection.<init>(Ljava/util/Set;Ljava/lang/Object;Lorg/mockito/internal/configuration/injection/MockInjection$1;)V 50001.122307692305,50001.0,50001.00175131349,50001.00087642419,50160.0,50001.12298232129,50002.0,50013.649110640676,50000.003499562554,50108.88971701739,50006.81194386657,50001.0,50001.0,50000.245964642585,50161.0,50001.00087565674,50001.00087642419,50001.50043782837,50001.14022787029,50001.00040950041,50001.029591497805,50001.010348891505,50001.0,50001.00174978128,50001.06552006552,50001.00076863951,50001.00087565674,50001.12298232129,50001.21902806297,50001.53256861942,50002.0,49988.69,50001.00087565674
org.mockito.internal.configuration.injection.MockInjectionStrategy$1.<init>()V 50001.122307692305,50001.0,50001.00175131349,50001.00087642419,50160.0,50001.12298232129,50002.0,50013.649110640676,50000.003499562554,50108.88971701739,50006.81194386657,50001.0,50001.0,50000.245964642585,50161.0,50001.00087565674,50001.00087642419,50001.50043782837,50001.14022787029,50001.00040950041,50001.029591497805,50001.010348891505,50001.0,50001.00174978128,50001.06552006552,50001.00076863951,50001.00087565674,50001.12298232129,50001.21902806297,50001.53256861942,50002.0,49988.69,50001.00087565674
org.mockito.internal.configuration.injection.MockInjectionStrategy.<init>()V 50001.122307692305,50001.0,50001.00175131349,50001.00087642419,50160.0,50001.12298232129,50002.0,50013.649110640676,50000.003499562554,50108.88971701739,50006.81194386657,50001.0,50001.0,50000.245964642585,50161.0,50001.00087565674,50001.00087642419,50001.50043782837,50001.14022787029,50001.00040950041,50001.029591497805,50001.010348891505,50001.0,50001.00174978128,50001.06552006552,50001.00076863951,50001.00087565674,50001.12298232129,50001.21902806297,50001.53256861942,50002.0,49988.69,50001.00087565674
org.mockito.internal.util.collections.HashCodeAndEqualsSafeSet.access$000(Lorg/mockito/internal/util/collections/HashCodeAndEqualsSafeSet;)Ljava/util/HashSet; 50001.122307692305,50001.0,50001.00175131349,50001.00087642419,50160.0,50001.12298232129,50002.0,50013.649110640676,50000.003499562554,50108.88971701739,50006.81194386657,50001.0,50001.0,50000.245964642585,50161.0,50001.00087565674,50001.00087642419,50001.50043782837,50001.14022787029,50001.00040950041,50001.029591497805,50001.010348891505,50001.0,50001.00174978128,50001.06552006552,50001.00076863951,50001.00087565674,50001.12298232129,50001.21902806297,50001.53256861942,50002.0,49988.69,50001.00087565674
org.mockito.internal.util.collections.Sets.newMockSafeHashSet([Ljava/lang/Object;)Ljava/util/Set; 50001.122307692305,50001.0,50001.00175131349,50001.00087642419,50160.0,50001.12298232129,50002.0,50013.649110640676,50000.003499562554,50108.88971701739,50006.81194386657,50001.0,50001.0,50000.245964642585,50161.0,50001.00087565674,50001.00087642419,50001.50043782837,50001.14022787029,50001.00040950041,50001.029591497805,50001.010348891505,50001.0,50001.00174978128,50001.06552006552,50001.00076863951,50001.00087565674,50001.12298232129,50001.21902806297,50001.53256861942,50002.0,49988.69,50001.00087565674
org.mockito.internal.progress.ArgumentMatcherStorageImpl.validateState()V 50001.06615384616,50001.0,50001.00164609053,50001.00082372323,50087.0,50001.0668716372,50002.0,50036.986108430894,50000.00328947369,50109.95352828965,50006.90275383024,50002.142857142855,50036.986108430894,50001.9907763259,51296.0,50001.000823045266,50001.00082372323,50001.50041152263,50216.833333333336,50001.00039761431,50001.028688765524,50001.00737886238,50001.0,50001.00164473684,50001.99081866871,50001.00076863951,50001.000823045266,50001.99538816295,50001.99768875193,50001.517104216386,50002.0,49998.7,50001.000823045266
org.mockito.internal.progress.ThreadSafeMockingProgress.<init>()V 50001.06615384616,50001.0,50001.00164609053,50001.00082372323,50087.0,50001.0668716372,50002.0,50010.32737905309,50000.00328947369,50109.95352828965,50006.90275383024,50001.0,50001.0,50000.133743274404,50088.0,50001.000823045266,50001.00082372323,50001.50041152263,50001.07166392092,50001.00039761431,50001.028688765524,50001.00737886238,50001.0,50001.00164473684,50001.03459244533,50001.00076863951,50001.000823045266,50001.0668716372,50001.125360230544,50001.517104216386,50002.0,49987.96,50001.000823045266
org.mockito.internal.util.MockUtil.<init>()V 50001.06153846154,50001.0,50001.00163800164,50001.00081967213,50081.0,50001.06225980016,50002.0,50010.0,50000.00327332242,50110.03952390243,50006.91003370491,50001.0,50001.0,50000.12451960031,50082.0,50001.000819000816,50001.00081967213,50001.50040950041,50001.06639344263,50001.00039666799,50001.02861819035,50001.00709929929,50001.0,50001.00163666121,50001.0321301071,50001.00076863951,50001.000819000816,50001.06225980016,50001.11722141824,50001.51587301587,50002.0,49987.9,50001.000819000816
org.mockito.internal.configuration.CaptorAnnotationProcessor.<init>()V 50001.127692307695,50001.0,50001.00176211454,50001.00088183422,50167.0,50001.12836279785,50002.0,50013.92284798332,50000.00352112676,50108.785941990245,50006.8030092608,50001.0,50001.0,50000.2567255957,50168.0,50001.00088105727,50001.00088183422,50001.50044052863,50001.147266313936,50001.00041067762,50001.02968260886,50001.0106068014,50001.0,50001.001760563384,50001.06858316222,50001.00076863951,50001.00088105727,50001.12836279785,50001.22752043597,50001.53410024651,50002.0,49988.76,50001.00088105727
org.mockito.internal.configuration.MockAnnotationProcessor.<init>()V 50001.127692307695,50001.0,50001.00176211454,50001.00088183422,50167.0,50001.12836279785,50002.0,50013.92284798332,50000.00352112676,50108.785941990245,50006.8030092608,50001.0,50001.0,50000.2567255957,50168.0,50001.00088105727,50001.00088183422,50001.50044052863,50001.147266313936,50001.00041067762,50001.02968260886,50001.0106068014,50001.0,50001.001760563384,50001.06858316222,50001.00076863951,50001.00088105727,50001.12836279785,50001.22752043597,50001.53410024651,50002.0,49988.76,50001.00088105727
org.mockito.internal.configuration.injection.PropertyAndSetterInjection$1.<init>(Lorg/mockito/internal/configuration/injection/PropertyAndSetterInjection;)V 50001.126923076925,50001.0,50001.001760563384,50001.00088105727,50166.0,50001.12759415834,50002.0,50013.884098726725,50000.0035180299,50108.80078656512,50006.804288160994,50001.0,50001.0,50000.25518831668,50167.0,50001.00088028169,50001.00088105727,50001.500440140844,50001.14625550661,50001.000410509034,50001.02966954146,50001.01057014951,50001.0,50001.00175901495,50001.06814449918,50001.00076863951,50001.00088028169,50001.12759415834,50001.226312201776,50001.53388090349,50002.0,49988.75,50001.00088028169
org.mockito.internal.configuration.injection.PropertyAndSetterInjection$FieldTypeAndNameComparator.<init>()V 50001.123846153845,50001.0,50001.001754385965,50001.000877963124,50162.0,50001.12451960031,50002.0,50013.72792206136,50000.00350569676,50108.86009957065,50006.80939532666,50001.0,50001.0,50000.249039200615,50163.0,50001.000877192986,50001.000877963124,50001.50043859649,50001.14223002634,50001.000409836066,50001.029617443884,50001.010422906365,50001.0,50001.00175284838,50001.06639344263,50001.00076863951,50001.000877192986,50001.12451960031,50001.22146274778,50001.53300533006,50002.0,49988.71,50001.000877192986
org.mockito.MockitoAnnotations.scanDeprecatedWay(Lorg/mockito/configuration/AnnotationEngine;Ljava/lang/Object;Ljava/lang/Class;)V 5005.128461538461,5005.0,5005.001763668431,5005.000882612533,5172.0,5005.129131437356,5006.0,5024.209372712298,5004.003524229075,5112.785941990245,5010.803009260803,5006.001071811361,5024.209372712298,5004.567255956957,5374.0,5005.000881834215,5005.000882612533,5005.500440917108,5005.395922746781,5005.000410846344,5005.029695693546,5005.010643391374,5005.0,5005.001762114537,5005.165248544559,5005.000768639508,5005.000881834215,5005.283627978478,5005.441916167665,5005.534319769831,5006.0,4993.79,5005.000881834215
org.mockito.internal.configuration.DefaultAnnotationEngine.process(Ljava/lang/Class;Ljava/lang/Object;)V 5005.128461538461,5005.0,5005.001763668431,5005.000882612533,5172.0,5005.129131437356,5006.0,5033.10693864511,5004.003524229075,5112.771090868693,5010.801729514499,5006.001953125,5033.10693864511,5005.214450422752,5795.0,5005.000881834215,5005.000882612533,5005.500440917108,5006.545988258317,5005.000410846344,5005.029695693546,5005.010643391374,5005.0,5005.001762114537,5005.435982339955,5005.000768639508,5005.000881834215,5005.607225211376,5005.755619320899,5005.534319769831,5006.0,4998.0,5005.000881834215
org.mockito.internal.configuration.DefaultInjectionEngine.injectMocksOnFields(Ljava/util/Set;Ljava/util/Set;Ljava/lang/Object;)V 5005.128461538461,5005.0,5005.001763668431,5005.000882612533,5172.0,5005.129131437356,5006.0,5017.9614813968155,5004.003524229075,5112.771090868693,5010.801729514499,5005.0,5005.0,5004.258262874711,5173.0,5005.000881834215,5005.000882612533,5005.500440917108,5005.148278905561,5005.000410846344,5005.029695693546,5005.010643391374,5005.0,5005.001762114537,5005.069022185702,5005.000768639508,5005.000881834215,5005.129131437356,5005.228727025187,5005.534319769831,5006.0,4992.77,5005.000881834215
org.mockito.internal.configuration.injection.scanner.InjectMocksScanner.<init>(Ljava/lang/Class;)V 5005.128461538461,5005.0,5005.001763668431,5005.000882612533,5172.0,5005.129131437356,5006.0,5017.9614813968155,5004.003524229075,5112.771090868693,5010.801729514499,5005.0,5005.0,5004.258262874711,5173.0,5005.000881834215,5005.000882612533,5005.500440917108,5005.148278905561,5005.000410846344,5005.029695693546,5005.010643391374,5005.0,5005.001762114537,5005.069022185702,5005.000768639508,5005.000881834215,5005.129131437356,5005.228727025187,5005.534319769831,5006.0,4992.77,5005.000881834215
org.mockito.internal.configuration.injection.scanner.InjectMocksScanner.addTo(Ljava/util/Set;)V 5005.128461538461,5005.0,5005.001763668431,5005.000882612533,5172.0,5005.129131437356,5006.0,5017.9614813968155,5004.003524229075,5112.771090868693,5010.801729514499,5005.0,5005.0,5004.258262874711,5173.0,5005.000881834215,5005.000882612533,5005.500440917108,5005.148278905561,5005.000410846344,5005.029695693546,5005.010643391374,5005.0,5005.001762114537,5005.069022185702,5005.000768639508,5005.000881834215,5005.129131437356,5005.228727025187,5005.534319769831,5006.0,4992.77,5005.000881834215
org.mockito.internal.configuration.injection.scanner.MockScanner.<init>(Ljava/lang/Object;Ljava/lang/Class;)V 5005.128461538461,5005.0,5005.001763668431,5005.000882612533,5172.0,5005.129131437356,5006.0,5017.9614813968155,5004.003524229075,5112.771090868693,5010.801729514499,5005.0,5005.0,5004.258262874711,5173.0,5005.000881834215,5005.000882612533,5005.500440917108,5005.148278905561,5005.000410846344,5005.029695693546,5005.010643391374,5005.0,5005.001762114537,5005.069022185702,5005.000768639508,5005.000881834215,5005.129131437356,5005.228727025187,5005.534319769831,5006.0,4992.77,5005.000881834215
org.mockito.internal.configuration.injection.scanner.MockScanner.scan()Ljava/util/Set; 5005.128461538461,5005.0,5005.001763668431,5005.000882612533,5172.0,5005.129131437356,5006.0,5031.758176320519,5004.003524229075,5112.771090868693,5010.801729514499,5006.0017064846415,5031.758176320519,5005.100691775558,5721.0,5005.000881834215,5005.000882612533,5005.500440917108,5006.223931623932,5005.000410846344,5005.029695693546,5005.010643391374,5005.0,5005.001762114537,5005.379639448568,5005.000768639508,5005.000881834215,5005.550345887778,5005.709965294993,5005.534319769831,5006.0,4997.26,5005.000881834215
org.mockito.configuration.DefaultMockitoConfiguration.getAnnotationEngine()Lorg/mockito/configuration/AnnotationEngine; 5005.127692307692,5005.0,5005.001762114537,5005.000881834215,5171.0,5005.128362797848,5006.0,5017.92284798332,5004.0035211267605,5112.785941990245,5010.803009260803,5005.0,5005.0,5004.256725595696,5172.0,5005.000881057269,5005.000881834215,5005.5004405286345,5005.147266313933,5005.000410677618,5005.02968260886,5005.010606801396,5005.0,5005.00176056338,5005.068583162218,5005.000768639508,5005.000881057269,5005.128362797848,5005.227520435968,5005.5341002465075,5006.0,4992.76,5005.000881057269
org.mockito.internal.configuration.DefaultAnnotationEngine.registerAnnotationProcessor(Ljava/lang/Class;Lorg/mockito/internal/configuration/FieldAnnotationProcessor;)V 5005.127692307692,5005.0,5005.001762114537,5005.000881834215,5171.0,5005.128362797848,5006.0,5017.92284798332,5004.0035211267605,5112.785941990245,5010.803009260803,5005.0,5005.0,5004.256725595696,5172.0,5005.000881057269,5005.000881834215,5005.5004405286345,5005.147266313933,5005.000410677618,5005.02968260886,5005.010606801396,5005.0,5005.00176056338,5005.068583162218,5005.000768639508,5005.000881057269,5005.128362797848,5005.227520435968,5005.5341002465075,5006.0,4992.76,5005.000881057269
org.mockito.internal.configuration.InjectingAnnotationEngine.<init>()V 5005.127692307692,5005.0,5005.001762114537,5005.000881834215,5171.0,5005.128362797848,5006.0,5017.92284798332,5004.0035211267605,5112.785941990245,5010.803009260803,5005.0,5005.0,5004.256725595696,5172.0,5005.000881057269,5005.000881834215,5005.5004405286345,5005.147266313933,5005.000410677618,5005.02968260886,5005.010606801396,5005.0,5005.00176056338,5005.068583162218,5005.000768639508,5005.000881057269,5005.128362797848,5005.227520435968,5005.5341002465075,5006.0,4992.76,5005.000881057269
org.mockito.internal.configuration.injection.MockInjection.onFields(Ljava/util/Set;Ljava/lang/Object;)Lorg/mockito/internal/configuration/injection/MockInjection$OngoingMockInjection; 5005.127692307692,5005.0,5005.001762114537,5005.000881834215,5171.0,5005.128362797848,5006.0,5017.92284798332,5004.0035211267605,5112.785941990245,5010.803009260803,5005.0,5005.0,5004.256725595696,5172.0,5005.000881057269,5005.000881834215,5005.5004405286345,5005.147266313933,5005.000410677618,5005.02968260886,5005.010606801396,5005.0,5005.00176056338,5005.068583162218,5005.000768639508,5005.000881057269,5005.128362797848,5005.227520435968,5005.5341002465075,5006.0,4992.76,5005.000881057269
org.mockito.internal.configuration.injection.MockInjection$OngoingMockInjection.tryConstructorInjection()Lorg/mockito/internal/configuration/injection/MockInjection$OngoingMockInjection; 5005.126923076923,5005.0,5005.00176056338,5005.000881057269,5170.0,5005.12759415834,5006.0,5017.884098726725,5004.003518029903,5112.800786565126,5010.804288160994,5005.0,5005.0,5004.25518831668,5171.0,5005.00088028169,5005.000881057269,5005.500440140845,5005.146255506608,5005.000410509031,5005.0296695414545,5005.01057014951,5005.0,5005.001759014952,5005.068144499179,5005.000768639508,5005.00088028169,5005.12759415834,5005.226312201772,5005.533880903491,5006.0,4992.75,5005.00088028169
org.mockito.internal.configuration.injection.PropertyAndSetterInjection.<init>()V 5005.126923076923,5005.0,5005.00176056338,5005.000881057269,5170.0,5005.12759415834,5006.0,5017.884098726725,5004.003518029903,5112.800786565126,5010.804288160994,5005.0,5005.0,5004.25518831668,5171.0,5005.00088028169,5005.000881057269,5005.500440140845,5005.146255506608,5005.000410509031,5005.0296695414545,5005.01057014951,5005.0,5005.001759014952,5005.068144499179,5005.000768639508,5005.00088028169,5005.12759415834,5005.226312201772,5005.533880903491,5006.0,4992.75,5005.00088028169
org.mockito.internal.configuration.injection.filter.NameBasedCandidateFilter.<init>(Lorg/mockito/internal/configuration/injection/filter/MockCandidateFilter;)V 5005.126923076923,5005.0,5005.00176056338,5005.000881057269,5170.0,5005.12759415834,5006.0,5017.884098726725,5004.003518029903,5112.800786565126,5010.804288160994,5005.0,5005.0,5004.25518831668,5171.0,5005.00088028169,5005.000881057269,5005.500440140845,5005.146255506608,5005.000410509031,5005.0296695414545,5005.01057014951,5005.0,5005.001759014952,5005.068144499179,5005.000768639508,5005.00088028169,5005.12759415834,5005.226312201772,5005.533880903491,5006.0,4992.75,5005.00088028169
org.mockito.internal.configuration.injection.filter.TypeBasedCandidateFilter.<init>(Lorg/mockito/internal/configuration/injection/filter/MockCandidateFilter;)V 5005.126923076923,5005.0,5005.00176056338,5005.000881057269,5170.0,5005.12759415834,5006.0,5017.884098726725,5004.003518029903,5112.800786565126,5010.804288160994,5005.0,5005.0,5004.25518831668,5171.0,5005.00088028169,5005.000881057269,5005.500440140845,5005.146255506608,5005.000410509031,5005.0296695414545,5005.01057014951,5005.0,5005.001759014952,5005.068144499179,5005.000768639508,5005.00088028169,5005.12759415834,5005.226312201772,5005.533880903491,5006.0,4992.75,5005.00088028169
org.mockito.internal.configuration.injection.MockInjection$OngoingMockInjection.apply()V 5005.125384615385,5005.0,5005.001757469245,5005.0008795074755,5168.0,5005.126056879323,5006.0,5040.341194094144,5004.003511852502,5112.830456109455,5010.806843428247,5006.018867924528,5040.341194094144,5005.920061491161,6254.0,5005.000878734622,5005.0008795074755,5005.500439367311,5029.0192307692305,5005.0004101722725,5005.029643458336,5005.010496656735,5005.0,5005.0017559262515,5005.923133776792,5005.000768639508,5005.000878734622,5005.96003074558,5005.979607843137,5005.533442757489,5006.0,5002.59,5005.000878734622
org.mockito.internal.configuration.injection.MockInjection$OngoingMockInjection.withMocks(Ljava/util/Set;)Lorg/mockito/internal/configuration/injection/MockInjection$OngoingMockInjection; 5005.124615384615,5005.0,5005.0017559262515,5005.000878734622,5167.0,5005.125288239816,5006.0,5017.767145334804,5004.00350877193,5112.845281096146,5010.808119797909,5005.0,5005.0,5004.2505764796315,5168.0,5005.000877963125,5005.000878734622,5005.500438981563,5005.14323374341,5005.0004100041,5005.029630442547,5005.010459814174,5005.0,5005.001754385965,5005.0668306683065,5005.000768639508,5005.000877963125,5005.125288239816,5005.222677595629,5005.53322395406,5006.0,4992.72,5005.000877963125
org.mockito.internal.util.collections.HashCodeAndEqualsSafeSet.addAll(Ljava/util/Collection;)Z 5005.123076923077,5005.0,5005.001752848379,5005.000877192982,5165.0,5005.123750960799,5006.0,5017.68857754045,5004.003502626971,5112.8749115415485,5010.810670015779,5005.0,5005.0,5004.247501921599,5166.0,5005.000876424189,5005.000877192982,5005.500438212095,5005.141228070175,5005.000409668169,5005.029604462321,5005.0103859324345,5005.0,5005.001751313485,5005.065956575174,5005.000768639508,5005.000876424189,5005.123750960799,5005.22024623803,5005.5327868852455,5006.0,4992.7,5005.000876424189
org.mockito.internal.util.collections.HashCodeAndEqualsSafeSet.asWrappedMocks(Ljava/util/Collection;)Ljava/util/HashSet; 5005.123076923077,5005.0,5005.001752848379,5005.000877192982,5165.0,5005.123750960799,5006.0,5031.627053911388,5004.003502626971,5112.8749115415485,5010.810670015779,5006.001686340641,5031.627053911388,5005.089930822444,5714.0,5005.000876424189,5005.000877192982,5005.500438212095,5006.197635135135,5005.000409668169,5005.029604462321,5005.0103859324345,5005.0,5005.001751313485,5005.374537770735,5005.000768639508,5005.000876424189,5005.544965411222,5005.705472636816,5005.5327868852455,5006.0,4997.19,5005.000876424189
org.mockito.internal.configuration.injection.MockInjection$OngoingMockInjection.<init>(Ljava/util/Set;Ljava/lang/Object;)V 5005.122307692308,5005.0,5005.001751313485,5005.000876424189,5164.0,5005.122982321292,5006.0,5017.649110640674,5004.003499562555,5112.889717017389,5010.811943866565,5005.0,5005.0,5004.245964642582,5165.0,5005.000875656742,5005.000876424189,5005.500437828371,5005.140227870289,5005.00040950041,5005.029591497809,5005.010348891507,5005.0,5005.001749781278,5005.06552006552,5005.000768639508,5005.000875656742,5005.122982321292,5005.21902806297,5005.532568619418,5006.0,4992.69,5005.000875656742
org.mockito.internal.configuration.injection.MockInjectionStrategy.nop()Lorg/mockito/internal/configuration/injection/MockInjectionStrategy; 5005.122307692308,5005.0,5005.001751313485,5005.000876424189,5164.0,5005.122982321292,5006.0,5017.649110640674,5004.003499562555,5112.889717017389,5010.811943866565,5005.0,5005.0,5004.245964642582,5165.0,5005.000875656742,5005.000876424189,5005.500437828371,5005.140227870289,5005.00040950041,5005.029591497809,5005.010348891507,5005.0,5005.001749781278,5005.06552006552,5005.000768639508,5005.000875656742,5005.122982321292,5005.21902806297,5005.532568619418,5006.0,4992.69,5005.000875656742
org.mockito.internal.util.collections.HashCodeAndEqualsSafeSet$1.<init>(Lorg/mockito/internal/util/collections/HashCodeAndEqualsSafeSet;)V 5005.122307692308,5005.0,5005.001751313485,5005.000876424189,5164.0,5005.122982321292,5006.0,5017.649110640674,5004.003499562555,5112.889717017389,5010.811943866565,5005.0,5005.0,5004.245964642582,5165.0,5005.000875656742,5005.000876424189,5005.500437828371,5005.140227870289,5005.00040950041,5005.029591497809,5005.010348891507,5005.0,5005.001749781278,5005.06552006552,5005.000768639508,5005.000875656742,5005.122982321292,5005.21902806297,5005.532568619418,5006.0,4992.69,5005.000875656742
org.mockito.internal.util.collections.HashCodeAndEqualsSafeSet$1.hasNext()Z 5005.122307692308,5005.0,5005.001751313485,5005.000876424189,5164.0,5005.122982321292,5006.0,5017.649110640674,5004.003499562555,5112.889717017389,5010.811943866565,5005.0,5005.0,5004.245964642582,5165.0,5005.000875656742,5005.000876424189,5005.500437828371,5005.140227870289,5005.00040950041,5005.029591497809,5005.010348891507,5005.0,5005.001749781278,5005.06552006552,5005.000768639508,5005.000875656742,5005.122982321292,5005.21902806297,5005.532568619418,5006.0,4992.69,5005.000875656742
org.mockito.internal.util.collections.HashCodeAndEqualsSafeSet.iterator()Ljava/util/Iterator; 5005.122307692308,5005.0,5005.001751313485,5005.000876424189,5164.0,5005.122982321292,5006.0,5017.649110640674,5004.003499562555,5112.889717017389,5010.811943866565,5005.0,5005.0,5004.245964642582,5165.0,5005.000875656742,5005.000876424189,5005.500437828371,5005.140227870289,5005.00040950041,5005.029591497809,5005.010348891507,5005.0,5005.001749781278,5005.06552006552,5005.000768639508,5005.000875656742,5005.122982321292,5005.21902806297,5005.532568619418,5006.0,4992.69,5005.000875656742
org.mockito.internal.util.collections.HashCodeAndEqualsSafeSet.of(Ljava/lang/Iterable;)Lorg/mockito/internal/util/collections/HashCodeAndEqualsSafeSet; 5005.118461538462,5005.0,5005.001743679163,5005.000872600349,5159.0,5005.119139123751,5006.0,5040.4118624192515,5004.003484320558,5112.963647268902,5010.818300590346,5006.020833333333,5040.4118624192515,5005.927747886241,6259.0,5005.000871839581,5005.000872600349,5005.500435919791,5031.68085106383,5005.00040866367,5005.029526929768,5005.010162650152,5005.0,5005.001742160279,5005.930267062315,5005.000768639508,5005.000871839581,5005.96387394312,5005.9816046966735,5005.531479967293,5006.0,5002.64,5005.000871839581
org.mockito.internal.util.collections.HashCodeAndEqualsSafeSet.of([Ljava/lang/Object;)Lorg/mockito/internal/util/collections/HashCodeAndEqualsSafeSet; 5005.118461538462,5005.0,5005.001743679163,5005.000872600349,5159.0,5005.119139123751,5006.0,5017.449899597988,5004.003484320558,5112.963647268902,5010.818300590346,5005.0,5005.0,5004.2382782475015,5160.0,5005.000871839581,5005.000872600349,5005.500435919791,5005.135253054102,5005.00040866367,5005.029526929768,5005.010162650152,5005.0,5005.001742160279,5005.063342868819,5005.000768639508,5005.000871839581,5005.119139123751,5005.212912087912,5005.531479967293,5006.0,4992.64,5005.000871839581
org.mockito.internal.util.collections.HashCodeAndEqualsSafeSet.<init>()V 5005.115384615385,5005.0,5005.001737619461,5005.000869565218,5155.0,5005.116064565718,5006.0,5017.288205727445,5004.003472222223,5113.022675424906,5010.823371009616,5005.0,5005.0,5004.232129131437,5156.0,5005.0008688097305,5005.000869565218,5005.500434404866,5005.131304347826,5005.000407996736,5005.029475578547,5005.010012356197,5005.0,5005.001736111111,5005.06160750714,5005.000768639508,5005.0008688097305,5005.116064565718,5005.207988980716,5005.530612244898,5006.0,4992.6,5005.0008688097305
org.mockito.internal.progress.ThreadSafeMockingProgress.validateState()V 5005.11076923077,5005.0,5005.00172860847,5005.000865051903,5149.0,5005.11145272867,5006.0,5017.041594578793,5004.003454231433,5113.11102550928,5010.830951894845,5005.0,5005.0,5004.222905457341,5150.0,5005.000864304235,5005.000865051903,5005.500432152117,5005.1254325259515,5005.000407000407,5005.029399051602,5005.009784595815,5005.0,5005.001727115717,5005.059015059015,5005.000768639508,5005.000864304235,5005.11145272867,5005.200553250345,5005.529315960912,5006.0,4992.54,5005.000864304235
org.mockito.internal.progress.MockingProgressImpl.validateState()V 5005.11,5005.0,5005.001727115717,5005.000864304235,5148.0,5005.1106840891625,5006.0,5040.97221149721,5004.003451251078,5113.12572821267,5010.832212504993,5006.125,5040.97221149721,5005.989239046887,6299.0,5005.000863557859,5005.000864304235,5005.500431778929,5189.857142857143,5005.000406834825,5005.02938635497,5005.009746351339,5005.0,5005.00172562554,5005.989296636086,5005.000768639508,5005.000863557859,5005.994619523443,5005.997302504817,5005.5291005291,5006.0,5002.6,5005.000863557859
org.mockito.internal.util.Checks.checkNotNull(Ljava/lang/Object;Ljava/lang/String;)Ljava/lang/Object; 5005.096923076923,5005.0,5005.00170212766,5005.000851788756,5131.0,5005.097617217525,5006.0,5041.0,5004.003401360545,5113.389298511285,5010.854764982645,5006.166666666667,5041.0,5005.992313604919,6301.0,5005.00085106383,5005.000851788756,5005.5004255319145,5264.2,5005.000404040404,5005.029172998299,5005.009082275323,5005.0,5005.001700680272,5005.99234303216,5005.000768639508,5005.00085106383,5005.99615680246,5005.998074701579,5005.525464834276,5006.0,5002.8,5005.00085106383
org.mockito.internal.configuration.GlobalConfiguration.validate()V 5005.066153846154,5005.0,5005.001646090535,5005.000823723229,5091.0,5005.066871637202,5006.0,5014.327379053088,5004.003289473684,5113.953528289649,5010.902753830236,5005.0,5005.0,5004.133743274404,5092.0,5005.000823045268,5005.000823723229,5005.500411522634,5005.071663920922,5005.000397614314,5005.0286887655275,5005.007378862379,5005.0,5005.0016447368425,5005.034592445328,5005.000768639508,5005.000823045268,5005.066871637202,5005.125360230548,5005.517104216388,5006.0,4991.96,5005.000823045268
org.mockito.internal.progress.MockingProgressImpl.getArgumentMatcherStorage()Lorg/mockito/internal/progress/ArgumentMatcherStorage; 5005.066153846154,5005.0,5005.001646090535,5005.000823723229,5091.0,5005.066871637202,5006.0,5014.327379053088,5004.003289473684,5113.953528289649,5010.902753830236,5005.0,5005.0,5004.133743274404,5092.0,5005.000823045268,5005.000823723229,5005.500411522634,5005.071663920922,5005.000397614314,5005.0286887655275,5005.007378862379,5005.0,5005.0016447368425,5005.034592445328,5005.000768639508,5005.000823045268,5005.066871637202,5005.125360230548,5005.517104216388,5006.0,4991.96,5005.000823045268
org.mockito.internal.progress.MockingProgressImpl.validateMostStuff()V 5005.066153846154,5005.0,5005.001646090535,5005.000823723229,5091.0,5005.066871637202,5006.0,5040.916569992136,5004.003289473684,5113.953528289649,5010.902753830236,5006.083333333333,5040.916569992136,5005.983089930823,6295.0,5005.000823045268,5005.000823723229,5005.500411522634,5122.272727272727,5005.000397614314,5005.0286887655275,5005.007378862379,5005.0,5005.0016447368425,5005.983231707317,5005.000768639508,5005.000823045268,5005.991544965411,5005.995754534929,5005.517104216388,5006.0,5002.2,5005.000823045268
org.mockito.internal.progress.ThreadSafeMockingProgress.threadSafely()Lorg/mockito/internal/progress/MockingProgress; 5005.066153846154,5005.0,5005.001646090535,5005.000823723229,5091.0,5005.066871637202,5006.0,5040.888716889853,5004.003289473684,5113.953528289649,5010.902753830236,5006.071428571428,5040.888716889853,5005.98001537279,6293.0,5005.000823045268,5005.000823723229,5005.500411522634,5104.076923076923,5005.000397614314,5005.0286887655275,5005.007378862379,5005.0,5005.0016447368425,5005.980213089802,5005.000768639508,5005.000823045268,5005.990007686395,5005.994978756276,5005.517104216388,5006.0,5002.98,5005.000823045268
org.mockito.internal.configuration.GlobalConfiguration.<init>()V 5005.053846153846,5005.0,5005.001624695369,5005.0008130081305,5075.0,5005.054573405073,5006.0,5040.916569992136,5004.0032467532465,5114.18238134278,5010.922107381119,5006.083333333333,5040.916569992136,5005.983089930823,6295.0,5005.000812347685,5005.0008130081305,5005.500406173843,5122.272727272727,5005.000395100751,5005.028501713717,5005.006613758267,5005.0,5005.001623376624,5005.983231707317,5005.000768639508,5005.000812347685,5005.991544965411,5005.995754534929,5005.513833992095,5006.0,5002.2,5005.000812347685
