org.mockito.Matchers.same(Ljava/lang/Object;)Ljava/lang/Object; 5000001.247524752,5000001.0,5000001.333333333,5000001.2,5000000.0,5000001.997527812,5000001.0,5000029.407745423,5000000.571428572,5000061.2648951765,5000003.754230644,5000004.375,5000086.117565755,5000001.9876847295,5000808.0,5000001.166666667,5000001.2,5000001.291666667,5000162.4,5000001.00122399,5000001.288675135,5000001.287782564,5000002.0,5000001.285714285,5000001.987760098,5000001.001231527,5000001.333333333,5000001.993842364,5000001.996911674,5000001.990196078,5000002.0,5000000.0,5000001.000016665
org.mockito.Matchers.eq(Ljava/lang/Object;)Ljava/lang/Object; 5000001.232673267,5000001.0,5000001.111111111,5000001.05882353,5000000.0,5000001.9826946845,5000001.0,5000029.19574436,5000000.2105263155,5000063.592339001,5000003.293107633,5000004.15,5000085.480767042,5000001.958128079,5000796.0,5000001.055555556,5000001.05882353,5000001.158333333,5000047.764705882,5000001.001206272,5000001.1290994445,5000001.127735036,5000002.0,5000001.105263158,5000001.958986731,5000001.001231527,5000001.066666666,5000001.979064039,5000001.989421282,5000001.935185186,5000002.0,4999999.96,5000001.00000238
org.mockito.Matchers.isA(Ljava/lang/Class;)Ljava/lang/Object; 50003.49257425743,50003.0,50003.4,50003.5,50002.0,50004.99258343634,50003.0,50031.35489375752,50002.666666666664,50066.30017135699,50004.245194867166,50005.2,50059.568542494926,50003.9802955665,50807.0,50003.2,50003.25,50003.375,50103.5,50003.00243902439,50003.353553390596,50003.351799866265,50004.0,50003.333333333336,50003.980487804874,50003.00246305419,50003.25,50003.99014778325,50003.99504950495,50003.98536585366,50005.0,50002.6,50003.00003332778
org.mockito.internal.progress.ArgumentMatcherStorageImpl.reset()V 50001.91336633663,50001.0,50001.10810810811,50001.22857142857,50739.0,50004.91347342398,50002.0,50028.239676943755,50000.205128205125,50074.21728187955,50003.89250760852,50001.0,50001.0,50001.8275862069,50743.0,50001.05405405405,50001.05714285714,50001.52702702703,50011.6,50001.00453514739,50001.23249527749,50001.22219620458,50001.0,50001.10256410256,50001.84126984127,50001.00492610838,50001.05405405405,50001.91379310345,50001.954954954956,50001.92027334852,50005.0,50002.4,50001.05405405405
org.mockito.internal.progress.MockingProgressImpl.reset()V 50001.91336633663,50001.00431965443,50001.10810810811,50001.22857142857,50739.0,50004.91347342398,50002.0,50028.239676943755,50000.205128205125,50074.21728187955,50003.89250760852,50001.0,50001.0,50001.8275862069,50743.0,50001.05405405405,50001.05714285714,50001.52702702703,50011.6,50001.00453514739,50001.23249527749,50001.22219620458,50001.0,50001.10256410256,50001.84126984127,50001.00492610838,50001.05405405405,50001.91379310345,50001.954954954956,50001.92027334852,50005.0,50002.4,50001.05405405405
org.mockito.internal.progress.ThreadSafeMockingProgress.reset()V 50001.91336633663,50001.00357781753,50001.10810810811,50001.22857142857,50739.0,50004.91347342398,50002.0,50028.239676943755,50000.205128205125,50074.21728187955,50003.89250760852,50001.0,50001.0,50001.8275862069,50743.0,50001.05405405405,50001.05714285714,50001.52702702703,50011.6,50001.00453514739,50001.23249527749,50001.22219620458,50001.0,50001.10256410256,50001.84126984127,50001.00492610838,50001.05405405405,50001.91379310345,50001.954954954956,50001.92027334852,50005.0,50002.4,50001.05405405405
org.mockito.internal.stubbing.defaultanswers.ReturnsEmptyValues.primitiveOf(Ljava/lang/Class;)Ljava/lang/Object; 50001.88613861386,50001.0,50001.083333333336,50001.17391304348,50717.0,50004.88627935723,50002.0,50029.35489375752,50000.16,50077.296204756465,50004.741657386774,50005.333333333336,50114.419575030064,50001.9802955665,50805.0,50001.041666666664,50001.04347826087,50001.520833333336,50101.5,50001.00442477876,50001.20412414523,50001.19215213307,50001.0,50001.08,50001.980487804874,50001.00492610838,50001.041666666664,50001.99014778325,50001.99504950495,50001.897777777776,50005.0,50002.18,50001.041666666664
org.mockito.Matchers.reportMatcher(Lorg/hamcrest/Matcher;)Lorg/mockito/internal/progress/HandyReturnValues; 50001.84777227723,50001.0,50001.06299212598,50001.13008130081,50686.0,50004.847960445,50002.0,50027.248809496814,50000.12213740458,50076.94121812061,50004.33024571262,50001.0,50001.0,50001.69704433498,50690.0,50001.03149606299,50001.03252032521,50001.515748031496,50006.60162601626,50001.00427807487,50001.17747130188,50001.16340590273,50001.0,50001.06106870229,50001.73689839572,50001.00492610838,50001.03149606299,50001.848522167485,50001.918054630245,50001.86788399571,50005.0,50001.87,50001.03149606299
org.mockito.Mockito.never()Lorg/mockito/internal/verification/api/VerificationMode; 50001.24133663366,50001.0,50001.181818181816,50001.1,50000.0,50001.991347342395,50001.0,50029.31960451701,50000.333333333336,50062.49643292527,50003.520763513094,50004.230769230766,50085.852813742385,50001.97536945813,50803.0,50001.09090909091,50001.1,50001.1875,50081.2,50001.00121654501,50001.1767766953,50001.17568060653,50002.0,50001.166666666664,50001.97566909976,50001.001231527094,50001.125,50001.987684729065,50001.99380421313,50001.966507177036,50002.0,49999.5,50001.000004761656
org.mockito.internal.stubbing.defaultanswers.ReturnsEmptyValues.returnValueFor(Ljava/lang/Class;)Ljava/lang/Object; 50001.83787128713,50001.0,50001.05925925926,50001.12213740458,50678.0,50004.83807169345,50002.0,50029.407745422686,50000.11510791367,50085.624401547495,50005.44676510885,50005.444444444445,50114.63098169074,50001.987684729065,50808.0,50001.02962962963,50001.03053435114,50001.514814814815,50162.4,50001.00424178155,50001.172132593165,50001.15756210177,50001.0,50001.05755395684,50001.987760097916,50001.00492610838,50001.02962962963,50001.99384236453,50001.99691167387,50001.860489882856,50005.0,50001.79,50001.02962962963
org.mockito.internal.progress.ArgumentMatcherStorageImpl.reportMatcher(Lorg/hamcrest/Matcher;)Lorg/mockito/internal/progress/HandyReturnValues; 50001.82920792079,50001.0,50001.05633802817,50001.115942028984,50671.0,50004.82941903585,50002.0,50026.961509971494,50000.109589041094,50077.598021738675,50004.42743929552,50001.0,50001.0,50001.66009852217,50675.0,50001.028169014084,50001.02898550725,50001.51408450704,50005.884057971016,50001.00421052631,50001.16783627166,50001.152833143,50001.0,50001.05479452055,50001.70947368421,50001.00492610838,50001.028169014084,50001.83004926109,50001.90713324361,50001.85412262157,50005.0,50001.72,50001.028169014084
org.mockito.internal.progress.HandyReturnValues.<init>()V 50001.824257425746,50001.00430107527,50001.05479452055,50001.112676056335,50667.0,50004.824474660076,50002.0,50026.88435821109,50000.10666666667,50077.76705690202,50004.45201032556,50001.0,50001.0,50001.65024630542,50671.0,50001.02739726027,50001.028169014084,50001.51369863014,50005.718309859156,50001.00419287212,50001.16552117772,50001.15027439977,50001.0,50001.05333333334,50001.702306079664,50001.00492610838,50001.02739726027,50001.82512315271,50001.904183535764,50001.85052631579,50005.0,50001.68,50001.02739726027
org.mockito.Mockito.verify(Ljava/lang/Object;)Ljava/lang/Object; 50001.610148514854,50001.0,50001.05128205128,50001.07894736842,50000.0,50003.860321384425,50001.0,50027.41968962725,50000.1,50074.480827426945,50004.1032476235,50002.00869565218,50027.305892875935,50001.71921182266,50699.0,50001.02564102564,50001.02631578947,50001.387931034486,50007.12280701754,50001.00323974082,50001.139271503635,50001.12907340554,50004.0,50001.05,50001.753779697625,50001.00369458128,50001.025862068964,50001.85960591133,50001.92450331126,50001.842837273995,50004.0,50000.97,50001.00000796213
org.mockito.Mockito.times(I)Lorg/mockito/internal/verification/api/VerificationMode; 50001.748762376235,50001.0,50001.038647343,50001.07881773399,50606.0,50004.749072929546,50002.0,50025.677925358505,50000.07582938389,50080.09848846298,50004.774626716484,50001.0,50001.0,50001.5,50610.0,50001.0193236715,50001.0197044335,50001.50966183575,50004.0,50001.0039408867,50001.139009609375,50001.12028648381,50001.0,50001.037914691944,50001.6,50001.00492610838,50001.0193236715,50001.75,50001.857142857145,50001.79920870425,50005.0,50001.07,50001.0193236715
org.mockito.internal.MockitoCore.verify(Ljava/lang/Object;Lorg/mockito/internal/verification/api/VerificationMode;)Ljava/lang/Object; 50001.683168316835,50001.0,50001.03076923077,50001.0625,50553.0,50004.68355995056,50002.0,50029.407745422686,50000.06060606061,50081.975197110805,50005.01553427287,50005.444444444445,50114.63098169074,50001.987684729065,50808.0,50001.015384615384,50001.015625,50001.50769230769,50162.4,50001.003745318354,50001.12403473459,50001.102519665415,50001.0,50001.030303030304,50001.987760097916,50001.00492610838,50001.015384615384,50001.99384236453,50001.99691167387,50001.759398496244,50005.0,50000.54,50001.015384615384
org.mockito.internal.progress.ThreadSafeMockingProgress.verificationStarted(Lorg/mockito/internal/verification/api/VerificationMode;)V 50001.68193069307,50001.0,50001.030651340996,50001.06225680934,50552.0,50004.682323856614,50002.0,50024.558437978776,50000.06037735849,50081.88190115609,50005.003900540956,50001.0,50001.0,50001.36699507389,50556.0,50001.0153256705,50001.01556420233,50001.50766283525,50003.15953307393,50001.00374181478,50001.12379689212,50001.10223035315,50001.0,50001.030188679244,50001.51917680075,50001.00492610838,50001.0153256705,50001.68349753695,50001.811997073884,50001.75868544601,50005.0,50000.53,50001.0153256705
org.mockito.internal.progress.MockingProgressImpl.verificationStarted(Lorg/mockito/internal/verification/api/VerificationMode;)V 50001.67945544554,50001.00431965443,50001.03041825095,50001.061776061775,50550.0,50004.67985166873,50002.0,50024.51595203261,50000.059925093636,50081.94415855364,50005.01166760082,50001.0,50001.0,50001.362068965514,50554.0,50001.01520912548,50001.015444015444,50001.507604562736,50003.13513513513,50001.00373482727,50001.123325283195,50001.10165590551,50001.0,50001.02996254682,50001.51633986928,50001.00492610838,50001.01520912548,50001.68103448276,50001.81025641026,50001.757263355204,50005.0,50000.51,50001.01520912548
org.mockito.internal.configuration.DefaultAnnotationEngine.createMockFor(Ljava/lang/annotation/Annotation;Ljava/lang/reflect/Field;)Ljava/lang/Object; 50001.66336633663,50001.0,50001.02898550725,50001.05882352941,50537.0,50004.66378244747,50002.0,50029.37252191822,50000.05714285714,50082.34310411668,50005.06108636974,50005.36363636364,50114.490087672886,50001.98275862069,50806.0,50001.014492753624,50001.01470588235,50001.50724637681,50116.0,50001.0036900369,50001.120385853086,50001.098051032015,50001.0,50001.02857142857,50001.982905982906,50001.00492610838,50001.014492753624,50001.99137931035,50001.99567099567,50001.748148148145,50005.0,50000.38,50001.014492753624
org.mockito.Mockito.mock(Ljava/lang/Class;Ljava/lang/String;)Ljava/lang/Object; 50001.66212871287,50001.0,50001.028880866426,50001.05860805861,50536.0,50004.662546353524,50002.0,50024.21637353249,50000.05693950178,50082.373393256064,50005.064813850826,50001.0,50001.0,50001.3275862069,50540.0,50001.01444043321,50001.01465201465,50001.507220216605,50002.97435897436,50001.003686635944,50001.12016835363,50001.09778254168,50001.0,50001.02846975089,50001.49677419355,50001.00492610838,50001.01444043321,50001.66379310345,50001.79792746114,50001.7474560592,50005.0,50000.37,50001.01444043321
org.mockito.MockitoAnnotations.scan(Ljava/lang/Object;Ljava/lang/Class;)V 50001.66212871287,50001.0,50001.028880866426,50001.05860805861,50536.0,50004.662546353524,50002.0,50024.21637353249,50000.05693950178,50094.27602242131,50006.331542066524,50001.0,50001.0,50001.3275862069,50540.0,50001.01444043321,50001.01465201465,50001.507220216605,50002.97435897436,50001.003686635944,50001.12016835363,50001.09778254168,50001.0,50001.02846975089,50001.49677419355,50001.00492610838,50001.01444043321,50001.66379310345,50001.79792746114,50001.7474560592,50005.0,50000.37,50001.01444043321
org.mockito.internal.util.MockUtil.isMock(Ljava/lang/Object;)Z 50001.6051980198,50001.004830917875,50001.02476780186,50001.05015673981,50490.0,50004.60568603214,50002.0,50023.20360331117,50000.04892966361,50083.7112527137,50005.22617688928,50001.0,50001.0,50001.21428571428,50494.0,50001.01238390093,50001.01253918495,50001.506191950466,50002.545454545456,50001.00353669319,50001.11128297682,50001.086572006556,50001.0,50001.024464831804,50001.4358974359,50001.00492610838,50001.01238390093,50001.607142857145,50001.75555555556,50001.71694764862,50005.0,49999.91,50001.01238390093
org.mockito.internal.invocation.Invocation.argumentsToMatchers()Ljava/util/List; 50001.58663366337,50001.004807692305,50001.023668639056,50001.04790419162,50475.0,50004.587144622994,50002.0,50029.33725463061,50000.04678362573,50088.522249711714,50005.76146701107,50005.307692307695,50114.34901852244,50001.97783251232,50804.0,50001.01183431953,50001.01197604791,50001.50591715976,50090.22222222222,50001.003490401396,50001.108785658646,50001.08332112708,50001.0,50001.023391812865,50001.97807551766,50001.00492610838,50001.01183431953,50001.98891625616,50001.99442724458,50001.70753064799,50005.0,49999.76,50001.01183431953
org.mockito.internal.util.MockUtil.getInterceptor(Ljava/lang/Object;)Lorg/mockito/internal/creation/MethodInterceptorFilter; 50001.56064356436,50001.004830917875,50001.02228412256,50001.04507042254,50454.0,50004.561186650186,50002.0,50029.407745422686,50000.04407713499,50084.71864387832,50005.343726771345,50005.444444444445,50114.63098169074,50001.987684729065,50808.0,50001.01114206128,50001.01126760563,50001.50557103064,50162.4,50001.00342759211,50001.10555596279,50001.079036225565,50001.0,50001.02203856749,50001.987760097916,50001.00492610838,50001.01114206128,50001.99384236453,50001.99691167387,50001.69475494411,50005.0,50000.0,50001.01114206128
org.mockito.internal.util.MockUtil.isMockitoMock(Ljava/lang/Object;)Z 50001.5297029703,50001.004830917875,50001.020833333336,50001.04210526316,50429.0,50004.5302843016,50002.0,50021.784609690825,50000.0412371134,50085.34427030382,50005.41515443553,50001.0,50001.0,50001.06403940887,50433.0,50001.010416666664,50001.01052631579,50001.505208333336,50002.13684210526,50001.0033557047,50001.10206207262,50001.07428148675,50001.0,50001.0206185567,50001.36241610738,50001.00492610838,50001.010416666664,50001.532019704435,50001.69453376206,50001.68013468014,50005.0,49999.3,50001.010416666664
org.mockito.internal.configuration.GlobalConfiguration.getDefaultAnswer()Lorg/mockito/stubbing/Answer; 50001.52227722772,50001.0,50001.02051282051,50001.0414507772,50423.0,50004.52286773795,50002.0,50021.63976744055,50000.04060913705,50085.4975643186,50005.432480423464,50001.0,50001.0,50001.04926108375,50427.0,50001.010256410256,50001.0103626943,50001.50512820513,50002.103626943004,50001.00333889816,50001.10127393671,50001.07318940849,50001.0,50001.02030456853,50001.35559265442,50001.00492610838,50001.010256410256,50001.52463054187,50001.68820678514,50001.67671691792,50005.0,49999.24,50001.010256410256
org.mockito.internal.stubbing.defaultanswers.GloballyConfiguredAnswer.answer(Lorg/mockito/invocation/InvocationOnMock;)Ljava/lang/Object; 50001.52227722772,50001.0,50001.02051282051,50001.0414507772,50423.0,50004.52286773795,50002.0,50021.63976744055,50000.04060913705,50085.4975643186,50005.432480423464,50001.0,50001.0,50001.04926108375,50427.0,50001.010256410256,50001.0103626943,50001.50512820513,50002.103626943004,50001.00333889816,50001.10127393671,50001.07318940849,50001.0,50001.02030456853,50001.35559265442,50001.00492610838,50001.010256410256,50001.52463054187,50001.68820678514,50001.67671691792,50005.0,49999.24,50001.010256410256
org.mockito.internal.stubbing.defaultanswers.ReturnsEmptyValues.answer(Lorg/mockito/invocation/InvocationOnMock;)Ljava/lang/Object; 50001.51856435643,50001.0,50001.0203562341,50001.0411311054,50420.0,50004.51915945612,50002.0,50029.33725463061,50000.040302267,50085.85068161421,50005.472135955,50005.307692307695,50114.34901852244,50001.97783251232,50804.0,50001.010178117045,50001.01028277635,50001.505089058526,50090.22222222222,50001.00333055787,50001.10088665446,50001.07264990514,50001.0,50001.0201511335,50001.97807551766,50001.00492610838,50001.010178117045,50001.98891625616,50001.99442724458,50001.675020885545,50005.0,49999.21,50001.010178117045
org.mockito.ArgumentMatcher.<init>()V 50001.51608910891,50001.0,50001.020253164555,50001.040920716114,50418.0,50004.51668726823,50002.0,50021.51828452868,50000.040100250626,50085.624401547495,50005.44676510885,50001.0,50001.0,50001.036945812804,50422.0,50001.01012658228,50001.010230179025,50001.50506329114,50002.07672634271,50001.00332502078,50001.100630921086,50001.072292591765,50001.0,50001.02005012531,50001.34995843724,50001.00492610838,50001.01012658228,50001.518472906406,50001.68288726683,50001.67389491243,50005.0,49999.19,50001.01012658228
org.mockito.internal.stubbing.defaultanswers.ReturnsEmptyValues.<init>()V 50001.50866336634,50001.0,50001.01995012469,50001.040302267,50412.0,50004.50927070458,50002.0,50021.371548787465,50000.03950617284,50085.77554045938,50005.463727012844,50001.0,50001.0,50001.02216748768,50416.0,50001.00997506234,50001.01007556675,50001.504987531174,50002.045340050376,50001.00330851944,50001.099875233886,50001.07123165582,50001.0,50001.01975308642,50001.34325889165,50001.00492610838,50001.00997506234,50001.51108374384,50001.67644661777,50001.67053941909,50005.0,49999.13,50001.00997506234
org.mockito.internal.invocation.Invocation.isToString(Lorg/mockito/invocation/InvocationOnMock;)Z 50001.48886138614,50001.004807692305,50001.01918465228,50001.0387409201,50396.0,50004.48949320149,50002.0,50020.97498435544,50000.0380047506,50086.173083047106,50005.508037425854,50001.0,50001.0,50000.98275862069,50400.0,50001.00959232614,50001.00968523003,50001.50479616307,50001.96610169492,50001.00326530612,50001.09794042137,50001.06847859412,50001.0,50001.019002375295,50001.32571428571,50001.00492610838,50001.00959232614,50001.49137931035,50001.65895953757,50001.661752661756,50005.0,49998.97,50001.00959232614
org.mockito.internal.MockHandler.handle(Lorg/mockito/internal/invocation/Invocation;)Ljava/lang/Object; 50001.487623762376,50001.0,50001.01913875598,50001.038647343,50395.0,50004.48825710754,50002.0,50028.65863337188,50000.037914691944,50087.34486687441,50005.63618218583,50005.07843137255,50111.634533487515,50001.8842364532,50766.0,50001.00956937799,50001.00966183575,50001.504784688994,50017.27659574468,50001.00326264274,50001.09782319761,50001.068309999995,50001.0,50001.01895734597,50001.89057043073,50001.00492610838,50001.00956937799,50001.9421182266,50001.97019657578,50001.6612111293,50005.0,49998.96,50001.00956937799
org.mockito.internal.stubbing.MockitoStubber.findAnswerFor(Lorg/mockito/internal/invocation/Invocation;)Lorg/mockito/internal/stubbing/StubbedInvocationMatcher; 50001.487623762376,50001.005952380954,50001.01913875598,50001.038647343,50395.0,50004.48825710754,50002.0,50028.3130005675,50000.037914691944,50086.82685857761,50005.57997565096,50005.05714285714,50110.25200226998,50001.837438423645,50747.0,50001.00956937799,50001.00966183575,50001.504784688994,50012.30303030303,50001.00326264274,50001.09782319761,50001.068309999995,50001.0,50001.01895734597,50001.84965831435,50001.00492610838,50001.00956937799,50001.918719211826,50001.95763799743,50001.6612111293,50005.0,49998.96,50001.00956937799
org.mockito.internal.util.ObjectMethodsGuru.isToString(Ljava/lang/reflect/Method;)Z 50001.487623762376,50001.0,50001.01913875598,50001.038647343,50395.0,50004.48825710754,50002.0,50020.94993734326,50000.037914691944,50086.19767156358,50005.5107637878,50001.0,50001.0,50000.9802955665,50399.0,50001.00956937799,50001.00966183575,50001.504784688994,50001.961352657,50001.00326264274,50001.09782319761,50001.068309999995,50001.0,50001.01895734597,50001.32463295269,50001.00492610838,50001.00956937799,50001.49014778325,50001.657851239666,50001.6612111293,50005.0,49998.96,50001.00956937799
org.mockito.internal.util.ObjectMethodsGuru.isToString(Lorg/mockito/internal/invocation/MockitoMethod;)Z 50001.487623762376,50001.0,50001.01913875598,50001.038647343,50395.0,50004.48825710754,50002.0,50020.94993734326,50000.037914691944,50086.19767156358,50005.5107637878,50001.0,50001.0,50000.9802955665,50399.0,50001.00956937799,50001.00966183575,50001.504784688994,50001.961352657,50001.00326264274,50001.09782319761,50001.068309999995,50001.0,50001.01895734597,50001.32463295269,50001.00492610838,50001.00956937799,50001.49014778325,50001.657851239666,50001.6612111293,50005.0,49998.96,50001.00956937799
org.mockito.internal.creation.MockSettingsImpl.getDefaultAnswer()Lorg/mockito/stubbing/Answer; 50001.48638613861,50001.0,50001.01909307876,50001.038554216866,50394.0,50004.4870210136,50002.0,50020.924858845174,50000.0378250591,50086.22223040167,50005.51348521516,50001.0,50001.0,50000.97783251232,50398.0,50001.00954653938,50001.00963855422,50001.50477326969,50001.95662650603,50001.0032599837,50001.097706393746,50001.068141796466,50001.0,50001.01891252955,50001.32355338223,50001.00492610838,50001.00954653938,50001.48891625616,50001.65674110835,50001.66067048242,50005.0,49998.95,50001.00954653938
org.mockito.internal.creation.DelegatingMethod.getJavaMethod()Ljava/lang/reflect/Method; 50001.47277227723,50001.0,50001.018604651166,50001.03755868544,50383.0,50004.47342398022,50002.0,50020.64688270439,50000.03686635945,50086.490449054756,50005.54310108192,50001.0,50001.0,50000.95073891625,50387.0,50001.00930232558,50001.00938967136,50001.50465116279,50001.90610328638,50001.00323101777,50001.096448564436,50001.06631652621,50001.0,50001.01843317972,50001.31179321486,50001.00492610838,50001.00930232558,50001.47536945813,50001.64440734558,50001.65478119935,50005.0,49998.84,50001.00930232558
org.mockito.internal.progress.ThreadSafeMockingProgress.reportOngoingStubbing(Lorg/mockito/internal/progress/IOngoingStubbing;)V 50001.457920792076,50001.0,50001.01809954751,50001.036529680365,50371.0,50004.458590852904,50002.0,50020.339079605816,50000.03587443946,50086.779131150666,50005.57476223824,50001.0,50001.0,50000.92118226601,50375.0,50001.009049773755,50001.00913242009,50001.50452488688,50001.85388127854,50001.0032,50001.09513029883,50001.064374525755,50001.0,50001.01793721973,50001.2992,50001.00492610838,50001.009049773755,50001.46059113301,50001.63069139966,50001.64847512038,50005.0,49998.72,50001.009049773755
org.mockito.internal.stubbing.BaseStubbing.<init>()V 50001.457920792076,50001.0,50001.01809954751,50001.036529680365,50371.0,50004.458590852904,50002.0,50020.339079605816,50000.03587443946,50086.779131150666,50005.57476223824,50001.0,50001.0,50000.92118226601,50375.0,50001.009049773755,50001.00913242009,50001.50452488688,50001.85388127854,50001.0032,50001.09513029883,50001.064374525755,50001.0,50001.01793721973,50001.2992,50001.00492610838,50001.009049773755,50001.46059113301,50001.63069139966,50001.64847512038,50005.0,49998.72,50001.009049773755
org.mockito.internal.verification.RegisteredInvocations.add(Lorg/mockito/internal/invocation/Invocation;)V 50001.45668316832,50001.0,50001.018058690745,50001.03644646925,50370.0,50004.45735475896,50002.0,50020.31320791583,50000.035794183445,50086.803008453964,50005.57737117129,50001.0,50001.0,50000.918719211826,50374.0,50001.009029345376,50001.00911161731,50001.504514672684,50001.84965831435,50001.00319744205,50001.09502286763,50001.06421487407,50001.0,50001.017897091726,50001.298161470826,50001.00492610838,50001.009029345376,50001.45935960591,50001.62953586498,50001.64795509222,50005.0,49998.71,50001.009029345376
org.mockito.internal.progress.MockingProgressImpl.pullVerificationMode()Lorg/mockito/internal/verification/api/VerificationMode; 50001.45297029703,50001.00431965443,50001.01793721973,50001.036199095026,50367.0,50004.45364647713,50002.0,50024.748684174076,50000.03555555556,50087.20483811827,50005.62105577807,50005.01587301587,50095.9947366963,50001.38916256158,50565.0,50001.008968609865,50001.009049773755,50001.50448430493,50003.27419354839,50001.00318979266,50001.09470274476,50001.06373785276,50001.0,50001.01777777778,50001.532075471696,50001.00492610838,50001.008968609865,50001.69458128079,50001.81976744186,50001.6464,50005.0,49998.68,50001.008968609865
org.mockito.internal.stubbing.MockitoStubber.setInvocationForPotentialStubbing(Lorg/mockito/internal/invocation/InvocationMatcher;)V 50001.4504950495,50001.00387596899,50001.017857142855,50001.036036036036,50365.0,50004.45117428924,50002.0,50020.183326093254,50000.03539823009,50086.92198911991,50005.59034938819,50001.0,50001.0,50000.906403940884,50369.0,50001.00892857143,50001.00900900901,50001.50446428572,50001.82882882883,50001.00318471337,50001.09449111825,50001.06342142562,50001.0,50001.017699115044,50001.29299363057,50001.00492610838,50001.00892857143,50001.45320197044,50001.62372881356,50001.645367412144,50005.0,49998.66,50001.00892857143
org.mockito.internal.creation.DelegatingMethod.isVarArgs()Z 50001.44554455446,50001.0,50001.017699115044,50001.03571428572,50361.0,50004.446229913476,50002.0,50020.07878402834,50000.0350877193,50087.01669210273,50005.60065326758,50001.0,50001.0,50000.89655172414,50365.0,50001.008849557526,50001.00892857143,50001.50442477876,50001.8125,50001.003174603175,50001.09407208684,50001.06279229382,50001.0,50001.01754385965,50001.28888888889,50001.00492610838,50001.008849557526,50001.44827586207,50001.619047619046,50001.64331210191,50005.0,49998.62,50001.008849557526
org.mockito.internal.creation.DelegatingMockitoMethodProxy.getMethodProxy()Lorg/mockito/cglib/proxy/MethodProxy; 50001.44554455446,50001.0,50001.017699115044,50001.03571428572,50361.0,50004.446229913476,50002.0,50020.07878402834,50000.0350877193,50087.01669210273,50005.60065326758,50001.0,50001.0,50000.89655172414,50365.0,50001.008849557526,50001.00892857143,50001.50442477876,50001.8125,50001.003174603175,50001.09407208684,50001.06279229382,50001.0,50001.01754385965,50001.28888888889,50001.00492610838,50001.008849557526,50001.44827586207,50001.619047619046,50001.64331210191,50005.0,49998.62,50001.008849557526
org.mockito.internal.creation.MethodInterceptorFilter.createMockitoMethod(Ljava/lang/reflect/Method;)Lorg/mockito/internal/invocation/MockitoMethod; 50001.444306930694,50001.00326797386,50001.01766004415,50001.03563474387,50360.0,50004.44499381953,50002.0,50029.17800560721,50000.03501094092,50087.36811640556,50005.638688908664,50005.181818181816,50113.712022428845,50001.95566502463,50795.0,50001.008830022074,50001.008908685966,50001.50441501104,50045.11111111111,50001.00317208565,50001.09396819715,50001.06263577258,50001.0,50001.01750547046,50001.95662650603,50001.00492610838,50001.008830022074,50001.97783251232,50001.988792029886,50001.642800318215,50005.0,49998.96,50001.008830022074
org.mockito.internal.creation.MethodInterceptorFilter.createMockitoMethodProxy(Lorg/mockito/cglib/proxy/MethodProxy;)Lorg/mockito/internal/creation/MockitoMethodProxy; 50001.444306930694,50001.00326797386,50001.01766004415,50001.03563474387,50360.0,50004.44499381953,50002.0,50029.17800560721,50000.03501094092,50087.36811640556,50005.638688908664,50005.181818181816,50113.712022428845,50001.95566502463,50795.0,50001.008830022074,50001.008908685966,50001.50441501104,50045.11111111111,50001.00317208565,50001.09396819715,50001.06263577258,50001.0,50001.01750547046,50001.95662650603,50001.00492610838,50001.008830022074,50001.97783251232,50001.988792029886,50001.642800318215,50005.0,49998.96,50001.008830022074
org.mockito.internal.creation.DelegatingMethod.getReturnType()Ljava/lang/Class; 50001.44059405941,50001.0,50001.01754385965,50001.03539823009,50357.0,50004.4412855377,50002.0,50019.97366596101,50000.034782608695,50087.11097323968,50005.610888377036,50001.0,50001.0,50000.88669950739,50361.0,50001.008771929824,50001.008849557526,50001.504385964916,50001.79646017699,50001.00316455696,50001.09365858116,50001.06216799957,50001.0,50001.01739130435,50001.284810126584,50001.00492610838,50001.008771929824,50001.443349753696,50001.61433447099,50001.64126984127,50005.0,49998.58,50001.008771929824
org.mockito.internal.invocation.Invocation.isVoid()Z 50001.43935643564,50001.004807692305,50001.01750547046,50001.035320088304,50356.0,50004.44004944376,50002.0,50019.94729532149,50000.03470715835,50087.134478268,50005.61343653406,50001.0,50001.0,50000.8842364532,50360.0,50001.00875273523,50001.008830022074,50001.504376367615,50001.79249448123,50001.003162055335,50001.093556053944,50001.06201266446,50001.0,50001.01735357918,50001.283794466406,50001.00492610838,50001.00875273523,50001.4421182266,50001.61315115286,50001.64076130056,50005.0,49998.57,50001.00875273523
org.mockito.internal.progress.ArgumentMatcherStorageImpl.pullMatchers()Ljava/util/List; 50001.43811881188,50001.0,50001.01746724891,50001.035242290745,50355.0,50004.438813349814,50002.0,50027.019223662515,50000.03463203463,50087.32159216779,50005.63367139033,50005.02877697842,50105.07689465006,50001.66748768473,50678.0,50001.008733624454,50001.00881057269,50001.50436681222,50006.014814814815,50001.00315955766,50001.093453862704,50001.06185762014,50001.0,50001.017316017314,50001.71488912355,50001.00492610838,50001.008733624454,50001.83374384236,50001.90933512424,50001.64025356577,50005.0,49998.56,50001.008733624454
org.mockito.internal.progress.ThreadSafeMockingProgress.pullVerificationMode()Lorg/mockito/internal/verification/api/VerificationMode; 50001.43688118812,50001.0,50001.0174291939,50001.035164835164,50354.0,50004.43757725587,50002.0,50019.894443627694,50000.03455723542,50087.18141062191,50005.61852021839,50001.0,50001.0,50000.879310344826,50358.0,50001.00871459695,50001.00879120879,50001.50435729847,50001.78461538462,50001.00315706393,50001.0933520056,50001.061702864354,50001.0,50001.01727861771,50001.2817679558,50001.00492610838,50001.00871459695,50001.43965517241,50001.610778443115,50001.639746634995,50005.0,49998.55,50001.00871459695
org.mockito.internal.creation.AbstractMockitoMethodProxy.reflectOnCreateInfo(Lorg/mockito/cglib/proxy/MethodProxy;)Ljava/lang/reflect/Field; 50001.42945544554,50001.0,50001.017204301075,50001.03470715835,50348.0,50004.43016069221,50002.0,50019.7349939952,50000.034115138595,50087.32159216779,50005.63367139033,50001.0,50001.0,50000.8645320197,50352.0,50001.00860215054,50001.008676789585,50001.50430107527,50001.76138828634,50001.00314218382,50001.092747779156,50001.06078026318,50001.0,50001.0170575693,50001.27572663001,50001.00492610838,50001.00860215054,50001.432266009855,50001.60361134996,50001.63672182821,50005.0,49998.49,50001.00860215054
org.mockito.internal.creation.AbstractMockitoMethodProxy.setNamingPolicyField(Lorg/mockito/internal/creation/cglib/MockitoNamingPolicy;)V 50001.42945544554,50001.0,50001.019230769234,50001.03470715835,50348.0,50004.43016069221,50002.0,50027.62705391139,50000.038095238095,50087.32159216779,50005.63367139033,50004.02830188679,50080.76841480185,50001.74630541872,50710.0,50001.00961538462,50001.00970873787,50001.50430107527,50007.88349514563,50001.00314218382,50001.092747779156,50001.06078026318,50002.0,50001.01904761905,50001.774863387975,50001.00492610838,50001.0099009901,50001.87315270936,50001.93228139382,50001.66887417219,50005.0,49999.1,50001.00860215054
org.mockito.internal.creation.MethodInterceptorFilter.intercept(Ljava/lang/Object;Ljava/lang/reflect/Method;[Ljava/lang/Object;Lorg/mockito/cglib/proxy/MethodProxy;)Ljava/lang/Object; 50001.42945544554,50001.0,50001.017204301075,50001.03470715835,50348.0,50004.43016069221,50002.0,50029.24889378365,50000.034115138595,50087.622222671285,50005.66599839874,50005.22222222222,50113.995575134606,50001.96551724138,50799.0,50001.00860215054,50001.008676789585,50001.50430107527,50058.0,50001.00314218382,50001.092747779156,50001.06078026318,50001.0,50001.0170575693,50001.96610169492,50001.00492610838,50001.00860215054,50001.98275862069,50001.99130434782,50001.63672182821,50005.0,49998.49,50001.00860215054
org.mockito.internal.creation.cglib.CGLIBHacker.setMockitoNamingPolicy(Lorg/mockito/internal/creation/MockitoMethodProxy;)V 50001.42945544554,50001.0,50001.017204301075,50001.03470715835,50348.0,50004.43016069221,50002.0,50019.7349939952,50000.034115138595,50087.32159216779,50005.63367139033,50001.0,50001.0,50000.8645320197,50352.0,50001.00860215054,50001.008676789585,50001.50430107527,50001.76138828634,50001.00314218382,50001.092747779156,50001.06078026318,50001.0,50001.0170575693,50001.27572663001,50001.00492610838,50001.00860215054,50001.432266009855,50001.60361134996,50001.63672182821,50005.0,49998.49,50001.00860215054
org.mockito.internal.invocation.MatchersBinder.bindMatchers(Lorg/mockito/internal/progress/ArgumentMatcherStorage;Lorg/mockito/internal/invocation/Invocation;)Lorg/mockito/internal/invocation/InvocationMatcher; 50001.42945544554,50001.00326264274,50001.017204301075,50001.03470715835,50348.0,50004.43016069221,50002.0,50019.7349939952,50000.034115138595,50087.32159216779,50005.63367139033,50001.0,50001.0,50000.8645320197,50352.0,50001.00860215054,50001.008676789585,50001.50430107527,50001.76138828634,50001.00314218382,50001.092747779156,50001.06078026318,50001.0,50001.0170575693,50001.27572663001,50001.00492610838,50001.00860215054,50001.432266009855,50001.60361134996,50001.63672182821,50005.0,49998.49,50001.00860215054
org.mockito.internal.invocation.MatchersBinder.validateMatchers(Lorg/mockito/internal/invocation/Invocation;Ljava/util/List;)V 50001.42945544554,50001.00326264274,50001.017204301075,50001.03470715835,50348.0,50004.43016069221,50002.0,50029.39013913316,50000.034115138595,50087.32159216779,50005.63367139033,50005.4,50114.560556532626,50001.98522167488,50807.0,50001.00860215054,50001.008676789585,50001.50430107527,50135.333333333336,50001.00314218382,50001.092747779156,50001.06078026318,50001.0,50001.0170575693,50001.98533007335,50001.00492610838,50001.00860215054,50001.99261083744,50001.99629171817,50001.63672182821,50005.0,49999.0,50001.00860215054
org.mockito.internal.invocation.InvocationMatcher.getInvocation()Lorg/mockito/internal/invocation/Invocation; 50001.42821782178,50001.00337268128,50001.01716738197,50001.03463203463,50347.0,50004.42892459827,50002.0,50019.70828693387,50000.03404255319,50087.34486687441,50005.63618218583,50001.0,50001.0,50000.862068965514,50351.0,50001.008583690986,50001.00865800866,50001.50429184549,50001.757575757576,50001.003139717424,50001.09264821092,50001.06062746455,50001.0,50001.017021276595,50001.27472527473,50001.00492610838,50001.008583690986,50001.43103448276,50001.60240963855,50001.63622047244,50005.0,49998.48,50001.008583690986
org.mockito.internal.stubbing.MockitoStubber.hasAnswersForStubbing()Z 50001.42821782178,50001.0,50001.01716738197,50001.03463203463,50347.0,50004.42892459827,50002.0,50019.70828693387,50000.03404255319,50087.34486687441,50005.63618218583,50001.0,50001.0,50000.862068965514,50351.0,50001.008583690986,50001.00865800866,50001.50429184549,50001.757575757576,50001.003139717424,50001.09264821092,50001.06062746455,50001.0,50001.017021276595,50001.27472527473,50001.00492610838,50001.008583690986,50001.43103448276,50001.60240963855,50001.63622047244,50005.0,49998.48,50001.008583690986
org.mockito.internal.util.ObjectMethodsGuru.isHashCodeMethod(Ljava/lang/reflect/Method;)Z 50001.42821782178,50001.0,50001.01716738197,50001.03463203463,50347.0,50004.42892459827,50002.0,50019.70828693387,50000.03404255319,50087.34486687441,50005.63618218583,50001.0,50001.0,50000.862068965514,50351.0,50001.008583690986,50001.00865800866,50001.50429184549,50001.757575757576,50001.003139717424,50001.09264821092,50001.06062746455,50001.0,50001.017021276595,50001.27472527473,50001.00492610838,50001.008583690986,50001.43103448276,50001.60240963855,50001.63622047244,50005.0,49998.48,50001.008583690986
org.mockito.internal.creation.AbstractMockitoMethodProxy.<init>()V 50001.4245049505,50001.0,50001.0170575693,50001.03440860215,50344.0,50004.42521631644,50002.0,50019.6279360102,50000.03382663848,50087.414540267055,50005.643690197765,50001.0,50001.0,50000.85467980296,50348.0,50001.008528784645,50001.00860215054,50001.50426439232,50001.74623655914,50001.00313234142,50001.092351419305,50001.06017068477,50001.0,50001.01691331924,50001.27173061864,50001.00492610838,50001.008528784645,50001.42733990148,50001.59879206212,50001.63472113119,50005.0,49998.45,50001.008528784645
org.mockito.internal.creation.MockSettingsImpl.isSerializable()Z 50001.4245049505,50001.0,50001.0170575693,50001.03440860215,50344.0,50004.42521631644,50002.0,50019.6279360102,50000.03382663848,50087.414540267055,50005.643690197765,50001.0,50001.0,50000.85467980296,50348.0,50001.008528784645,50001.00860215054,50001.50426439232,50001.74623655914,50001.00313234142,50001.092351419305,50001.06017068477,50001.0,50001.01691331924,50001.27173061864,50001.00492610838,50001.008528784645,50001.42733990148,50001.59879206212,50001.63472113119,50005.0,49998.45,50001.008528784645
org.mockito.internal.progress.ThreadSafeMockingProgress.getArgumentMatcherStorage()Lorg/mockito/internal/progress/ArgumentMatcherStorage; 50001.42079207921,50001.00357781753,50001.016949152545,50001.03418803419,50341.0,50004.42150803461,50002.0,50019.54723699099,50000.033613445376,50087.48398926699,50005.651161968024,50001.0,50001.0,50000.84729064039,50345.0,50001.00847457627,50001.00854700855,50001.504237288136,50001.73504273504,50001.003125,50001.09205746179,50001.059716283955,50001.0,50001.01680672269,50001.26875,50001.00492610838,50001.00847457627,50001.423645320196,50001.59515570934,50001.633228840125,50005.0,49998.42,50001.00847457627
org.mockito.internal.util.ObjectMethodsGuru.isEqualsMethod(Ljava/lang/reflect/Method;)Z 50001.41212871287,50001.0,50001.016701461376,50001.033684210524,50334.0,50004.412855377006,50002.0,50019.357559750686,50000.033126293994,50087.64517633191,50005.66845742379,50001.0,50001.0,50000.83004926109,50338.0,50001.00835073069,50001.00842105263,50001.50417536534,50001.70947368421,50001.00310800311,50001.09138233247,50001.05866494601,50001.0,50001.016563147,50001.26184926185,50001.00492610838,50001.00835073069,50001.41502463054,50001.58659704091,50001.62977396727,50005.0,49998.35,50001.00835073069
org.mockito.internal.invocation.Invocation.getMethod()Ljava/lang/reflect/Method; 50001.41089108911,50001.004376367615,50001.01666666667,50001.033613445376,50333.0,50004.41161928306,50002.0,50019.330302779825,50000.03305785124,50087.66810584348,50005.670912569214,50001.0,50001.0,50000.8275862069,50337.0,50001.00833333333,50001.008403361346,50001.504166666666,50001.705882352944,50001.00310559006,50001.09128709292,50001.05851574497,50001.0,50001.01652892562,50001.260869565216,50001.00492610838,50001.00833333333,50001.41379310345,50001.58536585366,50001.6292834891,50005.0,49998.34,50001.00833333333
org.mockito.internal.invocation.InvocationMatcher.<init>(Lorg/mockito/internal/invocation/Invocation;Ljava/util/List;)V 50001.375,50001.00336134454,50001.01571709234,50001.031683168316,50304.0,50004.37577255871,50002.0,50026.17935662403,50000.03118908382,50088.47809861218,50005.75682846001,50005.02197802198,50101.717426496114,50001.56157635468,50635.0,50001.00785854617,50001.00792079208,50001.50392927309,50004.56179775281,50001.00303720577,50001.08864844144,50001.054285862,50001.0,50001.01559454191,50001.6404040404,50001.00492610838,50001.00785854617,50001.78078817734,50001.87690179807,50001.61538461538,50005.0,49998.05,50001.00785854617
org.mockito.internal.invocation.Invocation.expandVarArgs(Z[Ljava/lang/Object;)[Ljava/lang/Object; 50001.357673267325,50001.004376367615,50001.01529636711,50001.03082851638,50290.0,50004.35846724351,50002.0,50029.2665880502,50000.03036053131,50089.45152905662,50005.85807034144,50005.23529411765,50114.06635220082,50001.967980295565,50800.0,50001.00764818356,50001.007707129094,50001.50382409178,50062.46153846154,50001.003005259205,50001.08745389389,50001.05230249326,50001.0,50001.015180265655,50001.96848484848,50001.00492610838,50001.00764818356,50001.98399014778,50001.99193047796,50001.60889223813,50005.0,49998.69,50001.00764818356
org.mockito.internal.creation.jmock.ClassImposterizer.createProxyClass(Ljava/lang/Class;[Ljava/lang/Class;)Ljava/lang/Class; 50001.33910891089,50001.0,50001.01486988847,50001.02996254682,50275.0,50004.33992583436,50002.0,50029.407745422686,50000.029520295204,50090.69016631095,50005.98392262147,50005.444444444445,50114.63098169074,50001.987684729065,50808.0,50001.00743494424,50001.0074906367,50001.50371747212,50162.4,50001.002971768205,50001.08622612271,50001.05021210853,50001.0,50001.0147601476,50001.987760097916,50001.00492610838,50001.00743494424,50001.99384236453,50001.99691167387,50001.60208643815,50005.0,50000.0,50001.00743494424
org.mockito.internal.invocation.Invocation.<init>(Ljava/lang/Object;Lorg/mockito/internal/invocation/MockitoMethod;[Ljava/lang/Object;ILorg/mockito/internal/invocation/realmethod/RealMethod;)V 50001.31064356436,50001.004376367615,50001.014260249554,50001.02872531418,50252.0,50004.31149567367,50002.0,50016.96871942267,50000.02831858407,50089.45152905662,50005.85807034144,50001.0,50001.0,50000.62807881773,50256.0,50001.00713012478,50001.00718132855,50001.50356506239,50001.457809694795,50001.00292184076,50001.08444006618,50001.047063014936,50001.0,50001.01415929203,50001.18626734843,50001.00492610838,50001.00713012478,50001.31403940887,50001.47797563262,50001.59194139194,50005.0,49997.53,50001.00713012478
org.mockito.internal.debugging.Location.<init>(Lorg/mockito/internal/exceptions/base/StackTraceFilter;)V 50001.28094059406,50001.0,50001.013675213675,50001.02753872633,50228.0,50004.28182941904,50002.0,50029.407745422686,50000.02716468591,50089.97535777784,50005.911687710315,50005.444444444445,50114.63098169074,50001.987684729065,50808.0,50001.00683760684,50001.006884681585,50001.50341880342,50162.4,50001.00287150036,50001.08268982306,50001.04382877282,50001.0,50001.01358234295,50001.987760097916,50001.00492610838,50001.00683760684,50001.99384236453,50001.99691167387,50001.581713462925,50005.0,50000.0,50001.00683760684
org.mockito.internal.exceptions.base.StackTraceFilter.filter([Ljava/lang/StackTraceElement;Z)[Ljava/lang/StackTraceElement; 50001.273514851484,50001.0,50001.01353637902,50001.0272572402,50222.0,50004.274412855375,50002.0,50029.16025568066,50000.0268907563,50090.20227293798,50005.93473315629,50005.17391304348,50113.64102272263,50001.95320197044,50794.0,50001.00676818951,50001.00681431005,50001.50338409476,50042.73684210526,50001.00285918513,50001.082269006976,50001.04302557784,50001.0,50001.01344537815,50001.95427196149,50001.00492610838,50001.00676818951,50001.976600985225,50001.988161993766,50001.579211469536,50005.0,49998.95,50001.00676818951
org.mockito.Mockito.mock(Ljava/lang/Class;Lorg/mockito/MockSettings;)Ljava/lang/Object; 50001.27103960396,50001.0,50001.01349072513,50001.02716468591,50220.0,50004.27194066749,50002.0,50015.93318452307,50000.02680067001,50090.12000381323,50005.92639038232,50001.0,50001.0,50000.54926108375,50224.0,50001.00674536256,50001.00679117148,50001.50337268128,50001.37860780985,50001.0028551035,50001.08213015623,50001.04275816177,50001.0,50001.01340033501,50001.15917201999,50001.00492610838,50001.00674536256,50001.27463054187,50001.43091787439,50001.57838224767,50005.0,49997.21,50001.00674536256
org.mockito.internal.exceptions.base.StackTraceFilter.isBad(Ljava/lang/StackTraceElement;)Z 50001.267326732675,50001.0,50001.01342281879,50001.02702702703,50217.0,50004.268232385664,50002.0,50015.83239697419,50000.026666666665,50090.1817317354,50005.93265142912,50001.0,50001.0,50000.54187192118,50221.0,50001.0067114094,50001.00675675676,50001.5033557047,50001.37162162162,50001.00284900285,50001.081923192054,50001.04235727972,50001.0,50001.013333333336,50001.15669515669,50001.00492610838,50001.0067114094,50001.270935960594,50001.426356589145,50001.577142857146,50005.0,49997.18,50001.0067114094
org.mockito.internal.creation.MockSettingsImpl.getMockName()Ljava/lang/String; 50001.24504950495,50001.0,50001.01302931596,50001.0262295082,50199.0,50004.24598269469,50002.0,50015.212670403555,50000.02588996764,50090.54885968466,50005.96972615649,50001.0,50001.0,50000.49753694581,50203.0,50001.00651465798,50001.00655737705,50001.503257328994,50001.33114754099,50001.00281293952,50001.08071343123,50001.03995514626,50001.0,50001.01294498382,50001.14205344585,50001.00492610838,50001.00651465798,50001.248768472906,50001.39842209073,50001.56981664316,50005.0,49997.0,50001.00651465798
org.mockito.internal.creation.cglib.CGLIBHacker.<init>()V 50001.24504950495,50001.0,50001.01302931596,50001.0262295082,50199.0,50004.24598269469,50002.0,50015.212670403555,50000.02588996764,50090.54885968466,50005.96972615649,50001.0,50001.0,50000.49753694581,50203.0,50001.00651465798,50001.00655737705,50001.503257328994,50001.33114754099,50001.00281293952,50001.08071343123,50001.03995514626,50001.0,50001.01294498382,50001.14205344585,50001.00492610838,50001.00651465798,50001.248768472906,50001.39842209073,50001.56981664316,50005.0,49997.0,50001.00651465798
org.mockito.internal.invocation.MatchersBinder.<init>()V 50001.24504950495,50001.0,50001.01302931596,50001.0262295082,50199.0,50004.24598269469,50002.0,50015.212670403555,50000.02588996764,50090.54885968466,50005.96972615649,50001.0,50001.0,50000.49753694581,50203.0,50001.00651465798,50001.00655737705,50001.503257328994,50001.33114754099,50001.00281293952,50001.08071343123,50001.03995514626,50001.0,50001.01294498382,50001.14205344585,50001.00492610838,50001.00651465798,50001.248768472906,50001.39842209073,50001.56981664316,50005.0,49997.0,50001.00651465798
org.mockito.internal.stubbing.MockitoStubber.<init>(Lorg/mockito/internal/progress/MockingProgress;)V 50001.24504950495,50001.0,50001.01302931596,50001.0262295082,50199.0,50004.24598269469,50002.0,50015.212670403555,50000.02588996764,50090.54885968466,50005.96972615649,50001.0,50001.0,50000.49753694581,50203.0,50001.00651465798,50001.00655737705,50001.503257328994,50001.33114754099,50001.00281293952,50001.08071343123,50001.03995514626,50001.0,50001.01294498382,50001.14205344585,50001.00492610838,50001.00651465798,50001.248768472906,50001.39842209073,50001.56981664316,50005.0,49997.0,50001.00651465798
org.mockito.internal.util.MockUtil.createMock(Ljava/lang/Class;Lorg/mockito/internal/progress/MockingProgress;Lorg/mockito/internal/creation/MockSettingsImpl;)Ljava/lang/Object; 50001.24504950495,50001.0,50001.01302931596,50001.0262295082,50199.0,50004.24598269469,50002.0,50029.0,50000.02588996764,50090.58931536791,50005.97379470361,50005.125,50113.0,50001.93103448276,50785.0,50001.00651465798,50001.00655737705,50001.503257328994,50029.0,50001.00281293952,50001.08071343123,50001.03995514626,50001.0,50001.01294498382,50001.933333333334,50001.00492610838,50001.00651465798,50001.96551724138,50001.98245614035,50001.56981664316,50005.0,49998.86,50001.00651465798
org.mockito.internal.MockitoCore.mock(Ljava/lang/Class;Lorg/mockito/MockSettings;)Ljava/lang/Object; 50001.24381188119,50001.0,50001.01300813008,50001.02618657938,50198.0,50004.24474660074,50002.0,50015.177446878755,50000.02584814216,50090.56909580282,50005.971761678586,50001.0,50001.0,50000.49507389162,50202.0,50001.006504065044,50001.00654664484,50001.50325203252,50001.328968903435,50001.00281096275,50001.080647783856,50001.03982170681,50001.0,50001.01292407108,50001.14125087843,50001.00492610838,50001.006504065044,50001.24753694581,50001.39684106614,50001.569415081045,50005.0,49996.99,50001.006504065044
org.mockito.internal.creation.MockSettingsImpl.getSpiedInstance()Ljava/lang/Object; 50001.24381188119,50001.0,50001.01300813008,50001.02618657938,50198.0,50004.24474660074,50002.0,50015.177446878755,50000.02584814216,50090.56909580282,50005.971761678586,50001.0,50001.0,50000.49507389162,50202.0,50001.006504065044,50001.00654664484,50001.50325203252,50001.328968903435,50001.00281096275,50001.080647783856,50001.03982170681,50001.0,50001.01292407108,50001.14125087843,50001.00492610838,50001.006504065044,50001.24753694581,50001.39684106614,50001.569415081045,50005.0,49996.99,50001.006504065044
org.mockito.internal.progress.ThreadSafeMockingProgress.resetOngoingStubbing()V 50001.24381188119,50001.00357781753,50001.01300813008,50001.02618657938,50198.0,50004.24474660074,50002.0,50015.177446878755,50000.02584814216,50090.56909580282,50005.971761678586,50001.0,50001.0,50000.49507389162,50202.0,50001.006504065044,50001.00654664484,50001.50325203252,50001.328968903435,50001.00281096275,50001.080647783856,50001.03982170681,50001.0,50001.01292407108,50001.14125087843,50001.00492610838,50001.006504065044,50001.24753694581,50001.39684106614,50001.569415081045,50005.0,49996.99,50001.006504065044
org.mockito.internal.util.CreationValidator.validateType(Ljava/lang/Class;)V 50001.24381188119,50001.004830917875,50001.01300813008,50001.02618657938,50198.0,50004.24474660074,50002.0,50029.37252191822,50000.02584814216,50090.56909580282,50005.971761678586,50005.36363636364,50114.490087672886,50001.98275862069,50806.0,50001.006504065044,50001.00654664484,50001.50325203252,50116.0,50001.00281096275,50001.080647783856,50001.03982170681,50001.0,50001.01292407108,50001.982905982906,50001.00492610838,50001.006504065044,50001.99137931035,50001.99567099567,50001.569415081045,50005.0,49998.9,50001.006504065044
org.mockito.internal.creation.MockSettingsImpl.getExtraInterfaces()[Ljava/lang/Class; 50001.24133663366,50001.0,50001.01296596434,50001.02610114193,50196.0,50004.242274412856,50002.0,50015.106735979665,50000.02576489533,50090.60951842049,50005.97582523872,50001.0,50001.0,50000.49014778325,50200.0,50001.00648298217,50001.006525285484,50001.50324149109,50001.32463295269,50001.00280701755,50001.08051696822,50001.03955478597,50001.0,50001.01288244766,50001.13964912281,50001.00492610838,50001.00648298217,50001.24507389162,50001.393669634024,50001.56861365236,50005.0,49996.97,50001.00648298217
org.mockito.internal.progress.MockingProgressImpl.resetOngoingStubbing()V 50001.24133663366,50001.00431965443,50001.01296596434,50001.02610114193,50196.0,50004.242274412856,50002.0,50015.106735979665,50000.02576489533,50090.60951842049,50005.97582523872,50001.0,50001.0,50000.49014778325,50200.0,50001.00648298217,50001.006525285484,50001.50324149109,50001.32463295269,50001.00280701755,50001.08051696822,50001.03955478597,50001.0,50001.01288244766,50001.13964912281,50001.00492610838,50001.00648298217,50001.24507389162,50001.393669634024,50001.56861365236,50005.0,49996.97,50001.00648298217
org.mockito.internal.creation.jmock.ClassImposterizer.canImposterise(Ljava/lang/Class;)Z 50001.2400990099,50001.0,50001.01294498382,50001.02605863192,50195.0,50004.24103831891,50002.0,50015.07124727947,50000.02572347267,50090.62970500094,50005.977853291,50001.0,50001.0,50000.487684729065,50199.0,50001.00647249191,50001.00651465798,50001.50323624595,50001.322475570036,50001.00280504909,50001.08045179867,50001.03942130007,50001.0,50001.01286173634,50001.13884992988,50001.00492610838,50001.00647249191,50001.24384236453,50001.39207920792,50001.5682137834,50005.0,49996.96,50001.00647249191
org.mockito.Mockito.withSettings()Lorg/mockito/MockSettings; 50001.23886138614,50001.11111111111,50001.01292407108,50001.02601626016,50194.0,50004.23980222497,50002.0,50015.03566884762,50000.02568218298,50090.64987514948,50005.97987886753,50001.0,50001.0,50000.48522167488,50198.0,50001.00646203554,50001.006504065044,50001.50323101777,50001.320325203254,50001.00280308339,50001.08038678711,50001.03928779412,50001.0,50001.01284109149,50001.138051857044,50001.00492610838,50001.00646203554,50001.24261083744,50001.39048562934,50001.56781447646,50005.0,49996.95,50001.00646203554
org.mockito.internal.creation.jmock.ClassImposterizer$3.<init>(Lorg/mockito/internal/creation/jmock/ClassImposterizer;)V 50001.23638613861,50001.0,50001.01288244766,50001.025931928685,50192.0,50004.23733003708,50002.0,50014.964240043766,50000.0256,50090.69016631095,50005.98392262147,50001.0,50001.0,50000.4802955665,50196.0,50001.006441223835,50001.00648298217,50001.503220611914,50001.316045380874,50001.002799160255,50001.08025723539,50001.03902071283,50001.0,50001.0128,50001.13645906228,50001.00492610838,50001.006441223835,50001.24014778325,50001.38728897716,50001.56701754386,50005.0,49996.93,50001.006441223835
org.mockito.internal.creation.jmock.ClassImposterizer.createProxy(Ljava/lang/Class;Lorg/mockito/cglib/proxy/MethodInterceptor;)Ljava/lang/Object; 50001.23638613861,50001.0,50001.01288244766,50001.025931928685,50192.0,50004.23733003708,50002.0,50014.964240043766,50000.0256,50090.69016631095,50005.98392262147,50001.0,50001.0,50000.4802955665,50196.0,50001.006441223835,50001.00648298217,50001.503220611914,50001.316045380874,50001.002799160255,50001.08025723539,50001.03902071283,50001.0,50001.0128,50001.13645906228,50001.00492610838,50001.006441223835,50001.24014778325,50001.38728897716,50001.56701754386,50005.0,49996.93,50001.006441223835
org.mockito.internal.creation.jmock.ClassImposterizer.imposterise(Lorg/mockito/cglib/proxy/MethodInterceptor;Ljava/lang/Class;[Ljava/lang/Class;)Ljava/lang/Object; 50001.23638613861,50001.0,50001.01288244766,50001.025931928685,50192.0,50004.23733003708,50002.0,50014.964240043766,50000.0256,50090.69016631095,50005.98392262147,50001.0,50001.0,50000.4802955665,50196.0,50001.006441223835,50001.00648298217,50001.503220611914,50001.316045380874,50001.002799160255,50001.08025723539,50001.03902071283,50001.0,50001.0128,50001.13645906228,50001.00492610838,50001.006441223835,50001.24014778325,50001.38728897716,50001.56701754386,50005.0,49996.93,50001.006441223835
org.mockito.internal.creation.jmock.ClassImposterizer.setConstructorsAccessible(Ljava/lang/Class;Z)V 50001.23638613861,50001.0,50001.01288244766,50001.025931928685,50192.0,50004.23733003708,50002.0,50027.32489316218,50000.0256,50090.69016631095,50005.98392262147,50005.03252032521,50106.299572648706,50001.706896551725,50694.0,50001.006441223835,50001.00648298217,50001.503220611914,50006.82352941176,50001.002799160255,50001.08025723539,50001.03902071283,50001.0,50001.0128,50001.74436090225,50001.00492610838,50001.006441223835,50001.85344827586,50001.92093023256,50001.56701754386,50005.0,49997.95,50001.006441223835
org.mockito.internal.creation.jmock.SearchingClassLoader.addIfNewElement(Ljava/util/List;Ljava/lang/ClassLoader;)V 50001.23638613861,50001.0,50001.01288244766,50001.025931928685,50192.0,50004.23733003708,50002.0,50014.964240043766,50000.0256,50090.69016631095,50005.98392262147,50001.0,50001.0,50000.4802955665,50196.0,50001.006441223835,50001.00648298217,50001.503220611914,50001.316045380874,50001.002799160255,50001.08025723539,50001.03902071283,50001.0,50001.0128,50001.13645906228,50001.00492610838,50001.006441223835,50001.24014778325,50001.38728897716,50001.56701754386,50005.0,49996.93,50001.006441223835
org.mockito.internal.creation.jmock.SearchingClassLoader.combine(Ljava/util/List;)Ljava/lang/ClassLoader; 50001.23638613861,50001.0,50001.01288244766,50001.025931928685,50192.0,50004.23733003708,50002.0,50014.964240043766,50000.0256,50090.69016631095,50005.98392262147,50001.0,50001.0,50000.4802955665,50196.0,50001.006441223835,50001.00648298217,50001.503220611914,50001.316045380874,50001.002799160255,50001.08025723539,50001.03902071283,50001.0,50001.0128,50001.13645906228,50001.00492610838,50001.006441223835,50001.24014778325,50001.38728897716,50001.56701754386,50005.0,49996.93,50001.006441223835
org.mockito.internal.creation.jmock.SearchingClassLoader.combineLoadersOf(Ljava/lang/Class;[Ljava/lang/Class;)Ljava/lang/ClassLoader; 50001.23638613861,50001.0,50001.01288244766,50001.025931928685,50192.0,50004.23733003708,50002.0,50014.964240043766,50000.0256,50090.69016631095,50005.98392262147,50001.0,50001.0,50000.4802955665,50196.0,50001.006441223835,50001.00648298217,50001.503220611914,50001.316045380874,50001.002799160255,50001.08025723539,50001.03902071283,50001.0,50001.0128,50001.13645906228,50001.00492610838,50001.006441223835,50001.24014778325,50001.38728897716,50001.56701754386,50005.0,49996.93,50001.006441223835
org.mockito.internal.creation.jmock.SearchingClassLoader.combineLoadersOf([Ljava/lang/Class;)Ljava/lang/ClassLoader; 50001.23638613861,50001.0,50001.01288244766,50001.025931928685,50192.0,50004.23733003708,50002.0,50014.964240043766,50000.0256,50090.69016631095,50005.98392262147,50001.0,50001.0,50000.4802955665,50196.0,50001.006441223835,50001.00648298217,50001.503220611914,50001.316045380874,50001.002799160255,50001.08025723539,50001.03902071283,50001.0,50001.0128,50001.13645906228,50001.00492610838,50001.006441223835,50001.24014778325,50001.38728897716,50001.56701754386,50005.0,49996.93,50001.006441223835
org.mockito.internal.util.ObjectMethodsGuru.<init>()V 50001.23391089109,50001.0,50001.01284109149,50001.02584814216,50190.0,50004.234857849195,50002.0,50014.89244398945,50000.02551834131,50090.73039222346,50005.98795655647,50001.0,50001.0,50000.47536945813,50194.0,50001.006420545746,50001.00646203554,50001.50321027287,50001.31179321486,50001.00279524808,50001.08012830802,50001.03875352341,50001.0,50001.012759170655,50001.134870719776,50001.00492610838,50001.006420545746,50001.237684729065,50001.38407960199,50001.56622284513,50005.0,49996.91,50001.006420545746
org.mockito.internal.creation.MockSettingsImpl.<init>()V 50001.22896039604,50001.0,50001.012759170655,50001.02568218298,50186.0,50004.22991347343,50002.0,50014.74772708487,50000.025356576865,50090.8106495629,50005.99599519102,50001.0,50001.0,50000.46551724138,50190.0,50001.00637958533,50001.006420545746,50001.50318979266,50001.30337078652,50001.00278745645,50001.079872306385,50001.03821874387,50001.0,50001.01267828843,50001.13170731707,50001.00492610838,50001.00637958533,50001.23275862069,50001.37762237762,50001.56464011181,50005.0,49996.87,50001.00637958533
org.mockito.internal.exceptions.base.StackTraceFilter.<init>()V 50001.20668316832,50001.0,50001.01240310077,50001.02496099844,50168.0,50004.20766378245,50002.0,50014.07669683062,50000.02465331279,50091.16865941655,50006.0316973083,50001.0,50001.0,50000.42118226601,50172.0,50001.006201550386,50001.00624024961,50001.5031007752,50001.26677067082,50001.002752924986,50001.078749923094,50001.03580162123,50001.0,50001.0123266564,50001.11768754302,50001.00492610838,50001.006201550386,50001.21059113301,50001.3479145473,50001.55762594893,50005.0,49996.69,50001.006201550386
org.mockito.MockitoAnnotations.initMocks(Ljava/lang/Object;)V 50001.0,50001.0,50001.00985221675,50001.0198019802,50001.0,50004.00123609394,50002.0,50029.407745422686,50000.01960784314,50094.27602242131,50006.331542066524,50005.444444444445,50114.63098169074,50001.987684729065,50808.0,50001.00492610838,50001.00495049505,50001.50246305419,50162.4,50001.002469135805,50001.070186240635,50001.0,50001.0,50001.009803921566,50001.987760097916,50001.00492610838,50001.00492610838,50001.99384236453,50001.99691167387,50001.5,50005.0,50000.0,50001.00492610838
org.mockito.internal.configuration.DefaultAnnotationEngine.<init>()V 50001.0,50001.0,50001.00985221675,50001.0198019802,50001.0,50004.00123609394,50002.0,50003.0,50000.01960784314,50094.27602242131,50006.331542066524,50001.0,50001.0,50000.00985221675,50005.0,50001.00492610838,50001.00495049505,50001.50246305419,50001.00495049505,50001.002469135805,50001.070186240635,50001.0,50001.0,50001.009803921566,50001.002469135805,50001.00492610838,50001.00492610838,50001.00492610838,50001.009803921566,50001.5,50005.0,49995.02,50001.00492610838
org.mockito.internal.configuration.GlobalConfiguration.<init>()V 50001.0,50001.0,50001.00985221675,50001.0198019802,50001.0,50004.00123609394,50002.0,50029.35489375752,50000.01960784314,50094.27602242131,50006.331542066524,50005.333333333336,50114.419575030064,50001.9802955665,50805.0,50001.00492610838,50001.00495049505,50001.50246305419,50101.5,50001.002469135805,50001.070186240635,50001.0,50001.0,50001.009803921566,50001.980487804874,50001.00492610838,50001.00492610838,50001.99014778325,50001.99504950495,50001.5,50005.0,49998.8,50001.00492610838
org.mockito.internal.configuration.GlobalConfiguration.getAnnotationEngine()Lorg/mockito/configuration/AnnotationEngine; 50001.0,50001.0,50001.00985221675,50001.0198019802,50001.0,50004.00123609394,50002.0,50003.0,50000.01960784314,50094.27602242131,50006.331542066524,50001.0,50001.0,50000.00985221675,50005.0,50001.00492610838,50001.00495049505,50001.50246305419,50001.00495049505,50001.002469135805,50001.070186240635,50001.0,50001.0,50001.009803921566,50001.002469135805,50001.00492610838,50001.00492610838,50001.00492610838,50001.009803921566,50001.5,50005.0,49995.02,50001.00492610838
org.mockito.internal.configuration.GlobalConfiguration.getIt()Lorg/mockito/configuration/IMockitoConfiguration; 50001.0,50001.0,50001.00985221675,50001.0198019802,50001.0,50004.00123609394,50002.0,50003.0,50000.01960784314,50094.27602242131,50006.331542066524,50001.0,50001.0,50000.00985221675,50005.0,50001.00492610838,50001.00495049505,50001.50246305419,50001.00495049505,50001.002469135805,50001.070186240635,50001.0,50001.0,50001.009803921566,50001.002469135805,50001.00492610838,50001.00492610838,50001.00492610838,50001.009803921566,50001.5,50005.0,49995.02,50001.00492610838
org.mockito.internal.configuration.GlobalConfiguration.validate()V 50001.0,50001.0,50001.00985221675,50001.0198019802,50001.0,50004.00123609394,50002.0,50003.0,50000.01960784314,50094.27602242131,50006.331542066524,50001.0,50001.0,50000.00985221675,50005.0,50001.00492610838,50001.00495049505,50001.50246305419,50001.00495049505,50001.002469135805,50001.070186240635,50001.0,50001.0,50001.009803921566,50001.002469135805,50001.00492610838,50001.00492610838,50001.00492610838,50001.009803921566,50001.5,50005.0,49995.02,50001.00492610838
org.mockito.internal.progress.ArgumentMatcherStorageImpl.validateState()V 50001.0,50001.0,50001.00985221675,50001.0198019802,50001.0,50004.00123609394,50002.0,50029.33725463061,50000.01960784314,50094.27602242131,50006.331542066524,50005.307692307695,50114.34901852244,50001.97783251232,50804.0,50001.00492610838,50001.00495049505,50001.50246305419,50090.22222222222,50001.002469135805,50001.070186240635,50001.0,50001.0,50001.009803921566,50001.97807551766,50001.00492610838,50001.00492610838,50001.98891625616,50001.99442724458,50001.5,50005.0,49998.7,50001.00492610838
org.mockito.internal.progress.MockingProgressImpl.getArgumentMatcherStorage()Lorg/mockito/internal/progress/ArgumentMatcherStorage; 50001.0,50001.0,50001.00985221675,50001.0198019802,50001.0,50004.00123609394,50002.0,50003.0,50000.01960784314,50094.27602242131,50006.331542066524,50001.0,50001.0,50000.00985221675,50005.0,50001.00492610838,50001.00495049505,50001.50246305419,50001.00495049505,50001.002469135805,50001.070186240635,50001.0,50001.0,50001.009803921566,50001.002469135805,50001.00492610838,50001.00492610838,50001.00492610838,50001.009803921566,50001.5,50005.0,49995.02,50001.00492610838
org.mockito.internal.progress.MockingProgressImpl.validateState()V 50001.0,50001.00431965443,50001.00985221675,50001.0198019802,50001.0,50004.00123609394,50002.0,50029.31960451701,50000.01960784314,50094.27602242131,50006.331542066524,50005.28571428572,50114.278418068054,50001.97536945813,50803.0,50001.00492610838,50001.00495049505,50001.50246305419,50081.2,50001.002469135805,50001.070186240635,50001.0,50001.0,50001.009803921566,50001.97566909976,50001.00492610838,50001.00492610838,50001.987684729065,50001.99380421313,50001.5,50005.0,49998.6,50001.00492610838
org.mockito.internal.progress.ThreadSafeMockingProgress.<init>()V 50001.0,50001.0,50001.00985221675,50001.0198019802,50001.0,50004.00123609394,50002.0,50003.0,50000.01960784314,50094.27602242131,50006.331542066524,50001.0,50001.0,50000.00985221675,50005.0,50001.00492610838,50001.00495049505,50001.50246305419,50001.00495049505,50001.002469135805,50001.070186240635,50001.0,50001.0,50001.009803921566,50001.002469135805,50001.00492610838,50001.00492610838,50001.00492610838,50001.009803921566,50001.5,50005.0,49995.02,50001.00492610838
org.mockito.internal.progress.ThreadSafeMockingProgress.threadSafely()Lorg/mockito/internal/progress/MockingProgress; 50001.0,50001.0,50001.00985221675,50001.0198019802,50001.0,50004.00123609394,50002.0,50029.35489375752,50000.01960784314,50094.27602242131,50006.331542066524,50005.333333333336,50114.419575030064,50001.9802955665,50805.0,50001.00492610838,50001.00495049505,50001.50246305419,50101.5,50001.002469135805,50001.070186240635,50001.0,50001.0,50001.009803921566,50001.980487804874,50001.00492610838,50001.00492610838,50001.99014778325,50001.99504950495,50001.5,50005.0,49998.8,50001.00492610838
org.mockito.internal.progress.ThreadSafeMockingProgress.validateState()V 50001.0,50001.0,50001.00985221675,50001.0198019802,50001.0,50004.00123609394,50002.0,50003.0,50000.01960784314,50094.27602242131,50006.331542066524,50001.0,50001.0,50000.00985221675,50005.0,50001.00492610838,50001.00495049505,50001.50246305419,50001.00495049505,50001.002469135805,50001.070186240635,50001.0,50001.0,50001.009803921566,50001.002469135805,50001.00492610838,50001.00492610838,50001.00492610838,50001.009803921566,50001.5,50005.0,49995.02,50001.00492610838
org.mockito.Mockito.verify(Ljava/lang/Object;Lorg/mockito/internal/verification/api/VerificationMode;)Ljava/lang/Object; 50001.169554455446,50001.0,50001.02898550725,50001.01470588235,50000.0,50001.919653893696,50001.0,50028.27636339397,50000.05714285714,50067.912939362504,50001.96837092671,50004.042253521126,50082.71903083126,50001.83251231527,50745.0,50001.014492753624,50001.01470588235,50001.132575757576,50011.94117647059,50001.00113636364,50001.06154574549,50001.05889952009,50002.0,50001.02857142857,50001.84545454545,50001.001231527094,50001.01515151515,50001.91625615764,50001.956298200515,50001.75655430712,50002.0,49999.45,50001.0000005128
org.mockito.internal.matchers.InstanceOf.<init>(Ljava/lang/Class;)V 5005.491336633663,5005.0,5005.363636363636,5005.444444444444,5004.0,5006.991347342398,5005.0,5033.337254630609,5004.615384615385,5068.4964329252725,5006.1637219122,5007.181818181818,5061.53317610041,5005.977832512315,5808.0,5005.181818181818,5005.222222222223,5005.361111111111,5094.222222222223,5005.002436053594,5005.333333333333,5005.331472732436,5006.0,5005.307692307692,5005.978075517662,5005.0024630541875,5005.222222222223,5005.988916256158,5005.994427244582,5005.98296836983,5007.0,5004.5,5005.000028566939
org.mockito.internal.progress.HandyReturnValues.returnNull()Ljava/lang/Object; 5005.904702970297,5005.0044345898,5005.098765432099,5005.207792207792,5736.0,5008.904820766378,5006.0,5032.110883423452,5004.1882352941175,5078.625646001599,5007.962256637666,5005.0,5005.0,5005.810344827586,5740.0,5005.049382716049,5005.051948051948,5005.524691358025,5014.545454545455,5005.00449943757,5005.222222222223,5005.211368611414,5005.0,5005.094117647059,5005.826771653543,5005.004926108374,5005.049382716049,5005.9051724137935,5005.950226244344,5005.912994350282,5009.0,5006.33,5005.049382716049
org.mockito.internal.matchers.Same.<init>(Ljava/lang/Object;)V 5005.243811881188,5005.003430531732,5005.222222222223,5005.125,5004.0,5005.993819530284,5005.0,5033.354893757516,5004.4,5066.086749591707,5007.6007560482485,5008.272727272727,5089.958813551038,5005.980295566503,5809.0,5005.111111111111,5005.125,5005.208333333333,5105.5,5005.001219512195,5005.204124145232,5005.203112533414,5006.0,5005.2,5005.980487804878,5005.001231527093,5005.166666666667,5005.990147783251,5005.995049504951,5005.975845410628,5006.0,5003.7,5005.000006666267
org.mockito.internal.matchers.LocalizedMatcher.<init>(Lorg/hamcrest/Matcher;)V 5005.821782178218,5005.0,5005.054054054054,5005.111111111111,5669.0,5008.822002472188,5006.0,5030.84569596664,5004.105263157895,5081.850681614207,5008.464101615138,5005.0,5005.0,5005.645320197044,5673.0,5005.027027027027,5005.027777777777,5005.513513513513,5009.638888888889,5005.004184100419,5005.1643989873055,5005.149031302554,5005.0,5005.0526315789475,5005.698744769875,5005.004926108374,5005.027027027027,5005.822660098522,5005.902702702702,5005.848739495798,5009.0,5005.66,5005.027027027027
org.mockito.internal.verification.Times.<init>(I)V 5005.7017326732675,5005.0,5005.032653061225,5005.066390041494,5572.0,5008.702101359703,5006.0,5033.407745422684,5004.0642570281125,5085.407030800312,5008.944153798485,5009.444444444444,5118.630981690734,5005.987684729064,5812.0,5005.016326530612,5005.016597510374,5005.508163265306,5166.4,5005.003798670466,5005.127775313,5005.107036722538,5005.0,5005.032128514056,5005.987760097919,5005.004926108374,5005.016326530612,5005.993842364532,5005.996911673873,5005.770257387989,5009.0,5004.69,5005.016326530612
org.mockito.internal.verification.VerificationModeFactory.times(I)Lorg/mockito/internal/verification/Times; 5005.700495049505,5005.0,5005.032520325203,5005.06611570248,5571.0,5008.7008652657605,5006.0,5028.874672772627,5004.064,5085.407030800312,5008.944153798485,5005.0,5005.0,5005.403940886699,5575.0,5005.016260162602,5005.01652892562,5005.508130081301,5007.355371900827,5005.003795066414,5005.127515342612,5005.10672470851,5005.0,5005.032,5005.540796963947,5005.004926108374,5005.016260162602,5005.70197044335,5005.82489146165,5005.769523809524,5009.0,5004.68,5005.016260162602
org.mockito.internal.debugging.Localized.<init>(Ljava/lang/Object;)V 5005.688118811881,5005.0,5005.03125,5005.063492063492,5561.0,5008.688504326329,5006.0,5028.664319132398,5004.0615384615385,5085.725189480595,5008.98428260373,5005.0,5005.0,5005.379310344828,5565.0,5005.015625,5005.015873015873,5005.5078125,5007.222222222223,5005.003759398496,5005.125,5005.103691158908,5005.0,5005.030769230769,5005.526315789473,5005.004926108374,5005.015625,5005.689655172414,5005.816326530612,5005.762264150943,5009.0,5004.58,5005.015625
org.mockito.internal.creation.MockSettingsImpl.name(Ljava/lang/String;)Lorg/mockito/MockSettings; 5005.658415841584,5005.0,5005.028571428571,5005.057971014493,5537.0,5008.658838071693,5006.0,5028.151673805581,5004.056338028169,5086.463929340044,5009.075935196472,5005.0,5005.0,5005.320197044335,5541.0,5005.0142857142855,5005.014492753623,5005.507142857143,5006.942028985507,5005.003676470588,5005.119522860933,5005.096984228584,5005.0,5005.028169014085,5005.492647058823,5005.004926108374,5005.0142857142855,5005.660098522168,5005.795252225519,5005.745387453874,5009.0,5004.34,5005.0142857142855
org.mockito.internal.util.MockName.<init>(Ljava/lang/String;Ljava/lang/Class;)V 5005.657178217822,5005.0043196544275,5005.02846975089,5005.057761732852,5536.0,5008.65760197775,5006.0,5028.130067012441,5004.056140350877,5094.548859684664,5009.969726156485,5009.009411764706,5084.094879733141,5005.317733990148,5540.0,5005.014234875445,5005.014440433213,5005.507117437723,5006.931407942238,5005.003673094582,5005.119309997254,5005.096720473923,5005.0,5005.028070175438,5005.4912764003675,5005.004926108374,5005.014234875445,5005.658866995074,5005.79435783222,5005.744700460829,5009.0,5004.33,5005.014234875445
org.mockito.internal.matchers.Equals.<init>(Ljava/lang/Object;)V 5005.544554455446,5005.0,5005.021505376344,5005.04347826087,5445.0,5008.545117428925,5006.0,5026.071307505706,5004.04255319149,5089.034007707459,5009.37987740619,5005.0,5005.0,5005.093596059113,5449.0,5005.010752688172,5005.010869565217,5005.5053763440865,5006.20652173913,5005.003389830508,5005.103695169473,5005.0765207439335,5005.0,5005.021276595745,5005.376271186441,5005.004926108374,5005.010752688172,5005.546798029557,5005.707006369426,5005.687074829932,5009.0,5003.42,5005.010752688172
org.mockito.configuration.DefaultMockitoConfiguration.getDefaultAnswer()Lorg/mockito/stubbing/Answer; 5005.523514851485,5005.0,5005.020565552699,5005.041558441559,5428.0,5008.524103831891,5006.0,5025.663978319772,5004.040712468193,5089.472098484556,5009.429606852797,5005.0,5005.0,5005.051724137931,5432.0,5005.010282776349,5005.010389610389,5005.505141388175,5006.109090909091,5005.003341687552,5005.101404025313,5005.073370199219,5005.0,5005.020356234097,5005.356725146199,5005.004926108374,5005.010282776349,5005.525862068966,5005.689265536723,5005.677284157586,5009.0,5003.25,5005.010282776349
org.mockito.internal.progress.MockingProgressImpl.reportOngoingStubbing(Lorg/mockito/internal/progress/IOngoingStubbing;)V 5005.457920792079,5005.0,5005.018099547511,5005.036529680366,5375.0,5008.458590852905,5006.0,5024.339079605814,5004.035874439462,5090.779131150664,5009.574762238243,5005.0,5005.0,5004.92118226601,5379.0,5005.009049773756,5005.009132420091,5005.504524886878,5005.853881278539,5005.0032,5005.095130298831,5005.064374525756,5005.0,5005.017937219731,5005.2992,5005.004926108374,5005.009049773756,5005.4605911330045,5005.630691399662,5005.648475120385,5009.0,5002.72,5005.009049773756
org.mockito.internal.stubbing.OngoingStubbingImpl.<init>(Lorg/mockito/internal/stubbing/MockitoStubber;Lorg/mockito/internal/verification/RegisteredInvocations;)V 5005.457920792079,5005.0043956043955,5005.018099547511,5005.036529680366,5375.0,5008.458590852905,5006.0,5024.339079605814,5004.035874439462,5090.779131150664,5009.574762238243,5005.0,5005.0,5004.92118226601,5379.0,5005.009049773756,5005.009132420091,5005.504524886878,5005.853881278539,5005.0032,5005.095130298831,5005.064374525756,5005.0,5005.017937219731,5005.2992,5005.004926108374,5005.009049773756,5005.4605911330045,5005.630691399662,5005.648475120385,5009.0,5002.72,5005.009049773756
org.mockito.internal.creation.DelegatingMockitoMethodProxy.<init>(Lorg/mockito/cglib/proxy/MethodProxy;)V 5005.444306930693,5005.0,5005.01766004415,5005.035634743876,5364.0,5008.44499381953,5006.0,5024.052558883258,5004.035010940919,5091.040301714625,5009.603218450216,5005.0,5005.0,5004.894088669951,5368.0,5005.008830022075,5005.008908685969,5005.504415011038,5005.80846325167,5005.003172085646,5005.093968197147,5005.062635772575,5005.0,5005.01750547046,5005.287866772403,5005.004926108374,5005.008830022075,5005.4470443349755,5005.6178723404255,5005.642800318218,5009.0,5002.61,5005.008830022075
org.mockito.internal.invocation.realmethod.CGLIBProxyRealMethod.<init>(Lorg/mockito/internal/creation/MockitoMethodProxy;)V 5005.429455445545,5005.003361344538,5005.017204301075,5005.034707158351,5352.0,5008.430160692213,5006.0,5023.7349939951955,5004.034115138593,5091.321592167791,5009.633671390332,5005.0,5005.0,5004.864532019705,5356.0,5005.008602150538,5005.008676789588,5005.504301075269,5005.761388286334,5005.0031421838175,5005.092747779152,5005.060780263177,5005.0,5005.017057569296,5005.275726630008,5005.004926108374,5005.008602150538,5005.432266009852,5005.603611349957,5005.636721828211,5009.0,5002.49,5005.008602150538
org.mockito.internal.invocation.realmethod.FilteredCGLIBProxyRealMethod.<init>(Lorg/mockito/internal/creation/MockitoMethodProxy;)V 5005.429455445545,5005.003367003367,5005.017204301075,5005.034707158351,5352.0,5008.430160692213,5006.0,5023.7349939951955,5004.034115138593,5091.321592167791,5009.633671390332,5005.0,5005.0,5004.864532019705,5356.0,5005.008602150538,5005.008676789588,5005.504301075269,5005.761388286334,5005.0031421838175,5005.092747779152,5005.060780263177,5005.0,5005.017057569296,5005.275726630008,5005.004926108374,5005.008602150538,5005.432266009852,5005.603611349957,5005.636721828211,5009.0,5002.49,5005.008602150538
org.mockito.internal.progress.SequenceNumber.next()I 5005.429455445545,5005.003577817532,5005.017204301075,5005.034707158351,5352.0,5008.430160692213,5006.0,5023.7349939951955,5004.034115138593,5091.321592167791,5009.633671390332,5005.0,5005.0,5004.864532019705,5356.0,5005.008602150538,5005.008676789588,5005.504301075269,5005.761388286334,5005.0031421838175,5005.092747779152,5005.060780263177,5005.0,5005.017057569296,5005.275726630008,5005.004926108374,5005.008602150538,5005.432266009852,5005.603611349957,5005.636721828211,5009.0,5002.49,5005.008602150538
org.mockito.internal.invocation.realmethod.FilteredCGLIBProxyRealMethod.<init>(Lorg/mockito/internal/invocation/realmethod/RealMethod;)V 5005.428217821782,5005.003367003367,5005.017167381974,5005.034632034632,5351.0,5008.428924598269,5006.0,5023.70828693387,5004.034042553191,5091.344866874412,5009.63618218583,5005.0,5005.0,5004.862068965517,5355.0,5005.0085836909875,5005.008658008658,5005.504291845494,5005.757575757576,5005.003139717425,5005.092648210923,5005.060627464547,5005.0,5005.017021276596,5005.274725274725,5005.004926108374,5005.0085836909875,5005.431034482759,5005.6024096385545,5005.636220472441,5009.0,5002.48,5005.0085836909875
org.mockito.internal.creation.DelegatingMethod.<init>(Ljava/lang/reflect/Method;)V 5005.418316831683,5005.0,5005.016877637131,5005.034042553191,5343.0,5008.419035846724,5006.0,5023.493242008907,5004.033472803348,5091.530165002886,5009.656123214508,5005.0,5005.0,5004.84236453202,5347.0,5005.008438818565,5005.008510638298,5005.504219409283,5005.727659574468,5005.003120124805,5005.091863042435,5005.059414643359,5005.0,5005.016736401673,5005.266770670827,5005.004926108374,5005.008438818565,5005.42118226601,5005.592720970537,5005.632237871674,5009.0,5002.4,5005.008438818565
org.mockito.internal.creation.jmock.ClassImposterizer.prepend(Ljava/lang/Class;[Ljava/lang/Class;)[Ljava/lang/Class; 5005.339108910891,5005.0,5005.014869888476,5005.029962546817,5279.0,5008.339925834363,5006.0,5021.673332000533,5004.029520295203,5092.95912163079,5009.8071238819675,5005.0,5005.0,5004.68472906404,5283.0,5005.0074349442375,5005.0074906367045,5005.503717472119,5005.520599250936,5005.002971768202,5005.086226122712,5005.05021210853,5005.0,5005.014760147602,5005.206537890044,5005.004926108374,5005.0074349442375,5005.34236453202,5005.510091743119,5005.602086438152,5009.0,5001.76,5005.0074349442375
org.mockito.internal.debugging.Location.<init>()V 5005.28094059406,5005.0,5005.013675213675,5005.027538726334,5232.0,5008.281829419036,5006.0,5020.198684153571,5004.027164685908,5093.954623200595,5009.90957651803,5005.0,5005.0,5004.568965517241,5236.0,5005.0068376068375,5005.006884681584,5005.503418803419,5005.3975903614455,5005.002871500359,5005.08268982306,5005.04382877282,5005.0,5005.013582342955,5005.165829145729,5005.004926108374,5005.0068376068375,5005.2844827586205,5005.442953020134,5005.581713462923,5009.0,5001.29,5005.0068376068375
org.mockito.internal.util.CreationValidator.validateMockedType(Ljava/lang/Class;Ljava/lang/Object;)V 5005.272277227723,5005.004830917875,5005.013513513513,5005.027210884354,5225.0,5008.273176761434,5006.0,5033.3901391331565,5004.026845637584,5094.629705000935,5009.977853291,5009.4,5118.560556532627,5005.985221674877,5811.0,5005.006756756757,5005.006802721088,5005.503378378378,5139.333333333333,5005.0028571428575,5005.082199493652,5005.042891852351,5005.0,5005.013422818792,5005.985330073349,5005.004926108374,5005.006756756757,5005.992610837438,5005.99629171817,5005.578796561605,5009.0,5003.0,5005.006756756757
org.mockito.internal.util.CreationValidator.validateExtraInterfaces(Ljava/lang/Class;[Ljava/lang/Class;)V 5005.262376237623,5005.004830917875,5005.013333333333,5005.026845637584,5217.0,5008.263288009889,5006.0,5033.3901391331565,5004.026490066225,5094.5893153679135,5009.973794703615,5009.4,5118.560556532627,5005.985221674877,5811.0,5005.006666666667,5005.006711409396,5005.503333333333,5139.333333333333,5005.002840909091,5005.081649658093,5005.041823138542,5005.0,5005.013245033113,5005.985330073349,5005.004926108374,5005.006666666667,5005.992610837438,5005.99629171817,5005.575498575498,5009.0,5003.0,5005.006666666667
org.mockito.internal.MockHandler.<init>(Lorg/mockito/internal/util/MockName;Lorg/mockito/internal/progress/MockingProgress;Lorg/mockito/internal/invocation/MatchersBinder;Lorg/mockito/internal/creation/MockSettingsImpl;)V 5005.245049504951,5005.0,5005.013029315961,5005.026229508197,5203.0,5008.245982694685,5006.0,5019.212670403552,5004.025889967637,5094.548859684664,5009.969726156485,5005.0,5005.0,5004.4975369458125,5207.0,5005.00651465798,5005.006557377049,5005.50325732899,5005.331147540984,5005.002812939521,5005.080713431227,5005.039955146265,5005.0,5005.012944983819,5005.142053445851,5005.004926108374,5005.00651465798,5005.248768472907,5005.39842209073,5005.569816643159,5009.0,5001.0,5005.00651465798
org.mockito.internal.creation.MethodInterceptorFilter.<init>(Lorg/mockito/internal/IMockHandler;Lorg/mockito/internal/creation/MockSettingsImpl;)V 5005.245049504951,5005.0,5005.013029315961,5005.026229508197,5203.0,5008.245982694685,5006.0,5019.212670403552,5004.025889967637,5094.548859684664,5009.969726156485,5005.0,5005.0,5004.4975369458125,5207.0,5005.00651465798,5005.006557377049,5005.50325732899,5005.331147540984,5005.002812939521,5005.080713431227,5005.039955146265,5005.0,5005.012944983819,5005.142053445851,5005.004926108374,5005.00651465798,5005.248768472907,5005.39842209073,5005.569816643159,5009.0,5001.0,5005.00651465798
org.mockito.internal.verification.RegisteredInvocations.<init>()V 5005.245049504951,5005.0,5005.013029315961,5005.026229508197,5203.0,5008.245982694685,5006.0,5019.212670403552,5004.025889967637,5094.548859684664,5009.969726156485,5005.0,5005.0,5004.4975369458125,5207.0,5005.00651465798,5005.006557377049,5005.50325732899,5005.331147540984,5005.002812939521,5005.080713431227,5005.039955146265,5005.0,5005.012944983819,5005.142053445851,5005.004926108374,5005.00651465798,5005.248768472907,5005.39842209073,5005.569816643159,5009.0,5001.0,5005.00651465798
org.mockito.internal.creation.MockSettingsImpl.defaultAnswer(Lorg/mockito/stubbing/Answer;)Lorg/mockito/MockSettings; 5005.237623762377,5005.0,5005.012903225806,5005.025974025974,5197.0,5008.238566131026,5006.0,5019.0,5004.025641025641,5094.670028906189,5009.981901975349,5005.0,5005.0,5004.482758620689,5201.0,5005.006451612903,5005.006493506494,5005.503225806452,5005.318181818182,5005.002801120449,5005.08032193289,5005.039154265814,5005.0,5005.01282051282,5005.137254901961,5005.004926108374,5005.006451612903,5005.241379310345,5005.388888888889,5005.567415730337,5009.0,5000.94,5005.006451612903
