org.joda.time.chrono.BaseChronology.set(Lorg/joda/time/ReadablePartial;J)J 500001.9815283401,500001.0,500001.05333333334,500001.05479452055,503880.0,500002.9815330129,500002.0,500063.2976725087,500000.1038961039,500139.2738729093,500003.9230127857,500001.0,500001.0,500001.96307536674,503882.0,500001.0266666667,500001.0273972603,500001.5133333333,500054.16438356164,500001.0004966476,500001.1632993162,500001.1617840816,500001.0,500001.05194805196,500001.9637447231,500001.0005058169,500001.0266666667,500001.98153768334,500001.9906828334,500001.98186335404,500003.0,500000.37,500001.0266666667
org.joda.time.field.FieldUtils.verifyValueBounds(Lorg/joda/time/DateTimeField;III)V 5000001.98152834,5000001.0,5000001.053333334,5000001.05479452,5003880.0,5000002.981533013,5000002.0,5000063.297672508,5000000.103896104,5000166.771511746,5000007.003469212,5000001.0,5000001.0,5000001.963075367,5003882.0,5000001.026666666,5000001.02739726,5000001.513333334,5000054.164383561,5000001.000496647,5000001.163299317,5000001.161784082,5000001.0,5000001.051948052,5000001.963744723,5000001.000505817,5000001.026666666,5000001.981537683,5000001.990682834,5000001.981863354,5000003.0,5000000.37,5000001.026666666
org.joda.time.chrono.BasicChronology.getDaysInMonthMax(J)I 500001.96988866397,500001.0,500001.03305785125,500001.03361344535,503834.0,500002.9698962813,500002.0,500062.9273768216,500000.0650406504,500141.6385812787,500004.302833952,500001.0,500001.0,500001.9398077896,503836.0,500001.0165289256,500001.0168067227,500001.5082644628,500033.2268907563,500001.00049103855,500001.1285648693,500001.1266144446,500001.0,500001.0325203252,500001.941566413,500001.0005058169,500001.0165289256,500001.9699038948,500001.9847220439,500001.97076885286,500003.0,499999.91,500001.0165289256
org.joda.time.DateTimeFieldType$StandardDateTimeFieldType.getField(Lorg/joda/time/Chronology;)Lorg/joda/time/DateTimeField; 500001.81427125505,500001.0,500001.0054347826,500001.00544959126,503219.0,500002.81431823934,500002.0,500063.85698051925,500000.0108401084,500165.3420057638,500006.8832080194,500003.4,500126.71396103856,500001.99848254933,503952.0,500001.0027173913,500001.00272479566,500001.5013586957,501318.0,500001.0004266212,500001.0521286035,500001.0470392775,500001.0,500001.0054200542,500001.99848369975,500001.0005058169,500001.0027173913,500001.99924127467,500001.9996204934,500001.84336320957,500003.0,500000.0,500001.0027173913
org.joda.time.chrono.BasicDayOfMonthDateTimeField.getMaximumValueForSet(JI)I 500001.7874493927,500001.0,500001.0047505938,500001.00476190477,503113.0,500002.78750316217,500002.0,500056.8032257132,500000.009478673,500159.71262265637,500006.38356327097,500001.0,500001.0,500001.5751138088,503115.0,500001.0023752969,500001.00238095236,500001.50118764845,500004.70714285714,500001.00041718816,500001.0487370179,500001.0432484232,500001.0,500001.0047393365,500001.64956195245,500001.0005058169,500001.0023752969,500001.7875569044,500001.88115449913,500001.8247078464,500003.0,499992.7,500001.0023752969
org.joda.time.chrono.BasicChronology.getDayOfMonth(JI)I 500001.7821356275,500001.009009009,500001.0046349942,500001.00464576075,503092.0,500002.7821907412,500002.0,500056.61474624596,500000.00924855494,500160.07267066627,500006.41689962085,500001.0,500001.0,500001.56449165405,503094.0,500001.0023174971,500001.0023228804,500001.5011587486,500004.59233449475,500001.00041536865,500001.0481403895,500001.04257460573,500001.0,500001.00462427747,500001.6423676012,500001.0005058169,500001.0023174971,500001.782245827,500001.87782034907,500001.8211094951,500003.0,499992.49,500001.0023174971
org.joda.time.chrono.BasicMonthOfYearDateTimeField.set(JI)J 500001.7821356275,500001.0,500001.0046349942,500001.00464576075,503092.0,500002.7821907412,500002.0,500063.7694193059,500000.00924855494,500160.10673080717,500006.42004258686,500003.125,500126.5388386118,500001.9929185635,503941.0,500001.0023174971,500001.0023228804,500001.5011587486,500282.4285714286,500001.00041536865,500001.0481403895,500001.04257460573,500001.0,500001.00462427747,500001.99294354836,500001.0005058169,500001.0023174971,500001.9964592817,500001.99822650116,500001.8211094951,500003.0,499998.98,500001.0023174971
org.joda.time.field.PreciseDurationDateTimeField.set(JI)J 500001.77859311743,500001.0,500001.0045610034,500001.0045714286,503078.0,500002.7786491272,500002.0,500056.488737596,500000.00910125143,500160.3102680795,500006.4387865297,500001.0,500001.0,500001.5574102175,503080.0,500001.0022805017,500001.00228571426,500001.5011402509,500004.51885714283,500001.00041416445,500001.04775459884,500001.0421376665,500001.0,500001.0045506257,500001.63760612963,500001.0005058169,500001.0022805017,500001.77870510874,500001.8755865207,500001.8187279884,500003.0,499992.35,500001.0022805017
org.joda.time.chrono.BasicGJChronology.getDaysInYearMonth(II)I 500001.70546558703,500001.0,500001.0034305317,500001.0034364261,502789.0,500002.70554009615,500002.0,500057.9649014745,500000.0068493151,500167.5401938026,500007.0671512787,500003.0028129395,500114.929802949,500001.64137582196,503246.0,500001.00171526585,500001.0017182131,500001.50085763296,500005.5768688293,500001.00039077766,500001.0414157683,500001.03478593164,500001.0,500001.0034246575,500001.6959039245,500001.0005058169,500001.00171526585,500001.82068791095,500001.90151409915,500001.7724784988,500003.0,499992.03,500001.00171526585
org.joda.time.chrono.BasicGJChronology.getTotalMillisByYearMonth(II)J 500001.6763663968,500001.0,500001.0031225605,500001.0031274433,502674.0,500002.6764482671,500002.0,500058.1751694357,500000.00623538584,500168.677201086,500007.1601405765,500003.00291120814,500115.35033887136,500001.65351542743,503270.0,500001.0015612802,500001.0015637217,500001.5007806401,500005.7722627737,500001.00038218993,500001.039513039,500001.0324961151,500001.0,500001.0031176929,500001.70467773225,500001.0005058169,500001.0015612802,500001.8267577137,500001.90516405925,500001.7554960811,500003.0,499992.27,500001.0015612802
org.joda.time.chrono.BasicChronology.getYearMonthDayMillis(III)J 500001.66270242917,500001.0,500001.00299625465,500001.0030007502,502620.0,500002.6627877561,500002.0,500052.1957029447,500000.00598354527,500167.24014169106,500007.0423730874,500001.0,500001.0,500001.3257460799,502622.0,500001.00149812736,500001.0015003751,500001.5007490637,500002.9662415604,500001.00037828635,500001.03870564996,500001.0315089293,500001.0,500001.0029917726,500001.4957442784,500001.0005058169,500001.00149812736,500001.66287303995,500001.79726235743,500001.7477767266,500003.0,499987.77,500001.00149812736
org.joda.time.chrono.BasicGJChronology.getMonthOfYear(JI)I 500001.66270242917,500001.0,500001.00299625465,500001.0030007502,502620.0,500002.6627877561,500002.0,500052.1957029447,500000.00598354527,500167.24014169106,500007.0423730874,500001.0,500001.0,500001.3257460799,502622.0,500001.00149812736,500001.0015003751,500001.5007490637,500002.9662415604,500001.00037828635,500001.03870564996,500001.0315089293,500001.0,500001.0029917726,500001.4957442784,500001.0005058169,500001.00149812736,500001.66287303995,500001.79726235743,500001.7477767266,500003.0,499987.77,500001.00149812736
org.joda.time.chrono.BasicChronology.getYear(J)I 500001.6396761134,500001.0,500001.00280504907,500001.0028089888,502529.0,500002.63976726535,500002.0,500063.7694193059,500000.0056022409,500168.47904134035,500007.144035496,500003.125,500126.5388386118,500001.9929185635,503941.0,500001.00140252453,500001.0014044944,500001.50070126227,500282.4285714286,500001.0003718855,500001.0374502943,500001.02995265345,500001.0,500001.00280112046,500001.99294354836,500001.0005058169,500001.00140252453,500001.9964592817,500001.99822650116,500001.73511904763,500003.0,499998.98,500001.00140252453
org.joda.time.chrono.GregorianChronology.isLeapYear(I)Z 500001.6120951417,500001.0,500001.0026058632,500001.0026092629,502420.0,500002.61219327094,500002.0,500050.20365840057,500000.0052049447,500169.88341306493,500007.25727927306,500001.0,500001.0,500001.22458270105,502422.0,500001.0013029316,500001.00130463147,500001.5006514658,500002.57925636007,500001.0003644979,500001.03609614377,500001.02824036294,500001.0,500001.0026024724,500001.44122471294,500001.0005058169,500001.0013029316,500001.61229135055,500001.7595294118,500001.72051048314,500003.0,499985.77,500001.0013029316
org.joda.time.MonthDay.<clinit>()V 50001.5,50001.0,50002.0,50002.0,50000.0,50002.0,50001.0,50063.87288763847,50001.333333333336,50128.72986916402,50002.0,50002.5,50063.85698051927,50001.9994941831,53954.0,50001.5,50002.0,50001.75,53954.0,50001.000252844504,50001.707106781185,50001.70701733627,50002.0,50001.666666666664,50001.999494311,50001.000252908445,50002.0,50001.999747091555,50001.999873529785,50002.0,50002.0,50002.0,50001.5
org.joda.time.format.ISODateTimeFormat.localDateParser()Lorg/joda/time/format/DateTimeFormatter; 50001.5,50001.0,50002.0,50002.0,50000.0,50002.0,50001.0,50063.87288763847,50001.333333333336,50136.07833839236,50003.51961688126,50002.5,50063.85698051927,50001.9994941831,53954.0,50001.5,50002.0,50001.75,53954.0,50001.000252844504,50001.707106781185,50001.70701733627,50002.0,50001.666666666664,50001.999494311,50001.000252908445,50002.0,50001.999747091555,50001.999873529785,50002.0,50002.0,50002.0,50001.5
org.joda.time.Days.daysBetween(Lorg/joda/time/ReadablePartial;Lorg/joda/time/ReadablePartial;)Lorg/joda/time/Days; 50001.49949392713,50001.0,50001.5,50001.333333333336,50000.0,50001.99949405515,50001.0,50063.85698051927,50000.8,50130.14408272639,50002.73205080757,50003.4,50126.71396103854,50001.998482549316,53952.0,50001.25,50001.333333333336,50001.416666666664,51318.0,50001.0002527167,50001.40824829046,50001.40809332159,50002.0,50001.4,50001.998483699776,50001.000252908445,50001.333333333336,50001.99924127466,50001.999620493356,50001.998988877654,50002.0,50000.0,50001.000049990005
org.joda.time.Months.monthsBetween(Lorg/joda/time/ReadablePartial;Lorg/joda/time/ReadablePartial;)Lorg/joda/time/Months; 50001.49949392713,50001.0,50001.5,50001.333333333336,50000.0,50001.99949405515,50001.0,50063.85698051927,50000.8,50130.14408272639,50002.73205080757,50003.4,50126.71396103854,50001.998482549316,53952.0,50001.25,50001.333333333336,50001.416666666664,51318.0,50001.0002527167,50001.40824829046,50001.40809332159,50002.0,50001.4,50001.998483699776,50001.000252908445,50001.333333333336,50001.99924127466,50001.999620493356,50001.998988877654,50002.0,50000.0,50001.000049990005
org.joda.time.base.BaseSingleFieldPeriod.between(Lorg/joda/time/ReadablePartial;Lorg/joda/time/ReadablePartial;Lorg/joda/time/ReadablePeriod;)I 50001.99746963563,50001.0,50001.333333333336,50001.4,53943.0,50002.99747027574,50002.0,50063.85698051927,50000.57142857143,50133.89214682418,50002.77827941004,50003.4,50126.71396103854,50001.998482549316,53952.0,50001.166666666664,50001.2,50001.583333333336,51318.0,50001.00050454087,50001.40824829046,50001.40773145485,50001.0,50001.28571428572,50001.998483699776,50001.0005058169,50001.166666666664,50001.99924127466,50001.999620493356,50001.99747602221,50003.0,50000.2,50001.166666666664
org.joda.time.format.DateTimeFormatterBuilder$Composite.estimateParsedLength()I 50001.49924089069,50001.00182149363,50001.4,50001.25,50000.0,50001.999241082725,50001.0,50063.84902544988,50000.666666666664,50130.46191997158,50001.85559967717,50002.2,50063.83311228962,50001.997976732426,53951.0,50001.2,50001.25,50001.375,50988.5,50001.000252652855,50001.353553390596,50001.353374432845,50002.0,50001.333333333336,50001.99797877716,50001.000252908445,50001.25,50001.99898836621,50001.99949392713,50001.99848408287,50002.0,49999.9,50001.00003332778
org.joda.time.format.ISODateTimeFormat.dateElementParser()Lorg/joda/time/format/DateTimeFormatter; 50001.49898785425,50001.0,50001.333333333336,50001.2,50000.0,50001.998988110296,50001.0,50063.85698051927,50000.57142857143,50130.72986916402,50002.73205080757,50003.4,50126.71396103854,50001.998482549316,53952.0,50001.166666666664,50001.2,50001.35,51318.0,50001.00025258904,50001.316227766016,50001.31602766997,50002.0,50001.28571428572,50001.998483699776,50001.000252908445,50001.2,50001.99924127466,50001.999620493356,50001.99797979798,50002.0,50000.0,50001.000024996254
org.joda.time.base.BaseSingleFieldPeriod.getFieldType(I)Lorg/joda/time/DurationFieldType; 50001.99493927125,50001.0,50001.181818181816,50001.2,53933.0,50002.99494055148,50002.0,50063.85698051927,50000.333333333336,50135.20200511901,50003.11474252688,50003.4,50126.71396103854,50001.998482549316,53952.0,50001.09090909091,50001.1,50001.545454545456,51318.0,50001.000503271265,50001.30151134458,50001.30074744331,50001.0,50001.166666666664,50001.998483699776,50001.0005058169,50001.09090909091,50001.99924127466,50001.999620493356,50001.99496475327,50003.0,50000.9,50001.09090909091
org.joda.time.DateTimeUtils.isContiguous(Lorg/joda/time/ReadablePartial;)Z 50001.99367408907,50001.0,50001.148148148146,50001.16,53928.0,50002.99367568935,50002.0,50063.84902544988,50000.275862068964,50135.92602158672,50003.279507056955,50003.333333333336,50126.698050899766,50001.997976732426,53951.0,50001.07407407407,50001.08,50001.53703703704,50988.5,50001.00050263885,50001.27216552698,50001.2713033138,50001.0,50001.137931034486,50001.99797877716,50001.0005058169,50001.07407407407,50001.99898836621,50001.99949392713,50001.99371385467,50003.0,50000.85,50001.07407407407
org.joda.time.format.DateTimeFormatterBuilder$MatchingParser.<init>([Lorg/joda/time/format/DateTimeParser;)V 50001.498481781375,50001.0,50001.25,50001.142857142855,50000.0,50001.99848216544,50001.0,50063.82515419798,50000.444444444445,50131.1793589068,50002.20394756646,50002.125,50063.80923498977,50001.99645928174,53948.0,50001.125,50001.142857142855,50001.32142857143,50564.857142857145,50001.0002524615,50001.26726124191,50001.26702445167,50002.0,50001.22222222222,50001.99646553901,50001.000252908445,50001.142857142855,50001.99822964087,50001.999114036196,50001.996972754794,50002.0,49999.6,50001.000016664446
org.joda.time.format.DateTimeFormatterBuilder.appendOptional(Lorg/joda/time/format/DateTimeParser;)Lorg/joda/time/format/DateTimeFormatterBuilder; 50001.49822874494,50001.030303030304,50001.22222222222,50001.125,50000.0,50001.99822919302,50001.0,50063.817195098156,50000.4,50131.375620475075,50002.28286839195,50002.11111111111,50063.80127387243,50001.995953464844,53947.0,50001.11111111111,50001.125,50001.3125,50494.25,50001.00025239778,50001.25,50001.2497468434,50002.0,50001.2,50001.99596163554,50001.000252908445,50001.125,50001.997976732426,50001.99898734177,50001.996469994956,50002.0,49999.5,50001.000014283876
org.joda.time.chrono.BasicMonthOfYearDateTimeField.getDifferenceAsLong(JJ)J 50001.4979757085,50001.0,50001.2,50001.11111111111,50000.0,50001.99797622059,50001.0,50063.82515419798,50000.36363636364,50137.61806358133,50003.80859296042,50003.22222222222,50126.65030839596,50001.99645928174,53948.0,50001.1,50001.11111111111,50001.305555555555,50564.857142857145,50001.00025233409,50001.2357022604,50001.235433729315,50002.0,50001.181818181816,50001.99646553901,50001.000252908445,50001.11111111111,50001.99822964087,50001.999114036196,50001.99596774193,50002.0,49999.4,50001.000012498436
org.joda.time.format.DateTimeFormatterBuilder$MatchingParser.estimateParsedLength()I 50001.497722672066,50001.001703577516,50001.181818181816,50001.1,50000.0,50001.99772324817,50001.0,50063.80127387243,50000.333333333336,50131.72986916402,50002.41421356237,50002.09090909091,50063.785348609366,50001.99494183106,53945.0,50001.09090909091,50001.1,50001.3,50395.4,50001.00025227043,50001.22360679775,50001.223323722406,50002.0,50001.166666666664,50001.99495459132,50001.000252908445,50001.1,50001.99747091553,50001.99873385667,50001.995465994965,50002.0,49999.3,50001.000011109754
org.joda.time.chrono.BasicMonthOfYearDateTimeField.add(JI)J 50001.49746963563,50001.0,50001.166666666664,50001.09090909091,50000.0,50001.99747027574,50001.0,50063.84902544988,50000.307692307695,50154.40086447,50005.96699056834,50003.333333333336,50126.698050899766,50001.997976732426,53951.0,50001.083333333336,50001.09090909091,50001.295454545456,50988.5,50001.00025220681,50001.21320071635,50001.21290380493,50002.0,50001.153846153844,50001.99797877716,50001.000252908445,50001.09090909091,50001.99898836621,50001.99949392713,50001.99496475327,50002.0,49999.2,50001.0000099988
org.joda.time.Months.getMonths()I 50001.49620445344,50001.0,50001.117647058825,50001.0625,50000.0,50001.99620541361,50001.0,50063.75348595895,50000.22222222222,50132.60285251022,50002.694987712704,50002.05882352941,50063.737548565434,50001.99190692969,53939.0,50001.05882352941,50001.0625,50001.28125,50247.125,50001.00025188917,50001.1767766953,50001.1764184905,50002.0,50001.11111111111,50001.9919395466,50001.000252908445,50001.0625,50001.995953464844,50001.99797263051,50001.992466097436,50002.0,49999.95,50001.00000666591
org.joda.time.format.DateTimeFormat.parsePatternTo(Lorg/joda/time/format/DateTimeFormatterBuilder;Ljava/lang/String;)V 50002.49620445344,50002.0,50002.117647058825,50002.0625,50001.0,50002.99620541361,50002.0,50064.85698051927,50001.22222222222,50139.47666350882,50004.957497987285,50004.4,50127.71396103854,50002.998482549316,53953.0,50002.05882352941,50002.0625,50002.28125,51319.0,50002.00025188917,50002.1767766953,50002.1764184905,50003.0,50002.11111111111,50002.998483699776,50002.000252908445,50002.0625,50002.99924127466,50002.999620493356,50002.992466097436,50003.0,50001.0,50002.00000666591
org.joda.time.chrono.BasicDayOfMonthDateTimeField.getMaximumValue(Lorg/joda/time/ReadablePartial;[I)I 50001.98380566802,50001.0,50001.06060606061,50001.0625,53889.0,50002.98380976474,50002.0,50063.721607122265,50000.117647058825,50143.41844670446,50004.56210296601,50003.09090909091,50126.44321424454,50001.989883662114,53935.0,50001.030303030304,50001.03125,50001.51515151515,50197.7,50001.00049776008,50001.17407765595,50001.172662366975,50001.0,50001.05882352941,50001.98993457473,50001.0005058169,50001.030303030304,50001.99494183106,50001.997464503045,50001.98406374502,50003.0,50000.46,50001.030303030304
org.joda.time.format.DateTimeFormatterBuilder.appendLiteral(Ljava/lang/String;)Lorg/joda/time/format/DateTimeFormatterBuilder; 50001.49569838057,50001.030303030304,50001.10526315789,50001.055555555555,50000.0,50001.99569946876,50001.0,50063.737548565434,50000.2,50132.85297478963,50002.76723106175,50002.05263157895,50063.721607122265,50001.9908952959,53937.0,50001.05263157895,50001.055555555555,50001.27777777778,50219.666666666664,50001.000251762336,50001.166666666664,50001.16628668421,50002.0,50001.1,50001.99093655589,50001.000252908445,50001.055555555555,50001.995447647954,50001.99771863118,50001.99147014551,50002.0,49999.93,50001.000005881695
org.joda.time.format.DateTimeFormatterBuilder$Composite.<init>(Ljava/util/List;)V 50001.49544534413,50001.001703577516,50001.1,50001.05263157895,50000.0,50001.99544649633,50001.0,50063.7694193059,50000.19047619047,50144.477884912034,50004.84031453764,50003.125,50126.5388386118,50001.99291856348,53941.0,50001.05,50001.05263157895,50001.27631578947,50282.42857142857,50001.00025169897,50001.16222142113,50001.16183100119,50002.0,50001.09523809524,50001.99294354839,50001.000252908445,50001.05263157895,50001.99645928174,50001.99822650114,50001.99097291876,50002.0,49999.92,50001.00000555494
org.joda.time.Days.getDays()I 50001.495192307695,50001.0,50001.09523809524,50001.05,50000.0,50001.99519352391,50001.0,50063.721607122265,50000.181818181816,50133.088768107555,50002.8327299156,50002.04761904762,50063.705661626365,50001.989883662114,53935.0,50001.04761904762,50001.05,50001.275,50197.7,50001.00025163563,50001.15811388301,50001.1577132949,50002.0,50001.09090909091,50001.98993457473,50001.000252908445,50001.05,50001.99494183106,50001.997464503045,50001.990476190476,50002.0,49999.91,50001.00000526258
org.joda.time.MonthDay.<init>(IILorg/joda/time/Chronology;)V 50001.98026315789,50001.0,50001.05,50001.05128205128,53875.0,50002.98026815077,50002.0,50063.25752966509,50000.09756097561,50139.561630030345,50003.971827866204,50001.0,50001.0,50001.960546282244,53877.0,50001.025,50001.02564102564,50001.5125,50050.692307692305,50001.000496031746,50001.15811388301,50001.15654577269,50001.0,50001.04878048781,50001.96130952381,50001.0005058169,50001.025,50001.980273141126,50001.99003831418,50001.98064516129,50003.0,50000.32,50001.025
org.joda.time.MonthDay.getField(ILorg/joda/time/Chronology;)Lorg/joda/time/DateTimeField; 50001.979504048584,50001.0,50001.048192771086,50001.049382716046,53872.0,50002.9795092335,50002.0,50063.85698051927,50000.09411764706,50139.78525430215,50004.00921669843,50003.4,50126.71396103854,50001.998482549316,53952.0,50001.02409638554,50001.02469135803,50001.51204819277,51318.0,50001.00049566295,50001.15523010514,50001.153631074965,50001.0,50001.04705882353,50001.998483699776,50001.0005058169,50001.02409638554,50001.99924127466,50001.999620493356,50001.97991569551,50003.0,50000.29,50001.02409638554
org.joda.time.format.DateTimeFormatterBuilder$StringLiteral.estimateParsedLength()I 50001.49493927125,50001.0,50001.09090909091,50001.04761904762,50000.0,50001.99494055148,50001.0,50063.713634881104,50000.17391304348,50133.20200511901,50002.86336683318,50002.045454545456,50063.69768735767,50001.98937784522,53934.0,50001.045454545456,50001.04761904762,50001.27380952381,50188.28571428572,50001.000251572324,50001.15430334996,50001.15389284299,50002.0,50001.086956521736,50001.98943396226,50001.000252908445,50001.04761904762,50001.99468892261,50001.99733739064,50001.98997995992,50002.0,49999.9,50001.00000499945
org.joda.time.format.DateTimeFormatterBuilder$StringLiteral.estimatePrintedLength()I 50001.494686234815,50001.0,50001.086956521736,50001.045454545456,50000.0,50001.994687579056,50001.0,50063.705661626365,50000.166666666664,50133.312444858966,50002.892769319005,50002.04347826087,50063.68971207463,50001.98887202833,53933.0,50001.04347826087,50001.045454545456,50001.27272727273,50179.72727272727,50001.00025150905,50001.150755672286,50001.15033547809,50002.0,50001.083333333336,50001.98893360161,50001.000252908445,50001.045454545456,50001.99443601416,50001.99721024601,50001.98948422634,50002.0,49999.89,50001.00000476139
org.joda.time.IllegalFieldValueException.createMessage(Ljava/lang/String;Ljava/lang/Number;Ljava/lang/Number;Ljava/lang/Number;Ljava/lang/String;)Ljava/lang/String; 50002.976467611334,50002.0,50002.04210526316,50002.04301075269,53861.0,50003.976473564384,50003.0,50064.777384462875,50001.0824742268,50142.910209051515,50005.343701524886,50004.13333333333,50127.55476892576,50002.99342438037,53943.0,50002.02105263158,50002.021505376346,50002.51052631579,50305.153846153844,50002.00049419323,50002.14509525002,50002.14337786743,50002.0,50002.0412371134,50002.993445928914,50002.0005058169,50002.02105263158,50002.99671219019,50002.99835338822,50002.977008652655,50004.0,50001.17,50002.02105263158
org.joda.time.chrono.BaseChronology.get(Lorg/joda/time/ReadablePeriod;JJ)[I 50001.976467611334,50001.0,50001.04210526316,50001.04301075269,53860.0,50002.976473564384,50002.0,50063.13694553162,50000.0824742268,50140.77974478513,50004.17015387972,50001.0,50001.0,50001.95295902883,53862.0,50001.02105263158,50001.021505376346,50001.51052631579,50042.51612903226,50001.00049419323,50001.14509525002,50001.14337786743,50001.0,50001.0412371134,50001.954040029654,50001.0005058169,50001.02105263158,50001.976479514415,50001.98809980806,50001.977008652655,50003.0,50000.17,50001.02105263158
org.joda.time.Days.<init>(I)V 50001.493927125506,50001.0,50001.07692307692,50001.04,50000.0,50001.993928661774,50001.0,50063.68173577686,50000.148148148146,50133.62884864958,50002.97458337012,50002.03846153846,50063.665780135576,50001.98735457764,53930.0,50001.03846153846,50001.04,50001.27,50158.16,50001.00025131943,50001.14142135624,50001.140973341695,50002.0,50001.07407407407,50001.98743402865,50001.000252908445,50001.04,50001.993677288825,50001.99682861855,50001.988,50002.0,49999.86,50001.00000416621
org.joda.time.IllegalFieldValueException.<init>(Lorg/joda/time/DateTimeFieldType;Ljava/lang/Number;Ljava/lang/Number;Ljava/lang/Number;)V 50001.97140688259,50001.0,50001.034782608695,50001.03539823009,53840.0,50002.97141411586,50002.0,50062.975801729386,50000.068376068375,50141.36001497675,50004.26039043869,50001.0,50001.0,50001.94284269094,53842.0,50001.01739130435,50001.017699115044,50001.50869565218,50034.991150442474,50001.00049176297,50001.13187609468,50001.12997704698,50001.0,50001.03418803419,50001.94443078436,50001.0005058169,50001.01739130435,50001.97142134547,50001.9855035279,50001.97220172202,50003.0,49999.97,50001.01739130435
org.joda.time.field.BaseDurationField.getType()Lorg/joda/time/DurationFieldType; 50001.96609311741,50001.0,50001.029411764706,50001.02985074627,53819.0,50002.96610169492,50002.0,50062.80614856145,50000.057971014496,50142.30570606681,50004.40232815919,50001.0,50001.0,50001.93222053617,53821.0,50001.01470588235,50001.014925373136,50001.507352941175,50029.50746268657,50001.000489236794,50001.121267812516,50001.119194176565,50001.0,50001.02898550725,50001.93444227006,50001.0005058169,50001.01470588235,50001.966110268084,50001.982763056345,50001.96720509055,50003.0,49999.76,50001.01470588235
org.joda.time.format.DateTimeFormatter.withZoneUTC()Lorg/joda/time/format/DateTimeFormatter; 50001.490890688256,50001.0,50001.05263157895,50001.02702702703,50000.0,50001.99089299266,50001.0,50063.585940913275,50000.10256410256,50134.72986916402,50003.2360679775,50002.02631578947,50063.569960843844,50001.98128477491,53918.0,50001.02631578947,50001.02702702703,50001.26351351351,50106.86486486487,50001.00025056377,50001.11624763875,50001.115702187395,50002.0,50001.05128205128,50001.98145828113,50001.000252908445,50001.02702702703,50001.990642387456,50001.995299199596,50001.98210735586,50002.0,49999.74,50001.00000277749
org.joda.time.base.BaseSingleFieldPeriod.getValue()I 50001.94939271255,50001.0,50001.0198019802,50001.02,53753.0,50002.9494055148,50002.0,50062.26989472816,50000.03921568627,50144.87200478774,50004.760603093084,50001.0,50001.0,50001.89883662114,53755.0,50001.0099009901,50001.01,50001.50495049505,50019.77,50001.00048146365,50001.09950371902,50001.096953225046,50001.0,50001.01960784314,50001.9037072701,50001.0005058169,50001.0099009901,50001.94941831057,50001.97405293202,50001.95183044316,50003.0,49999.1,50001.0099009901
org.joda.time.chrono.BasicDayOfMonthDateTimeField.getMaximumValue()I 50001.94205465587,50001.0,50001.017316017314,50001.01746724891,53724.0,50002.94206931444,50002.0,50062.03277807867,50000.03433476395,50145.862615114434,50004.89008302616,50001.0,50001.0,50001.88416793121,53726.0,50001.00865800866,50001.008733624454,50001.50432900433,50017.26637554585,50001.000478125745,50001.09304842104,50001.09031233231,50001.0,50001.01716738197,50001.89050920392,50001.0005058169,50001.00865800866,50001.9420839656,50001.97017840865,50001.94522841425,50003.0,49998.81,50001.00865800866
org.joda.time.format.DateTimeFormatterBuilder.appendMonthOfYear(I)Lorg/joda/time/format/DateTimeFormatterBuilder; 50001.48557692308,50001.007751937985,50001.03389830508,50001.01724137931,50000.0,50001.985580571716,50001.0,50063.417946137306,50000.066666666666,50136.279703599284,50003.559264432464,50002.016949152545,50063.40192304729,50001.97066262013,53897.0,50001.016949152545,50001.01724137931,50001.25862068965,50068.1724137931,50001.00024925224,50001.09284766909,50001.09216383236,50002.0,50001.03333333333,50001.97108673978,50001.000252908445,50001.01724137931,50001.98533131007,50001.99261146497,50001.97196261682,50002.0,49999.53,50001.000001754204
org.joda.time.format.DateTimeFormatter.withZone(Lorg/joda/time/DateTimeZone;)Lorg/joda/time/format/DateTimeFormatter; 50001.48532388664,50001.0,50001.03333333333,50001.016949152545,50000.0,50001.985327599294,50001.0,50063.7694193059,50000.065573770495,50136.34564226988,50003.572114520364,50003.125,50126.5388386118,50001.99291856348,53941.0,50001.01666666667,50001.016949152545,50001.25847457627,50282.42857142857,50001.00024919013,50001.09205746179,50001.09136771094,50002.0,50001.03278688525,50001.99294354839,50001.000252908445,50001.016949152545,50001.99645928174,50001.99822650114,50001.971484759095,50002.0,49999.52,50001.00000172396
org.joda.time.chrono.BasicDayOfMonthDateTimeField.getRangeDurationField()Lorg/joda/time/DurationField; 50001.9395242915,50001.0,50001.016597510374,50001.016736401674,53714.0,50002.93953959018,50002.0,50061.95079983068,50000.0329218107,50146.18949399776,50004.931872942216,50001.0,50001.0,50001.87910976227,53716.0,50001.00829875519,50001.00836820083,50001.50414937759,50016.543933054396,50001.00047698545,50001.09109750373,50001.08829995519,50001.0,50001.016460905346,50001.88600047699,50001.0005058169,50001.00829875519,50001.93955488113,50001.96883557178,50001.94297303746,50003.0,49998.71,50001.00829875519
org.joda.time.format.DateTimeFormat.parseToken(Ljava/lang/String;[I)Ljava/lang/String; 50001.48431174089,50001.0,50001.03125,50001.01587301587,50000.0,50001.98431570959,50001.0,50063.82515419798,50000.06153846154,50138.47666350882,50003.957497987285,50003.22222222222,50126.65030839596,50001.99645928174,53948.0,50001.015625,50001.01587301587,50001.25793650794,50564.857142857145,50001.00024894199,50001.08908708064,50001.08837414913,50002.0,50001.03076923077,50001.99646553901,50001.000252908445,50001.01587301587,50001.99822964087,50001.999114036196,50001.96957801766,50002.0,49999.48,50001.00000161274
org.joda.time.field.FieldUtils.safeToInt(J)I 50001.927125506074,50001.0,50001.01379310345,50001.01388888889,53665.0,50002.92714394131,50002.0,50063.721607122265,50000.02739726027,50147.876297363495,50005.140824579656,50003.09090909091,50126.44321424454,50001.989883662114,53935.0,50001.00689655173,50001.006944444445,50001.503448275864,50197.7,50001.000471475716,50001.083045479856,50001.079962297415,50001.0,50001.01369863014,50001.98993457473,50001.0005058169,50001.00689655173,50001.99494183106,50001.997464503045,50001.9320754717,50003.0,49998.92,50001.00689655173
org.joda.time.format.DateTimeFormatterBuilder.appendDayOfMonth(I)Lorg/joda/time/format/DateTimeFormatterBuilder; 50001.48178137652,50001.030303030304,50001.02702702703,50001.01369863014,50000.0,50001.98178598533,50001.0,50063.29767250869,50000.05333333334,50137.21515053825,50003.7359242267,50002.01351351351,50063.28161847608,50001.963075366715,53882.0,50001.01351351351,50001.01369863014,50001.25684931507,50054.16438356164,50001.00024832381,50001.08276058886,50001.08199266611,50002.0,50001.026666666665,50001.96374472312,50001.000252908445,50001.01369863014,50001.98153768336,50001.99068283344,50001.96484375,50002.0,49999.38,50001.00000138875
org.joda.time.chrono.BasicMonthOfYearDateTimeField.getMaximumValue()I 50001.925860323885,50001.0,50001.01355932203,50001.01365187713,53660.0,50002.92587907918,50002.0,50061.50619802962,50000.02693602694,50147.847111932635,50005.13729897018,50001.0,50001.0,50001.85179564998,53662.0,50001.00677966102,50001.006825938566,50001.50338983051,50013.49488054607,50001.00047092065,50001.08233869696,50001.07922764129,50001.0,50001.013468013465,50001.86202024959,50001.0005058169,50001.00677966102,50001.925897824985,50001.961523309255,50001.93097762073,50003.0,49998.17,50001.00677966102
org.joda.time.format.DateTimeFormat.createFormatterForPattern(Ljava/lang/String;)Lorg/joda/time/format/DateTimeFormatter; 50001.48026315789,50001.00518134715,50001.025,50001.012658227846,50000.0,50001.98026815077,50001.0,50063.85698051927,50000.049382716046,50141.536117638876,50004.43602218777,50003.4,50126.71396103854,50001.998482549316,53952.0,50001.0125,50001.012658227846,50001.25632911392,51318.0,50001.00024795438,50001.079555728415,50001.07875656238,50002.0,50001.02469135803,50001.998483699776,50001.000252908445,50001.012658227846,50001.99924127466,50001.999620493356,50001.962025316454,50002.0,50000.0,50001.00000128192
org.joda.time.field.ImpreciseDateTimeField$LinkedDurationField.getDifference(JJ)I 50001.478238866395,50001.0,50001.02272727273,50001.011494252874,50000.0,50001.97824437136,50001.0,50063.18520724417,50000.04494382023,50138.00348765951,50003.87638983719,50002.01136363636,50063.16912416948,50001.9559939302,53868.0,50001.01136363636,50001.011494252874,50001.25574712644,50045.44827586207,50001.0002474635,50001.07580980436,50001.07497071825,50002.0,50001.02247191011,50001.95694135115,50001.000252908445,50001.011494252874,50001.9779969651,50001.9888761028,50001.958292919495,50002.0,49999.24,50001.00000116267
org.joda.time.field.ImpreciseDateTimeField.getDifference(JJ)I 50001.4762145749,50001.0,50001.020833333336,50001.01052631579,50000.0,50001.976220591954,50001.0,50063.12084996199,50000.0412371134,50138.42522887885,50003.94878953383,50002.010416666664,50063.1047502209,50001.95194739504,53860.0,50001.010416666664,50001.01052631579,50001.255263157895,50041.62105263158,50001.00024697456,50001.07254762501,50001.07167035664,50002.0,50001.0206185567,50001.95307483329,50001.000252908445,50001.01052631579,50001.975973697525,50001.98784077819,50001.954589371984,50002.0,49999.16,50001.00000106372
org.joda.time.format.DateTimeFormatter.getParser()Lorg/joda/time/format/DateTimeParser; 50001.47241902834,50001.0,50001.01801801802,50001.009090909094,50000.0,50001.97242600557,50001.0,50063.0,50000.03571428572,50139.17017567292,50004.07250817882,50002.00900900901,50062.98386886925,50001.94436014163,53845.0,50001.00900900901,50001.009090909094,50001.25454545455,50035.94545454546,50001.00024606299,50001.06741998625,50001.06647508275,50002.0,50001.017857142855,50001.94586614173,50001.000252908445,50001.009090909094,50001.972180070814,50001.98589381893,50001.947721822544,50002.0,49999.01,50001.00000091734
org.joda.time.field.ImpreciseDateTimeField$LinkedDurationField.add(JI)J 50001.46963562753,50001.0,50001.016393442624,50001.00826446281,50000.0,50001.96964330888,50001.0,50062.91122676866,50000.03252032521,50139.68432031412,50004.15506753495,50002.00819672131,50062.89507250178,50001.938796155795,53834.0,50001.00819672131,50001.00826446281,50001.25413223141,50032.67768595041,50001.000245398776,50001.06428243465,50001.06329070595,50002.0,50001.0162601626,50001.94061349693,50001.000252908445,50001.00826446281,50001.9693980779,50001.98446128162,50001.942748091606,50002.0,49998.9,50001.00000083325
org.joda.time.chrono.BaseChronology.validate(Lorg/joda/time/ReadablePartial;[I)V 50001.87069838057,50001.0,50001.007797270955,50001.00782778865,53442.0,50002.87073109031,50002.0,50063.84106937346,50000.015533980586,50153.423480599835,50005.763781212,50003.28571428572,50126.68213874692,50001.99747091553,53950.0,50001.00389863548,50001.003913894325,50001.50194931774,50790.8,50001.00044792833,50001.062439054105,50001.05826264324,50001.0,50001.00776699029,50001.99747410962,50001.0005058169,50001.00389863548,50001.99873545777,50001.99936732886,50001.885503024874,50003.0,49998.95,50001.00389863548
org.joda.time.format.DateTimeFormatterBuilder.append0(Lorg/joda/time/format/DateTimePrinter;Lorg/joda/time/format/DateTimeParser;)Lorg/joda/time/format/DateTimeFormatterBuilder; 50001.46584008097,50001.030303030304,50001.01459854015,50001.007352941175,50000.0,50001.96584872249,50001.0,50062.789966823104,50000.02898550725,50140.348819202634,50004.258673048746,50002.00729927007,50062.77378084592,50001.93120890238,53819.0,50001.00729927007,50001.007352941175,50001.25367647059,50029.07352941176,50001.00024449878,50001.06063390626,50001.059581478774,50002.0,50001.014492753624,50001.93349633252,50001.000252908445,50001.007352941175,50001.96560445119,50001.98250128667,50001.93604926575,50002.0,49998.75,50001.00000074066
org.joda.time.format.DateTimeFormatterBuilder.appendDecimal(Lorg/joda/time/DateTimeFieldType;II)Lorg/joda/time/format/DateTimeFormatterBuilder; 50002.46406882591,50002.030303030304,50002.01388888889,50002.006993006995,50001.0,50002.96407791551,50002.0,50064.53798845502,50001.027586206896,50142.45779122537,50005.424605387685,50004.044444444444,50127.07597691003,50002.978249873544,53913.0,50002.006944444445,50002.006993006995,50002.253496503494,50092.95348837209,50002.000244081035,50002.0591312396,50002.05805157629,50003.0,50002.01379310345,50002.9784838629,50002.000252908445,50002.006993006995,50002.98912493677,50002.994532739984,50002.93295561851,50003.0,49999.69,50002.00000070415
org.joda.time.chrono.AssembledChronology.months()Lorg/joda/time/DurationField; 50001.84488866397,50001.0,50001.006504065044,50001.006525285484,53340.0,50002.84492790286,50002.0,50058.80138406647,50000.01296596434,50155.488705970296,50005.97582523872,50001.0,50001.0,50001.689934243805,53342.0,50001.00325203252,50001.00326264274,50001.50162601626,50006.45024469821,50001.00043792424,50001.05702659485,50001.052417605926,50001.0,50001.00648298217,50001.73155244143,50001.0005058169,50001.00325203252,50001.8449671219,50001.91596984236,50001.865717415116,50003.0,49994.97,50001.00325203252
org.joda.time.base.BaseSingleFieldPeriod.<init>(I)V 50001.45495951417,50001.0,50001.01111111111,50001.00558659218,50000.0,50001.95497090817,50001.0,50062.44102863722,50000.02209944752,50142.07153322814,50004.51307046103,50002.00555555556,50062.42475071175,50001.909458775925,53776.0,50001.00555555556,50001.00558659218,50001.25279329609,50022.08938547486,50001.00024195499,50001.05285164226,50001.05164085648,50002.0,50001.011049723755,50001.9133801113,50001.000252908445,50001.00558659218,50001.95472938796,50001.976840470954,50001.9173630455,50002.0,49998.32,50001.00000056174
org.joda.time.DurationFieldType$StandardDurationFieldType.getField(Lorg/joda/time/Chronology;)Lorg/joda/time/DurationField; 50001.80971659919,50001.0,50001.00530503979,50001.005319148935,53201.0,50002.80976473564,50002.0,50063.85698051927,50000.01058201058,50158.15248756562,50006.23666099739,50003.4,50126.71396103854,50001.998482549316,53952.0,50001.00265251989,50001.00265957447,50001.501326259946,51318.0,50001.000424989375,50001.05150262026,50001.0463442487,50002.0,50001.00529100529,50001.998483699776,50001.0005058169,50001.00265251989,50001.99924127466,50001.999620493356,50001.84013605442,50003.0,50000.0,50001.00265251989
org.joda.time.field.PreciseDurationField.getDifferenceAsLong(JJ)J 50001.44939271255,50001.0,50001.0099009901,50001.00497512438,50000.0,50001.9494055148,50001.0,50062.26173356998,50000.0197044335,50142.87200478774,50004.62520835591,50002.00495049505,50062.24540799113,50001.89833080425,53754.0,50001.00495049505,50001.00497512438,50001.25248756219,50019.67164179104,50001.000240673886,50001.04987546681,50001.04859057664,50002.0,50001.00985221675,50001.90324909747,50001.000252908445,50001.00497512438,50001.949165402126,50001.97391981316,50001.908088235294,50002.0,49998.1,50001.00000049995
org.joda.time.field.BaseDurationField.getDifference(JJ)I 50001.449139676115,50001.0,50001.00985221675,50001.00495049505,50000.0,50001.94915254237,50001.0,50062.25357132445,50000.01960784314,50142.90731604277,50004.63007532687,50002.00492610838,50062.23724356958,50001.897824987354,53753.0,50001.00492610838,50001.00495049505,50001.25247524752,50019.574257425746,50001.00024061598,50001.04975185951,50001.04846369232,50002.0,50001.009803921566,50001.90279114533,50001.000252908445,50001.00495049505,50001.94891249368,50001.97378665974,50001.90767110703,50002.0,49998.09,50001.000000497464
org.joda.time.chrono.BasicGJChronology.getDaysInMonthMaxForSet(JI)I 50001.7887145749,50001.0,50001.00477897252,50001.00479041916,53118.0,50002.788768024286,50002.0,50056.84800802177,50000.009535160905,50159.62623571762,50006.37553407148,50001.0,50001.0,50001.57764289327,53120.0,50001.00238948626,50001.00239520958,50001.50119474313,50004.73532934132,50001.00041762372,50001.04888237167,50001.04341224067,50001.0,50001.00476758045,50001.65128419294,50001.0005058169,50001.00238948626,50001.78882144664,50001.88194542627,50001.82556925005,50003.0,49992.75,50001.00238948626
org.joda.time.format.DateTimeFormatterBuilder.appendLiteral(C)Lorg/joda/time/format/DateTimeFormatterBuilder; 50001.442813765185,50001.030303030304,50001.008771929824,50001.004405286345,50000.0,50001.942828231724,50001.0,50062.049160518385,50000.01746724891,50143.76316554239,50004.746104160105,50002.004385964916,50062.03277807867,50001.885179565,53728.0,50001.004385964916,50001.004405286345,50001.25220264317,50017.41850220264,50001.00023917723,50001.046932325444,50001.04556451583,50002.0,50001.008733624454,50001.89141353743,50001.000252908445,50001.004405286345,50001.9425897825,50001.970446556435,50001.897366030884,50002.0,49997.84,50001.00000044244
org.joda.time.format.DateTimeFormatterBuilder$CharacterLiteral.estimatePrintedLength()I 50001.44180161943,50001.0,50001.00862068965,50001.00432900433,50000.0,50001.94181634202,50001.0,50062.01639124039,50000.01716738197,50143.89562005211,50004.76374160751,50002.004310344826,50062.0,50001.88315629742,53724.0,50001.004310344826,50001.00432900433,50001.25216450216,50017.11688311688,50001.000238948625,50001.04652421052,50001.04514403718,50002.0,50001.008583690986,50001.88960573477,50001.000252908445,50001.00432900433,50001.94157814871,50001.969910121144,50001.89573889392,50002.0,49997.8,50001.00000043474
org.joda.time.format.DateTimeFormatterBuilder$NumberFormatter.estimateParsedLength()I 50001.441548582996,50001.0,50001.008583690986,50001.004310344826,50000.0,50001.94156336959,50001.0,50062.00819617068,50000.017094017094,50143.928553317586,50004.76811413754,50002.00429184549,50061.991802727905,50001.882650480526,53723.0,50001.00429184549,50001.004310344826,50001.25215517241,50017.043103448275,50001.000238891545,50001.046423834545,50001.04504058549,50002.0,50001.00854700855,50001.88915432394,50001.000252908445,50001.004310344826,50001.94132524027,50001.96977592496,50001.895333031265,50002.0,49997.79,50001.000000432854
org.joda.time.format.DateTimeFormatterBuilder$CharacterLiteral.estimateParsedLength()I 50001.44129554656,50001.0,50001.00854700855,50001.00429184549,50000.0,50001.94131039717,50001.0,50062.0,50000.017021276595,50143.96141537574,50004.77247216182,50002.00427350427,50061.983604353954,50001.88214466363,53722.0,50001.00427350427,50001.00429184549,50001.25214592275,50016.96995708154,50001.00023883449,50001.04632410546,50001.044937786704,50002.0,50001.0085106383,50001.88870312873,50001.000252908445,50001.00429184549,50001.941072331814,50001.96964169381,50001.89492753623,50002.0,49997.78,50001.00000043099
org.joda.time.format.DateTimeFormatterBuilder$PaddedNumber.estimatePrintedLength()I 50001.44053643725,50001.030303030304,50001.008438818564,50001.004237288136,50000.0,50001.940551479885,50001.0,50061.9754048777,50000.01680672269,50144.05957888077,50004.785460304476,50002.00421940928,50061.95900261651,50001.88062721295,53719.0,50001.00421940928,50001.004237288136,50001.252118644064,50016.754237288136,50001.00023866349,50001.046028730896,50001.044633238664,50002.0,50001.008403361346,50001.88735083532,50001.000252908445,50001.004237288136,50001.94031360647,50001.96923879041,50001.89371325192,50002.0,49997.75,50001.00000042549
org.joda.time.format.DateTimeFormatterBuilder.isParser(Ljava/lang/Object;)Z 50001.437753036436,50001.00787401575,50001.00806451613,50001.004048582996,50000.0,50001.9377687832,50001.0,50063.45798587851,50000.016064257026,50145.61181218015,50004.98521555454,50003.03636363636,50125.915971757015,50001.9731917046,53902.0,50001.00403225807,50001.004048582996,50001.2520242915,50074.6037735849,50001.00023803856,50001.04499212707,50001.04356344129,50002.0,50001.00803212851,50001.973546293986,50001.000252908445,50001.004048582996,50001.9865958523,50001.99325270528,50001.88928892889,50002.0,49998.59,50001.000000406464
org.joda.time.format.DateTimeFormatterBuilder.isPrinter(Ljava/lang/Object;)Z 50001.437753036436,50001.00787401575,50001.00806451613,50001.004048582996,50000.0,50001.9377687832,50001.0,50063.85698051927,50000.016064257026,50145.61181218015,50004.98521555454,50003.4,50126.71396103854,50001.998482549316,53952.0,50001.00403225807,50001.004048582996,50001.2520242915,51318.0,50001.00023803856,50001.04499212707,50001.04356344129,50002.0,50001.00803212851,50001.998483699776,50001.000252908445,50001.004048582996,50001.99924127466,50001.999620493356,50001.88928892889,50002.0,50000.0,50001.000000406464
org.joda.time.format.DateTimeFormatterBuilder.getFormatter()Ljava/lang/Object; 50001.437246963564,50001.00787401575,50001.008,50001.00401606426,50000.0,50001.93726283835,50001.0,50063.85698051927,50000.01593625498,50145.70043191249,50004.996318649515,50003.4,50126.71396103854,50001.998482549316,53952.0,50001.004,50001.00401606426,50001.25200803213,51318.0,50001.00023792529,50001.04481107149,50001.043376422705,50002.0,50001.00796812749,50001.998483699776,50001.000252908445,50001.00401606426,50001.99924127466,50001.999620493356,50001.888489208635,50002.0,50000.0,50001.00000040318
org.joda.time.format.DateTimeFormatterBuilder.append0(Ljava/lang/Object;)Lorg/joda/time/format/DateTimeFormatterBuilder; 50001.43370445344,50001.030303030304,50001.007575757576,50001.00380228137,50000.0,50001.933721224384,50001.0,50061.753600716336,50000.01509433962,50144.91628322025,50004.89697498789,50002.003787878784,50061.737138556244,50001.8669701568,53692.0,50001.003787878784,50001.00380228137,50001.251901140684,50015.03422053232,50001.000237135406,50001.04360207202,50001.04212626967,50002.0,50001.007547169815,50001.87526677733,50001.000252908445,50001.00380228137,50001.9334850784,50001.965598430346,50001.882931188564,50002.0,49997.48,50001.00000038164
org.joda.time.format.DateTimeFormatterBuilder.toFormatter()Lorg/joda/time/format/DateTimeFormatter; 50001.43092105263,50001.030303030304,50001.00727272727,50001.00364963504,50000.0,50001.9309385277,50001.0,50063.85698051927,50000.014492753624,50145.433162252506,50004.962738079725,50003.4,50126.71396103854,50001.998482549316,53952.0,50001.00363636364,50001.00364963504,50001.25182481752,51318.0,50001.00023651845,50001.04271788288,50001.04121042859,50002.0,50001.00724637681,50001.998483699776,50001.000252908445,50001.00364963504,50001.99924127466,50001.999620493356,50001.87861271676,50002.0,50000.0,50001.000000366264
org.joda.time.DateTimeUtils.getChronology(Lorg/joda/time/Chronology;)Lorg/joda/time/Chronology; 50001.7112854251,50001.0,50001.003499562554,50001.00350569676,52812.0,50002.71135846193,50002.0,50054.037722424706,50000.00698689956,50184.72060911079,50008.34783913452,50001.0,50001.0,50001.422862923624,52814.0,50001.00174978128,50001.00175284838,50001.50087489064,50003.465381244525,50001.000392541704,50001.04183038701,50001.035278802694,50001.0,50001.00349344978,50001.55210991168,50001.0005058169,50001.00174978128,50001.71143146181,50001.831387616374,50001.77596701355,50003.0,49989.69,50001.00174978128
org.joda.time.chrono.BasicChronology.getYearMonthMillis(II)J 50001.42687246964,50001.0,50001.00687285223,50001.003448275864,50000.0,50001.92689096888,50001.0,50061.530983801684,50000.01369863014,50145.72986916402,50005.0,50002.003436426116,50061.51446108163,50001.853313100655,53665.0,50001.003436426116,50001.003448275864,50001.25172413793,50013.63448275862,50001.000235626765,50001.04152273993,50001.03997023682,50002.0,50001.00684931507,50001.86333647502,50001.000252908445,50001.003448275864,50001.92665655033,50001.96193226569,50001.87240618101,50002.0,49997.21,50001.000000345986
org.joda.time.format.DateTimeFormatterBuilder.<init>()V 50001.42611336032,50001.030303030304,50001.00680272109,50001.00341296929,50000.0,50001.92613205161,50001.0,50061.50619802962,50000.01355932203,50145.81787665465,50005.01098585022,50002.00340136055,50061.48966853935,50001.85179564998,53662.0,50001.00340136055,50001.00341296929,50001.25170648464,50013.49488054607,50001.00023546033,50001.041309619235,50001.03974879295,50002.0,50001.00677966102,50001.86202024959,50001.000252908445,50001.00341296929,50001.925897824985,50001.961523309255,50001.87125220458,50002.0,49997.18,50001.00000034243
org.joda.time.chrono.BasicChronology.getDayOfMonth(J)I 50001.68168016194,50001.0,50001.003174603175,50001.00317965024,52695.0,50002.68176068809,50002.0,50052.92301994299,50000.006339144216,50166.19816486595,50006.955526484024,50001.0,50001.0,50001.36368234699,52697.0,50001.00158730159,50001.00158982512,50001.5007936508,50003.14308426073,50001.00038372986,50001.03984095364,50001.032894254866,50001.0,50001.003169572105,50001.51726784344,50001.0005058169,50001.00158730159,50001.68184117349,50001.81082706767,50001.7585412668,50003.0,49988.52,50001.00158730159
org.joda.time.base.AbstractPartial.<init>()V 50001.68016194332,50001.0,50001.00315955766,50001.00316455696,52689.0,50002.68024285353,50002.0,50052.86520991956,50000.006309148266,50166.28264683328,50006.9626150026,50001.0,50001.0,50001.360647445625,52691.0,50001.00157977883,50001.001582278484,50001.50078988942,50003.12816455696,50001.000383288614,50001.03974643168,50001.03277964978,50001.0,50001.00315457413,50001.51552318896,50001.0005058169,50001.00157977883,50001.680323722816,50001.80975316075,50001.75766871166,50003.0,49988.46,50001.00157977883
org.joda.time.chrono.BasicDayOfMonthDateTimeField.get(J)I 50001.67181174089,50001.0,50001.00307929176,50001.003084040094,52656.0,50002.67189476347,50002.0,50052.54609587544,50000.00614911607,50166.74375537475,50007.00115707266,50001.0,50001.0,50001.34395548811,52658.0,50001.001539645884,50001.00154202004,50001.50076982294,50003.04857363146,50001.000380879836,50001.039238321595,50001.032161346055,50001.0,50001.00307455803,50001.50599885736,50001.0005058169,50001.001539645884,50001.67197774406,50001.80381182877,50001.7529053153,50003.0,49988.13,50001.001539645884
org.joda.time.chrono.BasicChronology.getDayOfMonth(JII)I 50001.66801619433,50001.00900900901,50001.00304414003,50001.00304878049,52641.0,50002.66810017708,50002.0,50052.40038910358,50000.00607902736,50166.95140971657,50007.01843339687,50001.0,50001.0,50001.3363682347,52643.0,50001.001522070015,50001.001524390245,50001.50076103501,50003.01371951219,50001.00037979491,50001.03901371573,50001.03188679067,50001.0,50001.00303951368,50001.5017090771,50001.0005058169,50001.001522070015,50001.66818411735,50001.80109157065,50001.75075987842,50003.0,49987.98,50001.001522070015
org.joda.time.chrono.GregorianChronology.getApproxMillisAtEpochDividedByTwo()J 50001.65156882591,50001.0,50001.002900652646,50001.00290486565,52576.0,50002.65165696939,50002.0,50051.76416058599,50000.00579290369,50167.83781979457,50007.091629554605,50001.0,50001.0,50001.30349013657,52578.0,50001.00145032632,50001.00145243282,50001.50072516316,50002.87145969499,50001.000375164134,50001.038083150124,50001.03074064768,50001.0,50001.00289645185,50001.48339898706,50001.0005058169,50001.00145032632,50001.65174506829,50001.78915939366,50001.74160255207,50003.0,49987.33,50001.00145032632
org.joda.time.chrono.GregorianChronology.getAverageMillisPerYearDividedByTwo()J 50001.65156882591,50001.0,50001.002900652646,50001.00290486565,52576.0,50002.65165696939,50002.0,50051.76416058599,50000.00579290369,50167.83781979457,50007.091629554605,50001.0,50001.0,50001.30349013657,52578.0,50001.00145032632,50001.00145243282,50001.50072516316,50002.87145969499,50001.000375164134,50001.038083150124,50001.03074064768,50001.0,50001.00289645185,50001.48339898706,50001.0005058169,50001.00145032632,50001.65174506829,50001.78915939366,50001.74160255207,50003.0,49987.33,50001.00145032632
org.joda.time.chrono.BasicChronology.getYearInfo(I)Lorg/joda/time/chrono/BasicChronology$YearInfo; 50001.612601214576,50001.0,50001.00260926288,50001.00261267146,52422.0,50002.61269921579,50002.0,50063.209324059986,50000.005211726384,50169.85786425704,50007.255237413,50003.023255813954,50125.418648119965,50001.95751138088,53871.0,50001.00130463144,50001.001306335726,50001.50065231572,50047.07142857143,50001.00036463081,50001.03611968219,50001.02827045818,50001.0,50001.00260586319,50001.95839524517,50001.0005058169,50001.00130463144,50001.97875569044,50001.98926380368,50001.72077329929,50003.0,49998.28,50001.00130463144
org.joda.time.chrono.BasicChronology.getYearMillis(I)J 50001.612601214576,50001.0,50001.00260926288,50001.00261267146,52422.0,50002.61269921579,50002.0,50050.22397789695,50000.005211726384,50169.85786425704,50007.255237413,50001.0,50001.0,50001.22559433485,52424.0,50001.00130463144,50001.001306335726,50001.50065231572,50002.582625734816,50001.00036463081,50001.03611968219,50001.02827045818,50001.0,50001.00260586319,50001.441750227896,50001.0005058169,50001.00130463144,50001.61279716743,50001.759918456955,50001.72077329929,50003.0,49985.79,50001.00130463144
org.joda.time.chrono.AssembledChronology.dayOfMonth()Lorg/joda/time/DateTimeField; 50001.59261133603,50001.0,50001.00248138958,50001.00248447205,52343.0,50002.59271439413,50002.0,50049.41487374764,50000.00495662949,50170.85467445949,50007.33441436089,50001.0,50001.0,50001.185634800204,52345.0,50001.001240694786,50001.00124223602,50001.5006203474,50002.45590062112,50001.00035945363,50001.03522349768,50001.027115489975,50001.0,50001.002478314746,50001.421279654925,50001.0005058169,50001.001240694786,50001.5928174001,50001.74436328993,50001.7105357785,50003.0,49985.0,50001.001240694786
org.joda.time.chrono.AssembledChronology.monthOfYear()Lorg/joda/time/DateTimeField; 50001.58552631579,50001.0,50001.00243902439,50001.00244200244,52315.0,50002.58563116621,50002.0,50049.124837662064,50000.00487210719,50171.20208185371,50007.36177747879,50001.0,50001.0,50001.17147192716,52317.0,50001.001219512196,50001.00122100122,50001.5006097561,50002.41391941392,50001.00035765379,50001.03492151479,50001.02672183532,50001.0,50001.00243605359,50001.41416309013,50001.0005058169,50001.001219512196,50001.585735963585,50001.73875598086,50001.706976744186,50003.0,49984.72,50001.001219512196
org.joda.time.chrono.AssembledChronology.getParam()Ljava/lang/Object; 50001.43825910931,50001.0,50001.00180018002,50001.0018018018,51733.0,50002.43840121427,50002.0,50042.641325627315,50000.003597122304,50177.84674512157,50007.86417336302,50001.0,50001.0,50000.877086494685,51735.0,50001.00090009001,50001.0009009009,50001.500450045,50001.781081081084,50001.0003239391,50001.03000150011,50001.019861335444,50001.0,50001.00179856115,50001.28085519922,50001.0005058169,50001.00090009001,50001.43854324734,50001.60970464135,50001.64031108231,50003.0,49978.9,50001.00090009001
org.joda.time.chrono.AssembledChronology.getZone()Lorg/joda/time/DateTimeZone; 50001.37398785425,50001.0,50001.00161550889,50001.00161681487,51479.0,50002.37414621806,50002.0,50039.47076812334,50000.00322841001,50180.469189625794,50008.05261089681,50001.0,50001.0,50000.74860900354,51481.0,50001.00080775444,50001.000808407436,50001.500403877224,50001.598221503635,50001.00031113877,50001.02842102114,50001.017380746554,50001.0,50001.001614205,50001.23024268824,50001.0005058169,50001.00080775444,50001.37430450177,50001.54471843946,50001.61500155618,50003.0,49976.36,50001.00080775444
org.joda.time.chrono.AssembledChronology.days()Lorg/joda/time/DurationField; 50001.33274291498,50001.0,50001.003016591254,50001.00151057402,50000.0,50001.83278522641,50001.0,50058.375953151124,50000.00602409639,50154.439789428376,50005.97090738843,50002.00150829562,50058.3585215988,50001.66514921599,53293.0,50001.00150829562,50001.00151057402,50001.25075528701,50005.97280966768,50001.00021663778,50001.02748248549,50001.02507526368,50002.0,50001.00301204819,50001.713171577125,50001.000252908445,50001.00151057402,50001.83257460799,50001.90863924924,50001.74933636709,50002.0,49993.49,50001.00000015127
org.joda.time.field.PreciseDurationField.add(JI)J 50001.295293522264,50001.0,50001.002466091246,50001.0012345679,50000.0,50001.795345307364,50001.0,50057.071383075505,50000.00492610838,50157.17279447067,50006.23859955586,50002.00123304562,50057.05354582897,50001.59028831563,53145.0,50001.00123304562,50001.0012345679,50001.25061728395,50004.88148148148,50001.00020990764,50001.02484519975,50001.02215323412,50002.0,50001.00246305419,50001.65994962217,50001.000252908445,50001.0012345679,50001.79514415781,50001.88588334742,50001.70951526032,50002.0,49992.01,50001.0000001236
org.joda.time.Days.getFieldType()Lorg/joda/time/DurationFieldType; 5013.498987854251,5013.0,5013.333333333333,5013.2,5012.0,5013.998988110296,5013.0,5075.8410693734595,5012.571428571428,5142.7298691640135,5014.0,5014.166666666667,5075.825154197981,5013.9974709155285,8962.0,5013.166666666667,5013.2,5013.35,5802.8,5013.000252589038,5013.316227766017,5013.316027669974,5014.0,5013.285714285715,5013.997474109624,5013.000252908447,5013.2,5013.998735457764,5013.999367328863,5013.9979797979795,5014.0,5011.8,5013.00002499625
org.joda.time.Months.getFieldType()Lorg/joda/time/DurationFieldType; 5013.498987854251,5013.0,5013.333333333333,5013.2,5012.0,5013.998988110296,5013.0,5075.8410693734595,5012.571428571428,5142.7298691640135,5014.0,5014.166666666667,5075.825154197981,5013.9974709155285,8962.0,5013.166666666667,5013.2,5013.35,5802.8,5013.000252589038,5013.316227766017,5013.316027669974,5014.0,5013.285714285715,5013.997474109624,5013.000252908447,5013.2,5013.998735457764,5013.999367328863,5013.9979797979795,5014.0,5011.8,5013.00002499625
org.joda.time.base.BaseSingleFieldPeriod.size()I 5013.994686234818,5013.0,5013.173913043478,5013.190476190476,8944.0,5014.994687579054,5014.0,5075.713634881101,5012.32,5147.31244485897,5015.140695142928,5013.0,5013.0,5013.98937784522,8946.0,5013.086956521739,5013.0952380952385,5013.54347826087,5200.285714285715,5013.000503144654,5013.29488391231,5013.294099396806,5013.0,5013.16,5013.989433962264,5013.0005058168945,5013.086956521739,5013.99468892261,5013.997337390643,5013.994714321671,5015.0,5012.89,5013.086956521739
org.joda.time.Months.months(I)Lorg/joda/time/Months; 5013.498734817814,5013.0,5013.285714285715,5013.166666666667,5012.0,5013.99873513787,5013.0,5075.856980519271,5012.5,5145.420284923837,5014.921045486141,5015.4,5138.713961038542,5013.9984825493175,8964.0,5013.142857142857,5013.166666666667,5013.333333333333,6330.0,5013.000252525252,5013.288675134595,5013.288455924633,5014.0,5013.25,5013.998483699773,5013.000252908447,5013.166666666667,5013.999241274659,5013.999620493359,5013.997476022211,5014.0,5012.0,5013.0000199972
org.joda.time.format.DateTimeFormatterBuilder.checkParser(Lorg/joda/time/format/DateTimeParser;)V 5013.498228744939,5013.030303030303,5013.222222222223,5013.125,5012.0,5013.998229193018,5013.0,5075.8410693734595,5012.4,5143.892146824182,5014.50597117915,5015.285714285715,5138.68213874692,5013.9974709155285,8962.0,5013.111111111111,5013.125,5013.3125,5802.8,5013.000252397779,5013.25,5013.249746843402,5014.0,5013.2,5013.997474109624,5013.000252908447,5013.125,5013.998735457764,5013.999367328863,5013.996469994957,5014.0,5011.5,5013.000014283878
org.joda.time.MonthDay.<init>(II)V 5013.989372469636,5013.0,5013.090909090909,5013.0952380952385,8923.0,5014.989375158108,5014.0,5075.5459830844475,5012.173913043478,5149.210609862422,5015.545729895021,5013.0,5013.0,5013.97875569044,8925.0,5013.045454545455,5013.047619047619,5013.522727272727,5106.142857142857,5013.0005005005005,5013.2132007163555,5013.212064791733,5013.0,5013.086956521739,5013.978978978979,5013.0005058168945,5013.045454545455,5013.98937784522,5013.9946605644545,5013.989484226339,5015.0,5012.68,5013.045454545455
org.joda.time.chrono.BasicGJChronology.getDaysInMonthMax(I)I 5013.983805668016,5013.111111111111,5013.060606060606,5013.0625,8901.0,5014.983809764735,5014.0,5075.369864518051,5012.117647058823,5150.7298691640135,5015.828427124746,5013.0,5013.0,5013.9676277187655,8903.0,5013.030303030303,5013.03125,5013.515151515152,5073.78125,5013.000497760079,5013.174077655955,5013.172662366977,5013.0,5013.058823529412,5013.968143354903,5013.0005058168945,5013.030303030303,5013.983813859383,5013.991840897501,5013.98406374502,5015.0,5012.46,5013.030303030303
org.joda.time.format.DateTimeFormatterBuilder$StringLiteral.<init>(Ljava/lang/String;)V 5013.495698380567,5013.0,5013.105263157895,5013.055555555556,5012.0,5013.995699468758,5013.0,5075.737548565433,5012.2,5144.852974789631,5014.767231061751,5014.0526315789475,5075.7216071222665,5013.990895295903,8949.0,5013.0526315789475,5013.055555555556,5013.277777777777,5231.666666666667,5013.000251762336,5013.166666666667,5013.166286684208,5014.0,5013.1,5013.9909365558915,5013.000252908447,5013.055555555556,5013.995447647952,5013.997718631179,5013.991470145509,5014.0,5011.93,5013.000005881696
org.joda.time.Days.days(I)Lorg/joda/time/Days; 5013.493927125506,5013.0,5013.076923076923,5013.04,5012.0,5013.9939286617755,5013.0,5075.856980519271,5012.148148148148,5146.812631694312,5015.254498287934,5015.4,5138.713961038542,5013.9984825493175,8964.0,5013.038461538462,5013.04,5013.27,6330.0,5013.000251319427,5013.1414213562375,5013.140973341698,5014.0,5013.074074074074,5013.998483699773,5013.000252908447,5013.04,5013.999241274659,5013.999620493359,5013.988,5014.0,5012.0,5013.000004166215
org.joda.time.MonthDay.getFieldType(I)Lorg/joda/time/DateTimeFieldType; 5013.974190283401,5013.0,5013.038461538462,5013.0392156862745,8863.0,5014.974196812547,5014.0,5075.064482596732,5012.075471698113,5152.829374102375,5016.177971827811,5013.0,5013.0,5013.948406676783,8865.0,5013.0192307692305,5013.019607843137,5013.509615384615,5050.764705882353,5013.000493096647,5013.1386750490565,5013.136873768586,5013.0,5013.037735849057,5013.949704142012,5013.0005058168945,5013.0192307692305,5013.974203338392,5013.986933128363,5013.974839664529,5015.0,5012.08,5013.0192307692305
org.joda.time.MonthDay.size()I 5013.972925101215,5013.0,5013.036697247707,5013.0373831775705,8858.0,5014.972931950418,5014.0,5075.024188829842,5012.072072072072,5153.073949596802,5016.216221452697,5013.0,5013.0,5013.945877592311,8860.0,5013.018348623853,5013.018691588785,5013.5091743119265,5048.953271028037,5013.000492489535,5013.135457092296,5013.133610765733,5013.0,5013.036036036036,5013.947303619798,5013.0005058168945,5013.018348623853,5013.972938796156,5013.986283809768,5013.973638827298,5015.0,5012.03,5013.018348623853
org.joda.time.chrono.BasicChronology.getDaysInMonthMax()I 5013.951163967611,5013.0,5013.0205128205125,5013.020725388601,8772.0,5014.951176321781,5014.0,5074.3269924258475,5012.040609137056,5156.622313153463,5016.727256898773,5013.0,5013.0,5013.902377339403,8774.0,5013.010256410256,5013.010362694301,5013.505128205128,5032.4870466321245,5013.000482276344,5013.101273936708,5013.098770075797,5013.0,5013.0203045685275,5013.906920665541,5013.0005058168945,5013.010256410256,5013.951188669702,5013.974983797796,5013.95343787696,5015.0,5011.17,5013.010256410256
org.joda.time.chrono.BasicMonthOfYearDateTimeField.getMinimumValue()I 5013.926366396761,5013.0,5013.013651877133,5013.0137457044675,8674.0,5014.926385024032,5014.0,5073.522723005496,5012.027118644068,5159.788591273245,5017.130220588447,5013.0,5013.0,5013.8528072837635,8676.0,5013.006825938566,5013.006872852234,5013.503412969283,5025.587628865979,5013.000471142521,5013.0826192384775,5013.079519306551,5013.0,5013.013559322034,5013.862897526502,5013.0005058168945,5013.006825938566,5013.926403641882,5013.96179598267,5013.931416450625,5015.0,5010.19,5013.006825938566
org.joda.time.DateTimeFieldType.getName()Ljava/lang/String; 5013.926113360324,5013.0,5013.013605442177,5013.013698630137,8673.0,5014.926132051606,5014.0,5073.514461081629,5012.027027027027,5159.817876654649,5017.133764324515,5013.0,5013.0,5013.852301466869,8675.0,5013.006802721088,5013.006849315068,5013.503401360545,5025.541095890411,5013.000471031559,5013.082478609885,5013.079373111861,5013.0,5013.013513513513,5013.862458784739,5013.0005058168945,5013.006802721088,5013.926150733434,5013.961659663865,5013.931196983977,5015.0,5010.18,5013.006802721088
org.joda.time.field.ImpreciseDateTimeField.getDurationField()Lorg/joda/time/DurationField; 5013.924342105263,5013.0,5013.013289036545,5013.0133779264215,8666.0,5014.924361244624,5014.0,5073.456596000768,5012.026402640264,5160.021485629804,5017.1583189470975,5013.0,5013.0,5013.848760748609,8668.0,5013.006644518273,5013.006688963211,5013.503322259136,5025.224080267559,5013.00047025629,5013.081513914594,5013.078369688072,5013.0,5013.013201320132,5013.859393369386,5013.0005058168945,5013.006644518273,5013.924380374305,5013.960704428966,5013.929663608563,5015.0,5010.11,5013.006644518273
org.joda.time.base.BasePartial.<init>([ILorg/joda/time/Chronology;)V 5013.906629554656,5013.0,5013.010781671159,5013.010840108401,8596.0,5014.906653174804,5014.0,5072.874869519691,5012.021447721179,5161.939241876312,5017.382849839123,5013.0,5013.0,5013.813353566009,8598.0,5013.005390835579,5013.005420054201,5013.50269541779,5022.715447154472,5013.000462641684,5013.073422309822,5013.069910591907,5013.0,5013.01072386059,5013.829285218598,5013.0005058168945,5013.005390835579,5013.9066767830045,5013.951054516514,5013.914603101134,5015.0,5009.41,5013.005390835579
org.joda.time.base.BasePartial.getValue(I)I 5013.891700404858,5013.0,5013.009302325581,5013.009345794392,8537.0,5014.89172780167,5014.0,5072.380131357214,5012.018518518518,5163.418030029591,5017.548423998,5013.0,5013.0,5013.783510369246,8539.0,5013.004651162791,5013.0046728971965,5013.502325581396,5021.238317757009,5013.000456412597,5013.0681994339475,5013.06440065018,5013.0,5013.009259259259,5013.804655408489,5013.0005058168945,5013.004651162791,5013.891755184623,5013.942780748663,5013.902283105022,5015.0,5008.82,5013.004651162791
org.joda.time.field.BaseDateTimeField.getType()Lorg/joda/time/DateTimeFieldType; 5013.884109311741,5013.0,5013.008695652174,5013.008733624454,8507.0,5014.88413862889,5014.0,5072.126981996378,5012.017316017316,5164.1308037230465,5017.626114412661,5013.0,5013.0,5013.768335862418,8509.0,5013.004347826087,5013.004366812227,5013.502173913043,5020.633187772925,5013.000453309157,5013.06593804734,5013.061999625235,5013.0,5013.008658008658,5013.792384406165,5013.0005058168945,5013.004347826087,5013.884167931209,5013.938523489933,5013.896145124717,5015.0,5008.52,5013.004347826087
org.joda.time.base.BasePartial.getChronology()Lorg/joda/time/Chronology; 5013.87221659919,5013.0,5013.007889546351,5013.007920792079,8460.0,5014.872248924868,5014.0,5071.728187440104,5012.015717092338,5165.202074218258,5017.740485740327,5013.0,5013.0,5013.744562468386,8462.0,5013.003944773175,5013.0039603960395,5013.501972386588,5019.829702970297,5013.000448531061,5013.062807429302,5013.058657451733,5013.0,5013.007858546169,5013.773491814308,5013.0005058168945,5013.003944773175,5013.872281234193,5013.931784411725,5013.886695086381,5015.0,5008.05,5013.003944773175
org.joda.time.field.BaseDateTimeField.getMaximumValue(Lorg/joda/time/ReadablePartial;[I)I 5013.866649797571,5013.0,5013.007561436673,5013.007590132827,8438.0,5014.866683531495,5014.0,5071.540584213006,5012.015065913371,5165.686349730511,5017.791292160419,5013.0,5013.0,5013.733434496712,8440.0,5013.003780718336,5013.003795066414,5013.501890359168,5019.502846299811,5013.000446328944,5013.06148754619,5013.057241233224,5013.0,5013.007532956685,5013.764784646284,5013.0005058168945,5013.003780718336,5013.8667172483565,5013.928600460642,5013.882339807993,5015.0,5007.83,5013.003780718336
org.joda.time.field.BaseDateTimeField.getMaximumValue(Lorg/joda/time/ReadablePartial;)I 5013.865384615385,5013.0,5013.0074906367045,5013.007518796992,8433.0,5014.865418669365,5014.0,5071.497863208839,5012.014925373134,5165.794994353355,5017.802616494094,5013.0,5013.0,5013.730905412241,8435.0,5013.003745318352,5013.003759398496,5013.501872659176,5019.432330827068,5013.000445831476,5013.061199006136,5013.056931018624,5013.0,5013.007462686567,5013.762817654926,5013.0005058168945,5013.003745318352,5013.865452706121,5013.927874186551,5013.881355932203,5015.0,5007.78,5013.003745318352
org.joda.time.field.BaseDateTimeField.getMinimumValue(Lorg/joda/time/ReadablePartial;[I)I 5013.8651315789475,5013.0,5013.007476635514,5013.007504690431,8432.0,5014.865165696939,5014.0,5071.489315263559,5012.0148975791435,5165.816661925244,5017.804871773651,5013.0,5013.0,5013.730399595346,8434.0,5013.003738317757,5013.003752345216,5013.501869158878,5019.418386491558,5013.000445732115,5013.061141784052,5013.056869471105,5013.0,5013.007448789572,5013.762424782705,5013.0005058168945,5013.003738317757,5013.865199797673,5013.927728813559,5013.88115942029,5015.0,5007.77,5013.003738317757
org.joda.time.field.BaseDateTimeField.getMinimumValue(Lorg/joda/time/ReadablePartial;)I 5013.8641194331985,5013.0,5013.007421150278,5013.007448789572,8428.0,5014.864153807235,5014.0,5071.455110982702,5012.014787430684,5165.903129616527,5017.813861283057,5013.0,5013.0,5013.728376327769,8430.0,5013.003710575139,5013.003724394785,5013.50185528757,5019.36312849162,5013.000445335115,5013.060914490387,5013.056624906941,5013.0,5013.007393715342,5013.76085504342,5013.0005058168945,5013.003710575139,5013.864188163885,5013.927146927147,5013.880374248162,5015.0,5007.73,5013.003710575139
org.joda.time.base.AbstractPartial.getField(I)Lorg/joda/time/DateTimeField; 5013.855516194332,5013.0,5013.006980802792,5013.00700525394,8394.0,5014.855552744751,5014.0,5071.163562476863,5012.013913043478,5166.625475454711,5017.888313235739,5013.0,5013.0,5013.711178553363,8396.0,5013.003490401396,5013.003502626971,5013.501745200698,5018.92469352014,5013.00044198895,5013.059079619126,5013.054645172881,5013.0,5013.006956521739,5013.747624309392,5013.0005058168945,5013.003490401396,5013.855589276682,5013.922175275999,5013.873756356401,5015.0,5007.39,5013.003490401396
org.joda.time.format.DateTimeFormatterBuilder$PaddedNumber.<init>(Lorg/joda/time/DateTimeFieldType;IZI)V 5013.461285425101,5013.030303030303,5013.012903225806,5013.006493506494,5012.0,5013.961295218821,5013.0,5074.64414002969,5012.025641025641,5153.099186040867,5016.371841763317,5014.006451612903,5074.627915752522,5013.92210419828,8813.0,5013.006451612903,5013.006493506494,5013.2532467532465,5037.675324675325,5013.000243427458,5013.05698028823,5013.05585906591,5014.0,5013.01282051282,5013.925024342746,5013.000252908447,5013.006493506494,5013.96105209914,5013.98013928295,5013.928135274777,5014.0,5010.57,5013.000000653528
org.joda.time.format.DateTimeFormat.forPattern(Ljava/lang/String;)Lorg/joda/time/format/DateTimeFormatter; 5013.458502024291,5013.003021148036,5013.012048192771,5013.006060606061,5012.0,5013.958512522135,5013.0,5074.55485358605,5012.023952095808,5153.53611763888,5016.436022187772,5014.006024096386,5074.538605769062,5013.916540212443,8802.0,5013.006024096386,5013.006060606061,5013.253030303031,5035.963636363636,5013.000242777373,5013.0550481882565,5013.053886779585,5014.0,5013.011976047904,5013.9198834668605,5013.000252908447,5013.006060606061,5013.958270106222,5013.978690430066,5013.923364485981,5014.0,5010.46,5013.000000609694
org.joda.time.format.DateTimeFormatterBuilder$NumberFormatter.<init>(Lorg/joda/time/DateTimeFieldType;IZ)V 5013.4557186234815,5013.0,5013.011299435028,5013.005681818182,5012.0,5013.955729825449,5013.0,5074.465437442517,5012.0224719101125,5153.958625719337,5016.496963905351,5014.005649717514,5074.449165982949,5013.910976226606,8791.0,5013.005649717514,5013.005681818182,5013.252840909091,5034.465909090909,5013.000242130751,5013.053300179089,5013.052099818258,5014.0,5013.011235955056,5013.914769975787,5013.000252908447,5013.005681818182,5013.955488113303,5013.977237454734,5013.918642491864,5014.0,5010.35,5013.000000571371
org.joda.time.field.PreciseDurationDateTimeField.getDurationField()Lorg/joda/time/DurationField; 5013.77479757085,5013.0,5013.004484304933,5013.004494382022,8075.0,5014.774854540855,5014.0,5068.3534100123925,5012.008948545861,5172.562736944366,5018.4619472517,5013.0,5013.0,5013.549822964087,8077.0,5013.002242152466,5013.0022471910115,5013.501121076233,5016.442696629213,5013.0004128819155,5013.047351372381,5013.041679902644,5013.0,5013.004474272931,5013.632535094963,5013.0005058168945,5013.002242152466,5013.7749114820435,5013.873183243089,5013.81619165634,5015.0,5004.2,5013.002242152466
org.joda.time.format.DateTimeFormatterBuilder$CharacterLiteral.<init>(C)V 5013.442813765182,5013.0,5013.008771929824,5013.004405286343,5012.0,5013.942828231723,5013.0,5074.049160518389,5012.017467248908,5155.763165542387,5016.746104160107,5014.004385964912,5074.032778078668,5013.885179564997,8740.0,5013.004385964912,5013.004405286343,5013.252202643172,5029.418502202643,5013.0002391772305,5013.0469323254465,5013.045564515829,5014.0,5013.008733624454,5013.891413537432,5013.000252908447,5013.004405286343,5013.9425897824985,5013.970446556438,5013.897366030881,5014.0,5009.84,5013.000000442433
org.joda.time.field.FieldUtils.safeSubtract(JJ)J 5013.442307692308,5013.0,5013.008695652174,5013.004366812227,5012.0,5013.942322286871,5013.0,5075.817195098158,5012.017316017316,5155.829538034555,5016.754952579,5015.2,5138.6343901963155,5013.995953464846,8959.0,5013.004347826087,5013.004366812227,5013.2521834061135,5506.25,5013.000239062873,5013.046726931351,5013.045352927615,5014.0,5013.008658008658,5013.995961635537,5013.000252908447,5013.004366812227,5013.997976732423,5013.998987341773,5013.896551724138,5014.0,5010.6,5013.000000438552
org.joda.time.format.DateTimeFormatterBuilder$Composite.decompose(Ljava/util/List;Ljava/util/List;Ljava/util/List;)V 5013.441295546559,5013.001821493624,5013.008547008547,5013.004291845494,5012.0,5013.9413103971665,5013.0,5075.185207244167,5012.017021276596,5156.477884912038,5016.8403145376415,5015.0224719101125,5137.370414488334,5013.955993930197,8880.0,5013.004273504273,5013.004291845494,5013.252145922746,5057.448275862069,5013.000238834487,5013.046324105461,5013.044937786706,5014.0,5013.008510638298,5013.956941351151,5013.000252908447,5013.004291845494,5013.977996965099,5013.9888761028005,5013.894927536232,5014.0,5010.25,5013.000000430991
org.joda.time.chrono.BasicChronology.getMillisOfDay(J)I 5013.764170040486,5013.0,5013.004282655246,5013.004291845494,8033.0,5014.7642296989625,5014.0,5074.765686266729,5012.008547008547,5173.438174229582,5018.541507472301,5015.014184397163,5136.531372533458,5013.929691451694,8828.0,5013.002141327624,5013.002145922746,5013.501070663811,5040.446043165468,5013.000409332788,5013.0462744813385,5013.04045168002,5013.0,5013.004273504273,5013.932079159541,5013.0005058168945,5013.002141327624,5013.964845725847,5013.982108379457,5013.809172809173,5015.0,5009.73,5013.002141327624
org.joda.time.format.DateTimeFormatterBuilder$Composite.isParser()Z 5013.437753036437,5013.001821493624,5013.008064516129,5013.004048582996,5012.0,5013.937768783203,5013.0,5073.885137759555,5012.016064257028,5156.414256305372,5016.832021286653,5014.004032258064,5073.868711174133,5013.875063227112,8720.0,5013.004032258064,5013.004048582996,5013.252024291498,5028.008097165992,5013.000238038562,5013.0449921270665,5013.043563441296,5014.0,5013.008032128514,5013.88240895025,5013.000252908447,5013.004048582996,5013.937531613556,5013.967758778227,5013.889288928893,5014.0,5009.64,5013.000000406463
org.joda.time.format.DateTimeFormatterBuilder$Composite.isPrinter()Z 5013.437753036437,5013.001821493624,5013.008064516129,5013.004048582996,5012.0,5013.937768783203,5013.0,5073.885137759555,5012.016064257028,5156.414256305372,5016.832021286653,5014.004032258064,5073.868711174133,5013.875063227112,8720.0,5013.004032258064,5013.004048582996,5013.252024291498,5028.008097165992,5013.000238038562,5013.0449921270665,5013.043563441296,5014.0,5013.008032128514,5013.88240895025,5013.000252908447,5013.004048582996,5013.937531613556,5013.967758778227,5013.889288928893,5014.0,5009.64,5013.000000406463
org.joda.time.chrono.BasicDayOfMonthDateTimeField.getMinimumValue()I 5013.742408906883,5013.0,5013.003921568627,5013.003929273084,7947.0,5014.742474070326,5014.0,5067.184868736576,5012.00782778865,5174.635981431102,5018.648549571977,5013.0,5013.0,5013.485078401619,7949.0,5013.001960784314,5013.001964636543,5013.500980392157,5015.884086444008,5013.000402252615,5013.044280744277,5013.038153685785,5013.0,5013.003913894325,5013.5905068382945,5013.0005058168945,5013.001960784314,5013.742539200809,5013.852249637155,5013.795171026157,5015.0,5002.92,5013.001960784314
org.joda.time.format.DateTimeFormatter.<init>(Lorg/joda/time/format/DateTimePrinter;Lorg/joda/time/format/DateTimeParser;)V 5013.429402834008,5013.0,5013.007117437723,5013.003571428571,5012.0,5013.9294206931445,5013.0,5073.613529842767,5012.014184397163,5157.433162252504,5016.962738079724,5014.003558718861,5073.597029630172,5013.8583712696,8687.0,5013.003558718861,5013.003571428571,5013.251785714286,5026.121428571429,5013.0002361832785,5013.0422577127365,5013.040733232011,5014.0,5013.007092198582,5013.867737364195,5013.000252908447,5013.003571428571,5013.9291856348,5013.963293130571,5013.876274944568,5014.0,5009.31,5013.000000358387
org.joda.time.format.DateTimeFormatter.<init>(Lorg/joda/time/format/DateTimePrinter;Lorg/joda/time/format/DateTimeParser;Ljava/util/Locale;ZLorg/joda/time/Chronology;Lorg/joda/time/DateTimeZone;Ljava/lang/Integer;I)V 5013.4192813765185,5013.0,5013.006230529595,5013.003125,5012.0,5013.919301796104,5013.0,5073.282667492406,5012.012422360249,5158.590440263505,5017.106162575872,5014.003115264797,5073.266076693278,5013.838138593829,8647.0,5013.003115264797,5013.003125,5013.2515625,5024.35625,5013.000233972859,5013.039528470752,5013.037894351693,5014.0,5013.006211180124,5013.850257370145,5013.000252908447,5013.003125,5013.919069296914,5013.95782814971,5013.861002178649,5014.0,5008.91,5013.000000313448
org.joda.time.DateTimeFieldType.monthOfYear()Lorg/joda/time/DateTimeFieldType; 5013.62221659919,5013.0,5013.002675585284,5013.002679169457,7472.0,5014.622312167974,5014.0,5062.6084670192495,5012.005344021376,5181.369227336737,5019.216056480818,5013.0,5013.0,5013.244815376834,7474.0,5013.0013377926425,5013.001339584729,5013.500668896321,5014.648359008707,5013.000367174592,5013.036575847798,5013.028851287462,5013.0,5013.002672010688,5013.451808334863,5013.0005058168945,5013.0013377926425,5013.622407688416,5013.767264224474,5013.72580348944,5015.0,4998.17,5013.0013377926425
org.joda.time.DateTimeFieldType.year()Lorg/joda/time/DateTimeFieldType; 5013.62044534413,5013.0,5013.002663115845,5013.002666666666,7465.0,5014.620541360991,5014.0,5062.537864306003,5012.005319148936,5181.459702626088,5019.223329772884,5013.0,5013.0,5013.241274658573,7467.0,5013.001331557923,5013.001333333334,5013.500665778962,5014.636,5013.000366703337,5013.036490518259,5013.028742980249,5013.0,5013.002659574468,5013.4499449945,5013.0005058168945,5013.001331557923,5013.620637329287,5013.7659176029965,5013.72487160675,5015.0,4998.1,5013.001331557923
org.joda.time.chrono.ISOChronology.withUTC()Lorg/joda/time/Chronology; 5013.61487854251,5013.0,5013.002624671916,5013.002628120894,7443.0,5014.614975967619,5014.0,5062.315312023752,5012.005242463958,5181.742687570276,5019.246024207947,5013.0,5013.0,5013.230146686899,7445.0,5013.001312335958,5013.001314060447,5013.500656167979,5014.597897503285,5013.000365230095,5013.0362261778,5013.028406464426,5013.0,5013.002621231979,5013.444119795471,5013.0005058168945,5013.001312335958,5013.61507334345,5013.761666144692,5013.721958348557,5015.0,4997.88,5013.001312335958
org.joda.time.chrono.ISOChronology.getInstance()Lorg/joda/time/chrono/ISOChronology; 5013.528846153846,5013.0,5013.002145922746,5013.0021482277125,7103.0,5014.528965342778,5014.0,5058.738386504117,5012.004287245445,5185.880767184796,5019.568934313934,5013.0,5013.0,5013.058168942843,7105.0,5013.001072961373,5013.001074113856,5013.500536480687,5014.123523093448,5013.0003438789545,5013.032756089104,5013.023820820631,5013.0,5013.0021436227225,5013.35969738652,5013.0005058168945,5013.001072961373,5013.529084471421,5013.692027786967,5013.679738562091,5015.0,4994.48,5013.001072961373
org.joda.time.chrono.ISOChronology.getInstance(Lorg/joda/time/DateTimeZone;)Lorg/joda/time/chrono/ISOChronology; 5013.446862348178,5013.0,5013.001828153565,5013.001829826167,6779.0,5014.447002276752,5014.0,5075.657800791282,5012.0036529680365,5189.836132017269,5019.863400239914,5015.066666666667,5138.315601582564,5013.98583712696,8939.0,5013.0009140767825,5013.000914913083,5013.500457038391,5153.214285714285,5013.000325732899,5013.030233702758,5013.020210554109,5013.0,5013.001826484018,5013.9859367152185,5013.0005058168945,5013.0009140767825,5013.99291856348,5013.9964467005075,5013.64385793418,5015.0,5010.84,5013.0009140767825
org.joda.time.chrono.ZonedChronology.getZone()Lorg/joda/time/DateTimeZone; 5013.438512145749,5013.0,5013.001800990545,5013.00180261379,6746.0,5014.438654186693,5014.0,5054.653331199317,5012.003598740441,5189.836132017269,5019.863400239914,5013.0,5013.0,5012.877592311584,6748.0,5013.000900495273,5013.000901306895,5013.500450247636,5013.781883731411,5013.000323991576,5013.030008253405,5013.019871540306,5013.0,5013.00179937022,5013.28106269237,5013.0005058168945,5013.000900495273,5013.438796155791,5013.609949024433,5013.640414843623,5015.0,4990.91,5013.000900495273
org.joda.time.DurationFieldType.months()Lorg/joda/time/DurationFieldType; 5013.337044534413,5013.002197802198,5013.003095975232,5013.001550387597,5012.0,5013.837085757653,5013.0,5070.523908073079,5012.006182380216,5166.107024244913,5017.937322663235,5014.0015479876165,5070.50652136932,5013.673748103187,8322.0,5013.0015479876165,5013.001550387597,5013.250775193798,5018.130232558139,5013.000217438574,5013.027842302319,5013.025469111471,5014.0,5013.0030911901085,5013.719504240053,5013.000252908447,5013.001550387597,5013.836874051593,5013.911193721603,5013.7541984732825,5014.0,5005.66,5013.0000001552635
org.joda.time.DurationFieldType.days()Lorg/joda/time/DurationFieldType; 5013.328694331984,5013.0,5013.0029455081,5013.001474926254,5012.0,5013.828737667594,5013.0,5070.236352085017,5012.005882352942,5166.749092826529,5018.001921996844,5014.00147275405,5070.2188780036795,5013.657056145676,8289.0,5013.00147275405,5013.001474926254,5013.250737463127,5017.831858407079,5013.000215889465,5013.02715627233,5013.024717300928,5014.0,5013.002941176471,5013.70725388601,5013.000252908447,5013.001474926254,5013.828528072838,5013.90622406639,5013.744817188089,5014.0,5005.33,5013.000000147696
org.joda.time.DateTimeZone.getDefault()Lorg/joda/time/DateTimeZone; 5013.1766194331985,5013.0,5013.001228501228,5013.0012292563,5711.0,5014.176827725778,5014.0,5039.457513110646,5012.002455494168,5199.773711951821,5020.552737436705,5013.0,5013.0,5012.354071825999,5713.0,5013.0006142506145,5013.00061462815,5013.500307125307,5013.215119852489,5013.0002774694785,5013.024784079855,5013.010415785872,5013.0,5013.001227747084,5013.097114317425,5013.0005058168945,5013.0006142506145,5013.177035913,5013.300816501934,5013.548431862337,5015.0,4980.56,5013.0006142506145
org.joda.time.field.FieldUtils.safeAdd(JJ)J 5013.256578947368,5013.0,5013.002074688797,5013.001038421599,5012.0,5013.756640526182,5013.0,5075.809234989769,5012.00414507772,5171.745994002556,5018.4786973669425,5015.181818181818,5138.618469979538,5013.995447647952,8958.0,5013.001037344398,5013.001038421599,5013.250519210799,5451.333333333333,5013.000203376042,5013.022786197567,5013.019816473573,5014.0,5013.00207253886,5013.995457986374,5013.000252908447,5013.001038421599,5013.997723823975,5013.998860615267,5013.672566371682,5014.0,5010.5,5013.00000010394
org.joda.time.DateTimeFieldType.dayOfMonth()Lorg/joda/time/DateTimeFieldType; 5013.155111336032,5013.0,5013.001465201465,5013.00073313783,5012.0,5013.655198583355,5013.0,5063.892042599998,5012.002928257687,5177.648699047963,5018.993232006518,5014.000732600733,5063.872389367908,5013.310065756196,7603.0,5013.000732600733,5013.00073313783,5013.250366568915,5014.898826979472,5013.000188040617,5013.019145989527,5013.015493570671,5014.0,5013.0014641288435,5013.487025197443,5013.000252908447,5013.00073313783,5013.655032878098,5013.791564792176,5013.591793950284,5014.0,4998.47,5013.00000007336
