org.joda.time.LocalDateTime.equals(Ljava/lang/Object;)Z 5000001.488289205,5000001.0,5000001.148148148,5000001.32,5000000.0,5000004.9882921865,5000001.0,5000063.657800791,5000000.275862069,5000141.347516928,5000008.9111179,5000009.444444444,5000502.262406331,5000001.994918699,5003927.0,5000001.074074074,5000001.08,5000001.29,5000393.6,5000001.001003512,5000001.2,5000001.198723116,5000002.0,5000001.137931035,5000001.994931576,5000001.00101626,5000001.08,5000001.997459349,5000001.998728059,5000001.977114428,5000005.0,5000002.64,5000001.000008695
org.joda.time.LocalDate.fromCalendarFields(Ljava/util/Calendar;)Lorg/joda/time/LocalDate; 500001.2497454175,500001.0,500001.44444444444,500001.5714285714,500000.0,500002.9997454823,500001.0,500063.68173577683,500000.7272727273,500131.7617304903,500008.93725393317,500009.4705882353,500502.3262410846,500001.99644308945,503930.0,500001.22222222225,500001.28571428574,500001.4583333333,500562.28571428574,500001.000507228,500001.4082482905,500001.40788483934,500002.0,500001.36363636365,500001.996449404,500001.00050813006,500001.6666666667,500001.9982215447,500001.99910998094,500001.998982706,500003.0,500002.0,500001.00006664667
org.joda.time.LocalDateTime.fromCalendarFields(Ljava/util/Calendar;)Lorg/joda/time/LocalDateTime; 500001.2497454175,500001.0,500001.44444444444,500001.5714285714,500000.0,500002.9997454823,500001.0,500063.68173577683,500000.7272727273,500131.7617304903,500008.93725393317,500009.4705882353,500502.3262410846,500001.99644308945,503930.0,500001.22222222225,500001.28571428574,500001.4583333333,500562.28571428574,500001.000507228,500001.4082482905,500001.40788483934,500002.0,500001.36363636365,500001.996449404,500001.00050813006,500001.6666666667,500001.9982215447,500001.99910998094,500001.998982706,500003.0,500002.0,500001.00006664667
org.joda.time.LocalDate.equals(Ljava/lang/Object;)Z 500001.48574338085,500001.0,500001.125,500001.26666666666,500000.0,500004.9857470094,500001.0,500063.6498204307,500000.23529411765,500141.9632900338,500008.8910043209,500009.4210526316,500502.19856344565,500001.9944105691,503926.0,500001.0625,500001.06666666665,500001.2833333333,500357.8181818182,500001.001001001,500001.18257418583,500001.18117451086,500002.0,500001.1176470588,500001.99442614644,500001.0010162602,500001.06666666665,500001.99720528454,500001.99860068696,500001.97227722773,500005.0,500002.54,500001.000007142
org.joda.time.LocalDateTime.<init>(IIIIIIILorg/joda/time/Chronology;)V 500001.46614052955,500001.0,500001.05673758866,500001.1167883212,500000.0,500004.96614914737,500001.0,500062.63602842495,500000.1103448276,500145.8800795226,500003.1136313315,500005.0283687943,500247.2843884618,500001.93038617884,503800.0,500001.0283687943,500001.0291970803,500001.26459854015,500028.7299270073,500001.0009820771,500001.1208244187,500001.1186987398,500002.0,500001.0551724138,500001.93272771913,500001.0010162602,500001.0291970803,500001.96519308945,500001.98228829994,500001.93657606107,500005.0,500001.77,500001.0000030072
org.joda.time.LocalDate.<init>(IIILorg/joda/time/Chronology;)V 500001.4630855397,500001.0,500001.0522875817,500001.1073825503,500000.0,500004.9630949351,500001.0,500062.53860576905,500000.10191082803,500146.38911150675,500002.98957418086,500005.02614379086,500246.89428622887,500001.9242886179,503788.0,500001.02614379086,500001.0268456376,500001.2634228188,500026.41610738257,500001.00097919215,500001.1158568893,500001.11363832216,500002.0,500001.050955414,500001.9270501836,500001.0010162602,500001.0268456376,500001.96214430896,500001.9807069792,500001.9312470365,500005.0,500001.65,500001.00000275834
org.joda.time.chrono.GregorianChronology.calculateFirstDayOfYearMillis(I)J 500001.2367617108,500001.0,500001.0869565217,500001.0689655172,500000.0,500002.9867650802,500001.0,500063.5619692785,500000.1666666667,500138.0934836204,500008.6811457479,500009.1951219512,500500.791956718,500001.9888211382,503915.0,500001.04347826086,500001.04545454547,500001.14351851854,500178.9090909091,500001.00050075114,500001.09622504486,500001.09551209817,500002.0,500001.0833333333,500001.9888832744,500001.00050813006,500001.0625,500001.9944105691,500001.99719745223,500001.9703557312,500003.0,500000.58,500001.000001282
org.joda.time.chrono.BasicChronology.getDateTimeMillis(IIII)J 500001.43304480653,500001.0,500001.0295202952,500001.0599250936,500000.0,500004.9330618478,500001.0,500063.3538290725,500000.05818181817,500150.56479166815,500008.5944351126,500009.14285714284,500499.83063257986,500001.9756097561,503889.0,500001.0147601476,500001.0149812734,500001.2574906367,500082.0,500001.0009517012,500001.0865484645,500001.0835552515,500002.0,500001.0290909091,500001.9759036145,500001.0010162602,500001.0149812734,500001.98780487804,500001.9938650307,500001.8819039066,500005.0,500000.47,500001.00000152073
org.joda.time.chrono.BasicChronology.getDateMidnightMillis(III)J 500001.7013747454,500001.0,500001.0135478408,500001.0545609548,502756.0,500008.7014507508,500002.0,500053.5642464038,500000.02691337257,500176.596604507,500006.85227200144,500001.0,500001.0,500001.40396341466,502764.0,500001.0067739204,500001.00682011934,500001.5033869602,500003.35549872124,500001.00156586414,500001.08230382984,500001.0689279094,500001.0,500001.0134566863,500001.5408103347,500001.0020325203,500001.0067739204,500001.7019817073,500001.8248992387,500001.7700450892,500009.0,499995.37,500001.0067739204
org.joda.time.chrono.GregorianChronology.isLeapYear(I)Z 500001.6135437882,500001.0,500001.0104849279,500001.0421607378,502411.0,500008.61364214815,500002.0,500050.1731634126,500000.02086049545,500181.3090364055,500007.24191633053,500001.0,500001.0,500001.22865853657,502419.0,500001.00524246396,500001.0052700922,500001.502621232,500002.5928853755,500001.0014668133,500001.07240486145,500001.05671403,500001.0,500001.0104302477,500001.44334433443,500001.0020325203,500001.00524246396,500001.6143292683,500001.761095373,500001.7212633125,500009.0,499991.92,500001.00524246396
org.joda.time.chrono.BasicChronology.getDateTimeMillis(IIIIIII)J 500001.25636456214,500001.0,500001.00829015544,500001.01664932363,500000.0,500004.75642657164,500001.0,500063.04030947696,500000.0165118679,500165.28293352446,500008.423732591,500009.0842105263,500497.3224758159,500001.95579268294,503850.0,500001.0041450777,500001.0041623309,500001.25208116544,500045.2413793103,500001.00081682665,500001.04561979236,500001.03964849724,500002.0,500001.00825593394,500001.956748695,500001.0010162602,500001.0041623309,500001.9778963415,500001.9888246628,500001.6723724752,500005.0,499998.31,500001.00000041793
org.joda.time.LocalDateTime.toString()Ljava/lang/String; 50002.49872708758,50002.0,50002.61538461538,50003.77777777778,50001.0,50005.998727411556,50002.0,50064.665780135576,50001.94117647059,50137.58358490544,50005.709977361454,50006.307692307695,50252.407667614236,50002.99542682927,53929.0,50002.307692307695,50002.444444444445,50002.47222222222,50438.333333333336,50002.0010139417,50002.47140452079,50002.47086440485,50003.0,50002.470588235294,50002.995437262354,50002.00101626016,50002.444444444445,50002.99771341463,50002.998855398706,50002.99746063992,50006.0,50003.7,50002.0000799792
org.joda.time.LocalDate.toString()Ljava/lang/String; 50002.49796334012,50002.0,50002.5,50003.333333333336,50001.0,50005.997963858485,50002.0,50064.64183905346,50001.8,50138.17594405269,50005.62926616208,50006.25,50252.31180555459,50002.993902439026,53926.0,50002.25,50002.333333333336,50002.416666666664,50329.0,50002.001013171226,50002.40824829046,50002.407624428495,50003.0,50002.4,50002.99392097264,50002.00101626016,50002.333333333336,50002.99695121951,50002.998473282445,50002.99594320487,50006.0,50003.4,50002.000049990005
org.joda.time.LocalDateTime.isSupported(Lorg/joda/time/DateTimeFieldType;)Z 50003.49796334012,50003.0,50003.5,50004.333333333336,50002.0,50006.997963858485,50003.0,50065.665780135576,50002.8,50139.17594405269,50010.937253933196,50011.470588235294,50504.326241084585,50003.99542682927,53930.0,50003.25,50003.333333333336,50003.416666666664,50439.333333333336,50003.001013171226,50003.40824829046,50003.407624428495,50004.0,50003.4,50003.995437262354,50003.00101626016,50003.333333333336,50003.99771341463,50003.998855398706,50003.99594320487,50007.0,50004.4,50003.000049990005
org.joda.time.format.FormatUtils.appendPaddedInteger(Ljava/lang/StringBuffer;II)V 50003.87550916497,50003.0,50003.444444444445,50004.142857142855,53442.0,50010.87554085009,50004.0,50065.649820430706,50002.72727272727,50168.49290986324,50010.891004320896,50011.42105263158,50504.198563445665,50003.9944105691,53928.0,50003.22222222222,50003.28571428572,50003.50804828974,50359.818181818184,50003.001807909604,50003.37796447301,50003.37729050645,50004.0,50003.36363636364,50003.99442614644,50003.00203252032,50003.28571428572,50003.997205284555,50003.99860068694,50003.99493414387,50011.0,50004.21,50003.01609657948
org.joda.time.field.PreciseDurationDateTimeField.remainder(J)J 50001.49618126273,50001.0,50001.34782608696,50001.84210526316,50000.0,50004.99618223467,50001.0,50063.585940913275,50000.59259259259,50153.47864339765,50007.70428528008,50009.02110817942,50478.6609676329,50001.99034552846,53918.0,50001.17391304348,50001.21052631579,50001.35526315789,50207.15789473684,50001.001011378,50001.32444284226,50001.323657384266,50002.0,50001.2962962963,50001.99039190898,50001.00101626016,50001.21052631579,50001.995172764226,50001.99758054247,50001.99242041435,50005.0,50002.95,50001.00002666258
org.joda.time.format.DateTimeFormatterBuilder$Fraction.printTo(Ljava/lang/StringBuffer;Lorg/joda/time/ReadablePartial;Ljava/util/Locale;)V 50001.49618126273,50001.0,50001.34782608696,50001.84210526316,50000.0,50004.99618223467,50001.0,50063.585940913275,50000.59259259259,50138.22050027415,50004.48238663186,50005.17391304348,50251.08798451745,50001.99034552846,53918.0,50001.17391304348,50001.21052631579,50001.35526315789,50207.15789473684,50001.001011378,50001.32444284226,50001.323657384266,50002.0,50001.2962962963,50001.99039190898,50001.00101626016,50001.21052631579,50001.995172764226,50001.99758054247,50001.99242041435,50005.0,50002.95,50001.00002666258
org.joda.time.LocalDate.get(Lorg/joda/time/DateTimeFieldType;)I 50002.49592668025,50002.0,50002.333333333336,50002.8,50001.0,50005.99592771698,50002.0,50064.665780135576,50001.57142857143,50139.470622553556,50009.937253933196,50010.470588235294,50503.326241084585,50002.99542682927,53929.0,50002.166666666664,50002.2,50002.35,50438.333333333336,50002.001011122346,50002.316227766016,50002.31542184301,50003.0,50002.28571428572,50002.995437262354,50002.00101626016,50002.2,50002.99771341463,50002.998855398706,50002.99191919192,50006.0,50003.94,50002.000024996254
org.joda.time.LocalDateTime.get(Lorg/joda/time/DateTimeFieldType;)I 50001.49592668025,50001.0,50001.333333333336,50001.8,50000.0,50004.99592771698,50001.0,50063.665780135576,50000.57142857143,50138.34751692794,50008.937253933196,50009.470588235294,50502.326241084585,50001.99542682927,53928.0,50001.166666666664,50001.2,50001.35,50437.333333333336,50001.001011122346,50001.316227766016,50001.31542184301,50002.0,50001.28571428572,50001.995437262354,50001.00101626016,50001.2,50001.99771341463,50001.998855398706,50001.99191919192,50005.0,50002.94,50001.000024996254
org.joda.time.format.DateTimeFormatterBuilder$TimeZoneOffset.printTo(Ljava/lang/StringBuffer;Lorg/joda/time/ReadablePartial;Ljava/util/Locale;)V 50001.49592668025,50001.0,50001.333333333336,50001.8,50000.0,50004.99592771698,50001.0,50063.577951388645,50000.57142857143,50138.34751692794,50004.464101615136,50005.166666666664,50251.0559937294,50001.989837398374,53917.0,50001.166666666664,50001.2,50001.35,50196.8,50001.001011122346,50001.316227766016,50001.31542184301,50002.0,50001.28571428572,50001.989888776545,50001.00101626016,50001.2,50001.99491869919,50001.99745287825,50001.99191919192,50005.0,50002.94,50001.000024996254
org.joda.time.chrono.BasicChronology.getYear(J)I 50001.73956211813,50001.0,50001.244897959186,50001.83720930233,52512.0,50008.63934843471,50002.0,50063.585940913275,50000.43636363636,50180.00385769546,50008.789953479296,50009.2962962963,50501.6875273062,50001.99034552846,53918.0,50001.12244897959,50001.13953488372,50001.50280701755,50207.15789473684,50001.00150791656,50001.309426373875,50001.30772810144,50004.0,50001.218181818185,50001.99039190898,50001.00203252032,50001.12765957447,50001.995172764226,50001.99758054247,50001.98627385336,50009.0,50004.69,50001.005614035086
org.joda.time.LocalDateTime.getValue(I)I 50001.49567209776,50001.0,50001.32,50001.76190476191,50000.0,50004.995673199286,50001.0,50063.665780135576,50000.55172413793,50138.470622553556,50008.937253933196,50009.470588235294,50502.326241084585,50001.99542682927,53928.0,50001.16,50001.19047619047,50001.34523809524,50437.333333333336,50001.00101086682,50001.308606699924,50001.307780813826,50002.0,50001.275862068964,50001.995437262354,50001.00101626016,50001.19047619047,50001.99771341463,50001.998855398706,50001.99141847552,50005.0,50002.93,50001.00002352595
org.joda.time.LocalDate.isSupported(Lorg/joda/time/DateTimeFieldType;)Z 50002.49490835031,50002.0,50002.28571428572,50002.666666666664,50001.0,50005.99490964622,50002.0,50064.665780135576,50001.5,50140.03793268776,50009.937253933196,50010.470588235294,50503.326241084585,50002.99542682927,53929.0,50002.142857142855,50002.166666666664,50002.333333333336,50438.333333333336,50002.00101010101,50002.288675134594,50002.28779203452,50003.0,50002.25,50002.995437262354,50002.00101626016,50002.166666666664,50002.99771341463,50002.998855398706,50002.98991935484,50006.0,50003.9,50002.0000199972
org.joda.time.format.DateTimeFormatterBuilder$CharacterLiteral.printTo(Ljava/lang/StringBuffer;Lorg/joda/time/ReadablePartial;Ljava/util/Locale;)V 50001.97046843177,50001.0,50001.12903225807,50001.55172413793,53813.0,50008.97047594808,50002.0,50062.80614856145,50000.242424242424,50153.117846542205,50004.28181803491,50001.0,50001.0,50001.94105691057,53821.0,50001.06451612903,50001.06896551724,50001.532258064515,50033.93103448276,50001.00197433366,50001.254000254,50001.25022163489,50001.0,50001.121212121216,50001.94274432379,50001.00203252032,50001.06451612903,50001.970528455284,50001.98504383703,50001.971315529176,50009.0,50005.94,50001.06451612903
org.joda.time.format.DateTimeFormatterBuilder$Composite.printTo(Ljava/lang/StringBuffer;Lorg/joda/time/ReadablePartial;Ljava/util/Locale;)V 50002.97046843177,50002.0,50002.12903225807,50002.55172413793,53814.0,50009.97047594808,50003.0,50063.80614856145,50001.242424242424,50154.117846542205,50005.28181803491,50002.0,50002.0,50002.94105691057,53822.0,50002.06451612903,50002.06896551724,50002.532258064515,50034.93103448276,50002.00197433366,50002.254000254,50002.25022163489,50002.0,50002.121212121216,50002.94274432379,50002.00203252032,50002.06451612903,50002.970528455284,50002.98504383703,50002.971315529176,50010.0,50006.94,50002.06451612903
org.joda.time.format.DateTimeFormatterBuilder$PaddedNumber.printTo(Ljava/lang/StringBuffer;Lorg/joda/time/ReadablePartial;Ljava/util/Locale;)V 50001.969959266804,50001.0,50001.12698412698,50001.542372881355,53811.0,50008.9699669127,50002.0,50063.56196927847,50000.23880597015,50153.21029741914,50008.762624724484,50009.26666666667,50501.49575422775,50001.98882113821,53915.0,50001.06349206349,50001.06779661017,50001.531746031746,50178.90909090909,50001.00197335964,50001.25197631534,50001.24816267921,50001.0,50001.119402985074,50001.98888327438,50001.00203252032,50001.06349206349,50001.9944105691,50001.99719745223,50001.97083539298,50009.0,50005.92,50001.06349206349
org.joda.time.format.DateTimeFormatter.print(Lorg/joda/time/ReadablePartial;)Ljava/lang/String; 50001.96970468432,50001.0,50001.12598425197,50001.53781512605,53810.0,50008.96971239501,50002.0,50062.78187436458,50000.23703703703,50153.25622904258,50004.302833952024,50001.0,50001.0,50001.93953252032,53818.0,50001.06299212598,50001.06722689076,50001.53149606299,50033.075630252104,50001.001972873,50001.25098232205,50001.247151288975,50001.0,50001.11851851852,50001.94130702836,50001.00203252032,50001.06299212598,50001.96976626016,50001.9846511028,50001.97059550284,50009.0,50005.91,50001.06299212598
org.joda.time.format.DateTimeFormatter.printTo(Ljava/lang/StringBuffer;Lorg/joda/time/ReadablePartial;)V 50001.96945010183,50001.0,50001.125,50001.53333333333,53809.0,50008.96945787732,50002.0,50063.65780079128,50000.23529411765,50153.30196807804,50008.91111790063,50009.444444444445,50502.26240633026,50001.99491869919,53927.0,50001.0625,50001.066666666666,50001.53125,50393.6,50001.001972386584,50001.25,50001.24615164303,50001.0,50001.117647058825,50001.99493157628,50001.00203252032,50001.0625,50001.99745934959,50001.99872805902,50001.970355731224,50009.0,50005.9,50001.0625
org.joda.time.LocalDate.fromDateFields(Ljava/util/Date;)Lorg/joda/time/LocalDate; 50001.248217922606,50001.0,50001.26666666667,50001.307692307695,50000.0,50002.998218376175,50001.0,50063.665780135576,50000.470588235294,50133.17594405269,50008.937253933196,50009.470588235294,50502.326241084585,50001.99542682927,53928.0,50001.13333333333,50001.153846153844,50001.23611111111,50437.333333333336,50001.000506457334,50001.2357022604,50001.23531217581,50002.0,50001.23529411765,50001.995437262354,50001.000508130084,50001.22222222222,50001.99771341463,50001.998855398706,50001.99292214358,50003.0,50000.5,50001.00000952313
org.joda.time.LocalDateTime.fromDateFields(Ljava/util/Date;)Lorg/joda/time/LocalDateTime; 50001.248217922606,50001.0,50001.26666666667,50001.307692307695,50000.0,50002.998218376175,50001.0,50063.665780135576,50000.470588235294,50133.17594405269,50008.937253933196,50009.470588235294,50502.326241084585,50001.99542682927,53928.0,50001.13333333333,50001.153846153844,50001.23611111111,50437.333333333336,50001.000506457334,50001.2357022604,50001.23531217581,50002.0,50001.23529411765,50001.995437262354,50001.000508130084,50001.22222222222,50001.99771341463,50001.998855398706,50001.99292214358,50003.0,50000.5,50001.00000952313
org.joda.time.LocalDateTime.getField(ILorg/joda/time/Chronology;)Lorg/joda/time/DateTimeField; 50001.49007128309,50001.0,50001.17021276596,50001.37209302326,50000.0,50004.99007381013,50001.0,50063.65780079128,50000.313725490196,50140.67207224828,50008.91111790063,50009.444444444445,50502.26240633026,50001.99491869919,53927.0,50001.085106382976,50001.09302325582,50001.29651162791,50393.6,50001.00100527771,50001.215665546406,50001.21448196102,50002.0,50001.1568627451,50001.99493157628,50001.00101626016,50001.09302325582,50001.99745934959,50001.99872805902,50001.980529206194,50005.0,50002.71,50001.00001025517
org.joda.time.DateTimeFieldType$StandardDateTimeFieldType.getField(Lorg/joda/time/Chronology;)Lorg/joda/time/DateTimeField; 50001.81415478615,50001.0,50001.163265306124,50001.35555555556,53199.0,50008.814202087044,50002.0,50063.665780135576,50000.301886792455,50176.872869931205,50008.937253933196,50009.470588235294,50502.326241084585,50001.99542682927,53928.0,50001.08163265306,50001.08888888889,50001.5054200542,50437.333333333336,50001.00171453065,50001.21081851068,50001.20960755235,50002.0,50001.15094339623,50001.995437262354,50001.00203252032,50001.08888888889,50001.99771341463,50001.998855398706,50001.9795511222,50009.0,50002.69,50001.0108401084
org.joda.time.chrono.BaseChronology.set(Lorg/joda/time/ReadablePartial;J)J 50001.48192464359,50001.0,50001.101265822785,50001.21333333333,50000.0,50004.98192924408,50001.0,50063.13694553162,50000.19277108434,50142.77366670111,50003.75206290386,50005.05063291139,50249.29015284542,50001.9618902439,53862.0,50001.05063291139,50001.05333333334,50001.276666666665,50052.48,50001.00099725754,50001.163299316184,50001.16173289656,50002.0,50001.096385542165,50001.962602842184,50001.00101626016,50001.05333333334,50001.98094512195,50001.99038091574,50001.965110565114,50005.0,50002.39,50001.00000563318
org.joda.time.LocalDate.<init>(III)V 50001.48090631365,50001.0,50001.096385542165,50001.20253164557,50000.0,50004.98091117333,50001.0,50063.1047502209,50000.183908045976,50143.007770965785,50003.70919655288,50005.048192771086,50249.16123790794,50001.959857723574,53858.0,50001.048192771086,50001.05063291139,50001.2753164557,50049.82278481012,50001.00099626401,50001.15911145684,50001.157503388735,50002.0,50001.09195402299,50001.96064757161,50001.00101626016,50001.05063291139,50001.97992886179,50001.98986269729,50001.963217263365,50005.0,50002.35,50001.000005332746
org.joda.time.LocalDateTime.<init>(IIIIIII)V 50001.47810590632,50001.0,50001.085106382976,50001.177777777775,50000.0,50004.97811147875,50001.0,50063.016126934854,50000.163265306124,50143.62113542343,50003.59352684669,50005.04255319149,50248.80637602774,50001.954268292684,53847.0,50001.04255319149,50001.044444444444,50001.27222222222,50043.73333333333,50001.00099354198,50001.1490711985,50001.147353591026,50002.0,50001.08163265306,50001.955290611026,50001.00101626016,50001.044444444444,50001.97713414634,50001.988434849656,50001.958048780485,50005.0,50002.24,50001.000004650654
org.joda.time.chrono.ISOChronology.equals(Ljava/lang/Object;)Z 50001.88492871691,50001.0,50001.034782608695,50001.14159292035,53477.0,50008.88495800458,50002.0,50060.02541825349,50000.068376068375,50163.60780855341,50005.610888377036,50001.0,50001.0,50001.77032520325,53485.0,50001.01739130435,50001.017699115044,50001.50869565218,50008.70796460177,50001.00182315406,50001.13187609468,50001.1240566993,50001.0,50001.03418803419,50001.79398359161,50001.00203252032,50001.01739130435,50001.885162601626,50001.939083557954,50001.89680365297,50009.0,50002.58,50001.01739130435
org.joda.time.format.DateTimeFormatterBuilder$Fraction.printTo(Ljava/lang/StringBuffer;Ljava/io/Writer;JLorg/joda/time/Chronology;)V 50001.46970468432,50001.0,50001.06299212598,50001.13008130081,50000.0,50004.96971239501,50001.0,50063.609903369994,50000.12213740458,50152.97545293814,50008.82122579109,50009.333333333336,50501.87922695995,50001.9918699187,53921.0,50001.03149606299,50001.03252032521,50001.2662601626,50246.0,50001.0009854644,50001.12751534261,50001.125503047784,50002.0,50001.06106870229,50001.99190283401,50001.00101626016,50001.03252032521,50001.99593495935,50001.99796334012,50001.94287085934,50005.0,50001.91,50001.00000336098
org.joda.time.chrono.AssembledChronology.getDateTimeMillis(IIII)J 50001.46919551935,50001.0,50001.06201550388,50001.128,50000.0,50004.96920335964,50001.0,50063.52999280345,50000.12030075188,50145.43805343435,50008.73028843659,50009.23529411765,50501.23994242763,50001.98678861788,53911.0,50001.03100775194,50001.032,50001.266,50151.38461538462,50001.000984979066,50001.126491106406,50001.124462251835,50002.0,50001.06015037594,50001.986875315495,50001.00101626016,50001.032,50001.99339430894,50001.99668620953,50001.94196642686,50005.0,50001.89,50001.00000330543
org.joda.time.format.DateTimeFormatterBuilder$Composite.estimatePrintedLength()I 50001.87118126273,50001.0,50001.03112840467,50001.12648221344,53423.0,50008.87121404937,50002.0,50059.566201857386,50000.06130268199,50164.841960686346,50005.742830774805,50001.0,50001.0,50001.742886178865,53431.0,50001.01556420233,50001.01581027668,50001.507782101166,50007.77865612648,50001.00180099055,50001.12475657231,50001.1164441559,50001.0,50001.030651340996,50001.77217469608,50001.00203252032,50001.01556420233,50001.87144308943,50001.931306000544,50001.88588182228,50009.0,50002.04,50001.01556420233
org.joda.time.base.AbstractPartial.getFieldType(I)Lorg/joda/time/DateTimeFieldType; 50001.46690427699,50001.0,50001.057971014496,50001.119402985074,50000.0,50004.96691270043,50001.0,50062.66036003787,50000.112676056335,50145.74927117893,50003.14435205809,50005.02898550725,50247.381817510955,50001.9319105691,53803.0,50001.02898550725,50001.02985074627,50001.264925373136,50029.37313432836,50001.000982800986,50001.12216944436,50001.120067581614,50002.0,50001.05633802817,50001.93415233415,50001.00101626016,50001.02985074627,50001.965955284555,50001.98268286379,50001.93791786055,50005.0,50001.8,50001.000003076595
org.joda.time.format.DateTimeFormatterBuilder$Fraction.getFractionData(JLorg/joda/time/DateTimeField;)[J 50001.465885947044,50001.0,50001.05633802817,50001.115942028984,50000.0,50004.96589462968,50001.0,50063.665780135576,50000.109589041094,50146.17967649414,50008.937253933196,50009.470588235294,50502.326241084585,50001.99542682927,53928.0,50001.028169014084,50001.02898550725,50001.264492753624,50437.333333333336,50001.000981836034,50001.120385853086,50001.11825229045,50002.0,50001.05479452055,50001.995437262354,50001.00101626016,50001.02898550725,50001.99771341463,50001.998855398706,50001.936129647285,50005.0,50001.76,50001.00000298476
org.joda.time.format.DateTimeFormatter.requirePrinter()Lorg/joda/time/format/DateTimePrinter; 50001.86125254582,50001.0,50001.028933092224,50001.11743119266,53384.0,50008.86128785951,50002.0,50063.665780135576,50000.05704099822,50165.69275198779,50008.937253933196,50009.470588235294,50502.326241084585,50001.99542682927,53928.0,50001.01446654611,50001.01467889908,50001.507233273056,50437.333333333336,50001.00178531578,50001.120276955866,50001.11162145703,50001.0,50001.02852049911,50001.995437262354,50001.00203252032,50001.01446654611,50001.99771341463,50001.998855398706,50001.878157835905,50009.0,50001.65,50001.01446654611
org.joda.time.base.BaseLocal.<init>()V 50001.85819755601,50001.0,50001.02831858407,50001.11490125673,53372.0,50008.85823364724,50002.0,50059.129166517334,50000.055846422336,50165.94836437035,50005.85807034144,50001.0,50001.0,50001.716971544716,53380.0,50001.01415929203,50001.01436265709,50001.50707964602,50007.06642728905,50001.00178054752,50001.11899282346,50001.11023370546,50001.0,50001.02792321117,50001.752058758066,50001.00203252032,50001.01415929203,50001.858485772354,50001.923855092275,50001.87580824972,50009.0,50001.53,50001.01415929203
org.joda.time.LocalDate.getLocalMillis()J 50001.46028513238,50001.0,50001.04878048781,50001.1,50000.0,50004.96029524052,50001.0,50062.44916598295,50000.09523809524,50146.837512924736,50002.8735004679,50005.0243902439,50246.536148051564,50001.918699186994,53777.0,50001.0243902439,50001.025,50001.2625,50024.6,50001.0009765625,50001.111803398875,50001.10950273291,50002.0,50001.04761904762,50001.921875,50001.00101626016,50001.025,50001.9593495935,50001.97925311203,50001.92641509434,50005.0,50001.54,50001.00000256384
org.joda.time.field.PreciseDateTimeField.get(J)I 50001.45901221996,50001.0,50001.047337278105,50001.09696969697,50000.0,50004.959022652074,50001.0,50062.408468471374,50000.09248554913,50171.99057737738,50006.26529065727,50009.006006006006,50409.86183485378,50001.91615853659,53772.0,50001.023668639056,50001.024242424246,50001.26212121212,50023.854545454546,50001.00097537186,50001.11009637651,50001.10775926988,50002.0,50001.046242774566,50001.919531821506,50001.00101626016,50001.024242424246,50001.95807926829,50001.9785908914,50001.924235294115,50005.0,50001.49,50001.00000248421
org.joda.time.LocalDate.getChronology()Lorg/joda/time/Chronology; 50001.45697556008,50001.0,50001.04519774011,50001.09248554913,50000.0,50004.956986510566,50001.0,50062.34329629226,50000.08839779005,50147.34751692794,50002.73205080757,50005.022598870055,50246.112219197654,50001.912093495936,53764.0,50001.022598870055,50001.02312138728,50001.261560693645,50022.7514450867,50001.00097347287,50001.10752066611,50001.10512631063,50002.0,50001.044198895026,50001.915794597226,50001.00101626016,50001.02312138728,50001.95604674797,50001.977529549295,50001.920768870135,50005.0,50001.41,50001.000002366614
org.joda.time.LocalDateTime.getLocalMillis()J 50001.45290224033,50001.0,50001.0414507772,50001.084656084655,50000.0,50004.95291422754,50001.0,50062.21274377121,50000.081218274114,50147.94898743668,50002.548718661106,50005.020725388604,50245.58945193937,50001.90396341463,53748.0,50001.020725388604,50001.021164021164,50001.26058201058,50020.8253968254,50001.00096969697,50001.10286889997,50001.100363624464,50002.0,50001.04060913705,50001.908363636365,50001.00101626016,50001.021164021164,50001.951981707316,50001.97540023428,50001.913913448116,50005.0,50001.25,50001.000002161934
org.joda.time.LocalDateTime.getChronology()Lorg/joda/time/Chronology; 50001.450865580446,50001.0,50001.03980099502,50001.081218274114,50000.0,50004.95087808603,50001.0,50062.14736298484,50000.07804878049,50148.23996091739,50002.45174240503,50005.019900497515,50245.327648865205,50001.89989837398,53740.0,50001.019900497515,50001.02030456853,50001.26015228427,50019.97969543147,50001.000967819986,50001.10075854437,50001.09819944172,50002.0,50001.039024390244,50001.90466973143,50001.00101626016,50001.02030456853,50001.949949186994,50001.974332247555,50001.910523875755,50005.0,50001.17,50001.000002072324
org.joda.time.chrono.BasicChronology.getMonthOfYear(J)I 50001.78564154786,50001.0,50001.01882352941,50001.07600950119,53087.0,50008.78569610588,50002.0,50056.623735940695,50000.0372960373,50171.36475318504,50006.386764915704,50001.0,50001.0,50001.57215447154,53095.0,50001.00941176471,50001.00950118765,50001.504705882355,50004.67458432304,50001.001674340725,50001.097014250015,50001.08598996099,50001.0,50001.018648018646,50001.647551276685,50001.00203252032,50001.00941176471,50001.786077235774,50001.88022759602,50001.823480083855,50009.0,49998.68,50001.00941176471
org.joda.time.chrono.BasicMonthOfYearDateTimeField.get(J)I 50001.76883910387,50001.0,50001.01746724891,50001.0704845815,53021.0,50008.768897938404,50002.0,50056.02726596879,50000.03463203463,50172.480555274575,50006.489356824495,50001.0,50001.0,50001.53861788618,53029.0,50001.008733624454,50001.00881057269,50001.50436681222,50004.33480176212,50001.001651527666,50001.093453862704,50001.08194359035,50001.0,50001.017316017314,50001.62510322048,50001.00203252032,50001.008733624454,50001.76930894309,50001.8696151637,50001.81224152192,50009.0,49998.02,50001.008733624454
org.joda.time.chrono.BasicGJChronology.getDaysInYearMonth(II)I 50001.70646639511,50001.0,50001.01378122308,50001.055507372075,52776.0,50008.706541104606,50002.0,50057.85068161421,50000.02737382378,50178.95352736339,50007.05029011168,50005.00564971752,50228.12111306525,50001.64227642276,53233.0,50001.00689061154,50001.00693842151,50001.503445305774,50005.59090909091,50001.00157201808,50001.083009707516,50001.06977095023,50002.0,50001.01368691189,50001.69655172414,50001.00203252032,50001.00689061154,50001.82113821138,50001.90178571428,50001.77307616611,50009.0,49996.1,50001.00689061154
org.joda.time.chrono.BasicChronology.getMaxMonth(I)I 50001.7016293279,50001.0,50001.01355932203,50001.05460750853,52757.0,50008.70170526852,50002.0,50053.57375771238,50000.02693602694,50176.582002465184,50006.85102431521,50001.0,50001.0,50001.404471544716,52765.0,50001.00677966102,50001.006825938566,50001.50338983051,50003.35836177474,50001.001566170715,50001.08233869696,50001.06896962377,50001.0,50001.013468013465,50001.541111981205,50001.00203252032,50001.00677966102,50001.702235772354,50001.82507462687,50001.77019607843,50009.0,49995.38,50001.00677966102
org.joda.time.base.AbstractPartial.<init>()V 50001.68126272912,50001.0,50001.0126984127,50001.05111821086,52677.0,50008.6813438534,50002.0,50052.80733538795,50000.02523659306,50177.73112895385,50006.94841256353,50001.0,50001.0,50001.36382113821,52685.0,50001.00634920635,50001.00638977636,50001.503174603175,50003.143769968054,50001.00154202004,50001.079681907286,50001.06576836356,50001.0,50001.01261829653,50001.51734772552,50001.00203252032,50001.00634920635,50001.6819105691,50001.81087613293,50001.758301158305,50009.0,49994.58,50001.00634920635
org.joda.time.chrono.BasicChronology.getDayOfMonth(J)I 50001.68100814664,50001.0,50001.012688342584,50001.05107741421,52676.0,50008.68108933571,50002.0,50052.79768334588,50000.02521670607,50177.745256968796,50006.94959998999,50001.0,50001.0,50001.36331300813,52684.0,50001.00634417129,50001.00638467677,50001.50317208565,50003.141260973665,50001.00154172288,50001.079650306296,50001.065729995695,50001.0,50001.012608353034,50001.517055309305,50001.00203252032,50001.00634417129,50001.681656504064,50001.81069647983,50001.75815479637,50009.0,49994.57,50001.00634417129
org.joda.time.format.ISODateTimeFormat.dateTime()Lorg/joda/time/format/DateTimeFormatter; 50001.420061099794,50001.0,50001.024844720494,50001.05031446541,50000.0,50004.92008144566,50001.0,50063.665780135576,50000.0490797546,50152.06756207461,50008.937253933196,50009.470588235294,50502.326241084585,50001.99542682927,53928.0,50001.01242236025,50001.012578616355,50001.25628930818,50437.333333333336,50001.00094029149,50001.07930515857,50001.07602729962,50002.0,50001.024539877304,50001.995437262354,50001.00101626016,50001.012578616355,50001.99771341463,50001.998855398706,50001.862159789285,50005.0,50000.0,50001.00000127376
org.joda.time.chrono.BasicGJChronology.getTotalMillisByYearMonth(II)J 50001.67718940937,50001.0,50001.01253918495,50001.05047318612,52661.0,50008.67727157038,50002.0,50058.06137047075,50000.02492211838,50180.09668910429,50007.14403549602,50005.005847953216,50228.9649095804,50001.654471544716,53257.0,50001.00626959248,50001.006309148266,50001.503134796236,50005.788235294116,50001.001537279015,50001.07918075825,50001.06515904869,50002.0,50001.01246105919,50001.70537261698,50001.00203252032,50001.00626959248,50001.827235772354,50001.905450500555,50001.75596612779,50009.0,49996.34,50001.00626959248
org.joda.time.chrono.BasicChronology$YearInfo.<init>(IJ)V 50001.23014256619,50001.0,50001.04651162791,50001.04761904762,50000.0,50002.98014762026,50001.0,50063.06448259673,50000.09090909091,50139.17927779427,50006.212316100704,50007.066666666666,50373.1934980625,50001.95731707317,53853.0,50001.023255813954,50001.02380952381,50001.1375,50046.857142857145,50001.00049751244,50001.079056941504,50001.07820715473,50002.0,50001.045454545456,50001.95820895522,50001.000508130084,50001.025,50001.97865853659,50001.98921417566,50001.92641509434,50003.0,50000.32,50001.00000085467
org.joda.time.chrono.BasicChronology.getYearInfo(I)Lorg/joda/time/chrono/BasicChronology$YearInfo; 50001.614052953155,50001.0,50001.04651162791,50001.04761904762,52413.0,50008.61415118351,50002.0,50063.06448259673,50000.09090909091,50181.2833615958,50007.2398593468,50007.066666666666,50373.1934980625,50001.95731707317,53853.0,50001.023255813954,50001.02380952381,50001.50262467191,50046.857142857145,50001.00146735143,50001.079056941504,50001.07820715473,50002.0,50001.045454545456,50001.95820895522,50001.00203252032,50001.025,50001.97865853659,50001.98921417566,50001.92641509434,50009.0,50000.32,50001.005249343834
org.joda.time.DateTimeFieldType$StandardDateTimeFieldType.getDurationType()Lorg/joda/time/DurationFieldType; 50001.41929735234,50001.0,50001.02461538462,50001.04984423676,50000.0,50004.91931789259,50001.0,50061.12487006223,50000.048632218844,50152.152010742706,50002.343314488404,50005.012307692305,50241.23322001755,50001.8368902439,53616.0,50001.012307692305,50001.01246105919,50001.256230529594,50012.26168224299,50001.000939628844,50001.07893370379,50001.07563974911,50002.0,50001.024316109426,50001.84918957012,50001.00101626016,50001.01246105919,50001.91844512195,50001.957489074295,50001.86102586585,50005.0,49999.93,50001.0000012617
org.joda.time.chrono.BasicDayOfMonthDateTimeField.get(J)I 50001.67107942973,50001.0,50001.012307692305,50001.04953560371,52637.0,50008.67116314584,50002.0,50052.41984052873,50000.024464831804,50178.291918439165,50006.99536500234,50001.0,50001.0,50001.34349593496,52645.0,50001.00615384615,50001.006191950466,50001.50307692308,50003.04643962848,50001.00153022188,50001.078446454056,50001.06426289417,50001.0,50001.0122324159,50001.50573833206,50001.00203252032,50001.00615384615,50001.67174796748,50001.80364741641,50001.75249042146,50009.0,49994.18,50001.00615384615
org.joda.time.chrono.BasicChronology.getDayOfMonth(JII)I 50001.667769857435,50001.0,50001.01218583397,50001.04904214559,52624.0,50008.66785441588,50002.0,50052.29327441293,50000.02422407267,50178.47230066432,50007.010389649295,50001.0,50001.0,50001.3368902439,52632.0,50001.006092916985,50001.0061302682,50001.50304645849,50003.01609195402,50001.001526426255,50001.078057139224,50001.06378609806,50001.0,50001.01211203633,50001.502003434456,50001.00203252032,50001.006092916985,50001.66844512195,50001.80127912289,50001.750621058665,50009.0,49994.05,50001.006092916985
org.joda.time.chrono.BasicChronology.getYearMonthDayMillis(III)J 50001.66446028513,50001.0,50001.01206636501,50001.04855842185,52611.0,50008.664545685926,50002.0,50052.166395221866,50000.023988005996,50178.65178664928,50007.02530245891,50001.0,50001.0,50001.330284552845,52619.0,50001.0060331825,50001.00606980273,50001.503016591254,50002.986342943856,50001.00152264941,50001.07767356374,50001.063315165375,50001.0,50001.011994003,50001.498287019414,50001.00203252032,50001.0060331825,50001.665142276426,50001.79890143424,50001.748760960734,50009.0,49993.92,50001.0060331825
org.joda.time.chrono.BasicYearDateTimeField.get(J)I 50001.663696537675,50001.0,50001.01203912716,50001.048448145346,52608.0,50008.663782132855,50002.0,50052.137070702185,50000.023934181,50178.69308061871,50007.02872819845,50001.0,50001.0,50001.3287601626,52616.0,50001.00601956358,50001.00605601817,50001.503009781794,50002.979560938686,50001.00152178048,50001.07758584653,50001.06320730581,50001.0,50001.011967090504,50001.497431995434,50001.00203252032,50001.00601956358,50001.6643800813,50001.798351396734,50001.748333015814,50009.0,49993.89,50001.00601956358
org.joda.time.chrono.BasicGJChronology.getMonthOfYear(JI)I 50001.662423625254,50001.0,50001.011994003,50001.04826546003,52603.0,50008.66250954441,50002.0,50052.08815909778,50000.023845007454,50178.76179984,50007.03442482032,50001.0,50001.0,50001.32621951219,52611.0,50001.0059970015,50001.0060331825,50001.50299850075,50002.96832579186,50001.001520334474,50001.077440309266,50001.06302821173,50001.0,50001.01192250373,50001.496009122005,50001.00203252032,50001.0059970015,50001.6631097561,50001.7974335472,50001.7476208603,50009.0,49993.84,50001.0059970015
org.joda.time.chrono.BasicChronology.getYearMillis(I)J 50001.614052953155,50001.0,50001.01049868766,50001.04221635884,52413.0,50008.61415118351,50002.0,50050.193495504995,50000.02088772846,50181.2833615958,50007.2398593468,50001.0,50001.0,50001.22967479675,52421.0,50001.005249343834,50001.00527704485,50001.50262467191,50002.596306068604,50001.00146735143,50001.0724523556,50001.056774775054,50001.0,50001.01044386423,50001.44387380777,50001.00203252032,50001.005249343834,50001.614837398374,50001.76148521082,50001.72152828802,50009.0,49991.94,50001.005249343834
org.joda.time.chrono.AssembledChronology.year()Lorg/joda/time/DateTimeField; 50001.60285132383,50001.0,50001.010204081635,50001.041025641025,52369.0,50008.60295240519,50002.0,50049.744230427816,50000.02030456853,50181.8443522442,50007.284650771224,50001.0,50001.0,50001.20731707317,52377.0,50001.005102040814,50001.00512820513,50001.50255102041,50002.52307692308,50001.00145560408,50001.07142857143,50001.05545964353,50001.0,50001.01015228427,50001.43231441048,50001.00203252032,50001.005102040814,50001.60365853659,50001.752851711026,50001.71574344023,50009.0,49991.5,50001.005102040814
org.joda.time.chrono.AssembledChronology.getBase()Lorg/joda/time/Chronology; 50001.593940936866,50001.0,50001.00998128509,50001.040125391846,52334.0,50008.59404428608,50002.0,50049.38388161361,50000.01986343886,50182.28496802337,50007.31960846061,50001.0,50001.0,50001.18953252032,52342.0,50001.00499064255,50001.00501567398,50001.50249532127,50002.46771159874,50001.00144639306,50001.070644479936,50001.05444397955,50001.0,50001.009931719425,50001.4232507684,50001.00203252032,50001.00499064255,50001.59476626016,50001.74589772184,50001.711207676984,50009.0,49991.15,50001.00499064255
org.joda.time.chrono.AssembledChronology.dayOfMonth()Lorg/joda/time/DateTimeField; 50001.59139511202,50001.0,50001.00991940484,50001.03987538941,52324.0,50008.591499109185,50002.0,50049.2804308183,50000.01974090068,50182.40996817596,50007.32949059941,50001.0,50001.0,50001.18445121951,52332.0,50001.00495970242,50001.00498442368,50001.50247985121,50002.4523364486,50001.00144378271,50001.07042515472,50001.054158505955,50001.0,50001.00987045034,50001.42068218733,50001.00203252032,50001.00495970242,50001.592225609755,50001.74389660124,50001.70992228448,50009.0,49991.05,50001.00495970242
org.joda.time.chrono.AssembledChronology.monthOfYear()Lorg/joda/time/DateTimeField; 50001.584775967414,50001.0,50001.00976205003,50001.03923973023,52298.0,50008.58488164927,50002.0,50049.01041553663,50000.01942926533,50182.73315794056,50007.35496978849,50001.0,50001.0,50001.1712398374,52306.0,50001.004881025015,50001.00490496628,50001.50244051251,50002.413243408955,50001.0014370397,50001.06986433292,50001.053425706596,50001.0,50001.009714632666,50001.41404706305,50001.00203252032,50001.004881025015,50001.5856199187,50001.73866367569,50001.706601906815,50009.0,49990.79,50001.004881025015
org.joda.time.chrono.AssembledChronology.secondOfDay()Lorg/joda/time/DateTimeField; 50001.370417515274,50001.0,50001.01547388781,50001.03118908382,50000.0,50004.87045049631,50001.0,50059.50640990524,50000.030710172745,50156.9085452733,50003.56145043781,50005.00773694391,50234.75200533899,50001.73932926829,53424.0,50001.00773694391,50001.007797270955,50001.25389863548,50007.67251461988,50001.00089907845,50001.062439054105,50001.058219199134,50002.0,50001.01535508637,50001.76938637896,50001.00101626016,50001.007797270955,50001.86966463415,50001.9302894415,50001.79417711282,50005.0,49998.01,50001.000000785774
org.joda.time.field.PreciseDurationField.getUnitMillis()J 50001.35285132383,50001.0,50001.01365187713,50001.02749140893,50000.0,50004.85288877577,50001.0,50058.91372894228,50000.027118644066,50158.389147488284,50003.83577688832,50005.006825938566,50232.37847782367,50001.704268292684,53355.0,50001.006825938566,50001.00687285223,50001.253436426116,50006.762886597935,50001.0008853475,50001.05862103817,50001.05410420798,50002.0,50001.01355932203,50001.74236387782,50001.00101626016,50001.00687285223,50001.85213414634,50001.92016460905,50001.772619984265,50005.0,49997.32,50001.00000069197
org.joda.time.DateTimeUtils.setCurrentMillisFixed(J)V 50001.2917515275,50001.0,50001.00573476702,50001.02300503235,51147.0,50008.29193178926,50002.0,50034.97057550293,50000.011436740526,50195.092184904905,50008.262552442284,50001.0,50001.0,50000.58638211382,51155.0,50001.00286738351,50001.00287562904,50001.50143369176,50001.41480948958,50001.001190830604,50001.053547955264,50001.028923407815,50001.0,50001.00571837027,50001.171777314674,50001.00203252032,50001.00286738351,50001.29319105691,50001.453438113946,50001.58539493294,50009.0,49979.28,50001.00286738351
org.joda.time.DateTimeUtils.checkPermission()V 50001.29098778004,50001.0,50001.00572860723,50001.02298025135,51144.0,50008.291168236196,50002.0,50034.92639090738,50000.011424491255,50195.12061613578,50008.264509564164,50001.0,50001.0,50000.584857723574,51152.0,50001.00286430361,50001.00287253142,50001.50143215181,50001.41328545781,50001.00119029906,50001.053519189234,50001.0288700078,50001.0,50001.00571224563,50001.17125427764,50001.00203252032,50001.00286430361,50001.29242886179,50001.452526046785,50001.5851333234,50009.0,49979.25,50001.00286430361
org.joda.time.DateTimeUtils.setCurrentMillisSystem()V 50001.29098778004,50001.0,50001.00572860723,50001.02298025135,51144.0,50008.291168236196,50002.0,50034.92639090738,50000.011424491255,50195.12061613578,50008.264509564164,50001.0,50001.0,50000.584857723574,51152.0,50001.00286430361,50001.00287253142,50001.50143215181,50001.41328545781,50001.00119029906,50001.053519189234,50001.0288700078,50001.0,50001.00571224563,50001.17125427764,50001.00203252032,50001.00286430361,50001.29242886179,50001.452526046785,50001.5851333234,50009.0,49979.25,50001.00286430361
org.joda.time.chrono.BasicGJChronology.getDaysInMonthMaxForSet(JI)I 50001.28818737271,50001.0,50001.009523809524,50001.01913875598,50000.0,50004.78824128277,50001.0,50056.6776436283,50000.01895734597,50163.19192713165,50004.58390990452,50005.00476190476,50223.423020391325,50001.57520325203,53101.0,50001.00476190476,50001.004784688994,50001.2523923445,50004.70813397129,50001.000838222964,50001.0489115988,50001.04339565268,50002.0,50001.00947867298,50001.64962279966,50001.00101626016,50001.004784688994,50001.78760162602,50001.88118249005,50001.70243204578,50005.0,49994.78,50001.00000048072
org.joda.time.chrono.BasicDayOfMonthDateTimeField.getMaximumValueForSet(JI)I 50001.28691446029,50001.0,50001.009467455624,50001.01902497027,50000.0,50004.78696869432,50001.0,50056.632724182804,50000.018845700826,50163.27846921092,50004.5959633317,50005.00473372781,50223.24311012943,50001.572662601626,53096.0,50001.00473372781,50001.00475624257,50001.25237812129,50004.68014268728,50001.000837345615,50001.04876598491,50001.0432314636,50002.0,50001.00942285041,50001.64789616915,50001.00101626016,50001.00475624257,50001.78633130081,50001.880386858196,50001.70117815066,50005.0,49994.73,50001.00000047785
org.joda.time.chrono.BasicChronology.getDayOfMonth(JI)I 50001.28207739307,50001.0,50001.00925925926,50001.018604651166,50000.0,50004.782132858236,50001.0,50056.46169849545,50000.01843317972,50163.6049946046,50004.64108193765,50005.00462962963,50222.55811878602,50001.563008130084,53077.0,50001.00462962963,50001.00465116279,50001.252325581394,50004.576744186044,50001.00083402836,50001.04822428222,50001.042619473315,50002.0,50001.00921658986,50001.64136780651,50001.00101626016,50001.00465116279,50001.78150406504,50001.877353108954,50001.69645390071,50005.0,49994.54,50001.00000046724
org.joda.time.chrono.BasicMonthOfYearDateTimeField.set(JI)J 50001.28207739307,50001.0,50001.00925925926,50001.018604651166,50000.0,50004.782132858236,50001.0,50063.577951388645,50000.01843317972,50163.639153959695,50008.78048188642,50009.28571428572,50501.623611109186,50001.989837398374,53917.0,50001.00462962963,50001.00465116279,50001.252325581394,50196.8,50001.00083402836,50001.04822428222,50001.042619473315,50002.0,50001.00921658986,50001.989888776545,50001.00101626016,50001.00465116279,50001.99491869919,50001.99745287825,50001.69645390071,50005.0,49998.98,50001.00000046724
org.joda.time.field.PreciseDurationDateTimeField.set(JI)J 50001.27800407332,50001.0,50001.009090909094,50001.01826484018,50000.0,50004.77806057521,50001.0,50056.317266743754,50000.01809954751,50163.877163048404,50004.67826672775,50005.00454545455,50221.97963707093,50001.55487804878,53061.0,50001.00454545455,50001.004566210046,50001.25228310502,50004.49315068493,50001.000831255194,50001.047781848254,50001.04211820381,50002.0,50001.009049773755,50001.63591022444,50001.00101626016,50001.004566210046,50001.77743902439,50001.87478559177,50001.69252468265,50005.0,49994.38,50001.00000045867
org.joda.time.chrono.BasicYearDateTimeField.set(JI)J 50001.27571283096,50001.0,50001.00899887514,50001.018079096044,50000.0,50004.77576991601,50001.0,50056.23585791857,50000.01791713326,50164.02916108725,50004.69887065999,50005.00449943757,50221.6535746368,50001.55030487805,53052.0,50001.00449943757,50001.00451977401,50001.252259887005,50004.44745762712,50001.00082970338,50001.04753826885,50001.041841666476,50002.0,50001.00895856663,50001.63285625389,50001.00101626016,50001.00451977401,50001.775152439026,50001.87333619579,50001.690333919156,50005.0,49994.29,50001.00000045398
org.joda.time.chrono.BasicGJChronology.setYear(JI)J 50001.274949083505,50001.0,50001.008968609865,50001.01801801802,50000.0,50004.77500636294,50001.0,50062.0819122163,50000.017857142855,50164.079654422574,50008.06854519349,50009.03755868544,50489.655297730416,50001.895833333336,53732.0,50001.00448430493,50001.004504504504,50001.252252252256,50019.2,50001.0008291874,50001.04745789979,50001.04175033284,50002.0,50001.00892857143,50001.90099009901,50001.00101626016,50001.004504504504,50001.947916666664,50001.97326203209,50001.68960674157,50005.0,49997.13,50001.00000045244
org.joda.time.chrono.AssembledChronology.millisOfDay()Lorg/joda/time/DateTimeField; 50001.268584521385,50001.0,50001.00872410033,50001.017524644034,50000.0,50004.76864342072,50001.0,50055.98181517557,50000.01737242128,50164.497143791305,50004.76159897695,50005.00436205016,50220.63606261268,50001.536077235774,53024.0,50001.00436205016,50001.00438116101,50001.252190580504,50004.311062431545,50001.00082491236,50001.04680363772,50001.04100510317,50002.0,50001.00868621064,50001.62342751083,50001.00101626016,50001.00438116101,50001.76803861788,50001.86880298894,50001.68360598677,50005.0,49994.01,50001.00000044
org.joda.time.chrono.AssembledChronology.getDateTimeMillis(IIIIIII)J 50001.26298370672,50001.0,50001.00851970181,50001.017112299465,50000.0,50004.76304403156,50001.0,50063.07253821135,50000.01696712619,50165.039535434385,50008.4390688908,50009.08791208791,50497.58030569083,50001.95782520325,53854.0,50001.0042598509,50001.00427807487,50001.25213903743,50047.42168674699,50001.000821186615,50001.04624972901,50001.04037171494,50002.0,50001.0084835631,50001.95869619308,50001.00101626016,50001.00427807487,50001.978912601626,50001.98934394659,50001.67841105354,50005.0,49998.35,50001.0000004296
org.joda.time.chrono.BasicChronology.getDayOfYear(JI)I 50001.25509164969,50001.0,50001.00824742268,50001.016563147,50000.0,50004.7551539832,50001.0,50055.49770637375,50000.016427104725,50165.36364176648,50004.87506449476,50005.00412371134,50218.697037187005,50001.509146341465,52971.0,50001.00412371134,50001.00414078675,50001.25207039338,50004.07453416149,50001.00081599347,50001.04550157552,50001.039512418865,50002.0,50001.00821355236,50001.605875153,50001.00101626016,50001.00414078675,50001.75457317073,50001.86012163336,50001.67122351333,50005.0,49993.48,50001.000000415755
org.joda.time.field.PreciseDateTimeField.set(JI)J 50001.25050916497,50001.0,50001.00809716599,50001.0162601626,50000.0,50004.7505726648,50001.0,50055.332310828824,50000.01612903226,50165.652468612934,50004.91215435342,50005.004048582996,50218.03455946001,50001.5,52953.0,50001.004048582996,50001.00406504065,50001.25203252032,50004.0,50001.00081300813,50001.04508348173,50001.039030221116,50002.0,50001.00806451613,50001.6,50001.00101626016,50001.00406504065,50001.75,50001.857142857145,50001.667119565216,50005.0,49993.3,50001.00000040812
org.joda.time.chrono.AssembledChronology.minuteOfHour()Lorg/joda/time/DateTimeField; 50001.190936863546,50001.0,50001.00654664484,50001.013136288995,50000.0,50004.691015525575,50001.0,50053.13444159095,50000.01305057096,50169.19001970831,50005.340795178345,50005.00327332242,50209.23064135713,50001.381097560974,52719.0,50001.00327332242,50001.00328407225,50001.25164203613,50003.231527093594,50001.00077609623,50001.040522044925,50001.03365818795,50002.0,50001.006525285484,50001.52735739232,50001.00101626016,50001.00328407225,50001.69054878049,50001.8169522092,50001.61799874135,50005.0,49990.96,50001.000000329455
org.joda.time.chrono.AssembledChronology.hourOfDay()Lorg/joda/time/DateTimeField; 50001.18075356416,50001.0,50001.006339144216,50001.012718600956,50000.0,50004.68083481802,50001.0,50052.749396131745,50000.01263823065,50169.75937934719,50005.405889515096,50005.003169572105,50207.68817092422,50001.36077235772,52679.0,50001.003169572105,50001.00317965024,50001.25158982512,50003.12877583466,50001.00077011937,50001.03987261114,50001.03287343255,50002.0,50001.006319115324,50001.51559491721,50001.00101626016,50001.00317965024,50001.680386178865,50001.80979739946,50001.61031696706,50005.0,49990.56,50001.00000031895
org.joda.time.field.PreciseDateTimeField.getMaximumValue()I 50001.177953156825,50001.0,50001.006284367635,50001.012608353034,50000.0,50004.67803512344,50001.0,50052.6430053347,50000.012529365704,50169.914355415494,50005.42344192768,50005.00314218382,50207.26196934966,50001.35518292683,52668.0,50001.00314218382,50001.003152088255,50001.25157604413,50003.10165484634,50001.00076849184,50001.039699422276,50001.03266315305,50002.0,50001.00626468285,50001.51239193084,50001.00101626016,50001.003152088255,50001.67759146341,50001.80781462971,50001.608237844535,50005.0,49990.45,50001.00000031618
org.joda.time.format.ISODateTimeFormat.date()Lorg/joda/time/format/DateTimeFormatter; 5013.494399185336,5013.0,5013.266666666666,5013.615384615385,5012.0,5016.994400610843,5013.0,5075.529992803454,5012.470588235294,5151.037932687763,5016.362972530393,5017.133333333333,5262.863962987863,5013.986788617886,8923.0,5013.133333333333,5013.153846153846,5013.326923076923,5163.384615384615,5013.001009591116,5013.277350098113,5013.276430808865,5014.0,5013.235294117647,5013.986875315497,5013.001016260163,5013.153846153846,5013.993394308943,5013.996686209533,5013.988922457201,5017.0,5014.88,5013.000018179339
org.joda.time.format.ISODateTimeFormat.yearMonthDay()Lorg/joda/time/format/DateTimeFormatter; 50001.49236252546,50001.0,50001.21052631579,50001.470588235294,50000.0,50004.99236446933,50001.0,50063.665780135576,50000.380952380954,50139.82474250299,50008.937253933196,50009.470588235294,50502.326241084585,50001.99542682927,53928.0,50001.10526315789,50001.117647058825,50001.30882352941,50437.333333333336,50001.001007556675,50001.24253562504,50001.24148380038,50002.0,50001.19047619047,50001.995437262354,50001.00101626016,50001.117647058825,50001.99771341463,50001.998855398706,50001.984954864594,50005.0,50002.8,50001.00001333164
org.joda.time.LocalDateTime.size()I 5013.489816700611,5013.0,5013.166666666667,5013.363636363636,5012.0,5016.989819292441,5013.0,5075.385895841929,5012.307692307692,5152.672072248276,5016.110537683369,5017.083333333333,5262.286983214126,5013.977642276423,8905.0,5013.083333333333,5013.090909090909,5013.295454545455,5101.454545454545,5013.001005025126,5013.2132007163555,5013.212003368033,5014.0,5013.153846153846,5013.9778894472365,5013.001016260163,5013.090909090909,5013.988821138211,5013.994379151763,5013.9800399201595,5017.0,5014.7,5013.0000099988
org.joda.time.field.BaseDateTimeField.isSupported()Z 5013.941700610998,5013.0,5013.067510548523,5013.279475982533,8712.0,5020.941715449224,5014.0,5073.885137759555,5012.130612244898,5169.480262878361,5016.89008302616,5013.0,5013.0,5013.883638211382,8720.0,5013.033755274261,5013.034934497817,5013.516877637131,5029.187772925764,5013.001920768307,5013.18372608487,5013.178290107399,5013.0,5013.065306122449,5013.890036014406,5013.002032520325,5013.033755274261,5013.941819105691,5013.970037943216,5013.944912196295,5021.0,5016.81,5013.033755274261
org.joda.time.chrono.BasicChronology.getMillisOfDay(J)I 5013.465885947046,5013.0,5013.056338028169,5013.115942028986,5012.0,5016.965894629677,5013.0,5074.627915752522,5012.109589041096,5176.974302590166,5016.824498092852,5017.028169014085,5259.251903545942,5013.929878048781,8811.0,5013.028169014085,5013.028985507246,5013.264492753623,5040.521739130435,5013.000981836033,5013.120385853086,5013.118252290452,5014.0,5013.054794520548,5013.9322533136965,5013.001016260163,5013.028985507246,5013.96493902439,5013.982156710628,5013.936129647283,5017.0,5013.76,5013.000002984758
org.joda.time.DurationFieldType$StandardDurationFieldType.hashCode()I 5013.446792260693,5013.0,5013.036866359447,5013.075117370892,5012.0,5016.946805803003,5013.0,5074.016391240387,5012.0723981900455,5160.80434922274,5014.242243013745,5017.018433179724,5256.803199322732,5013.891768292683,8736.0,5013.018433179724,5013.018779342723,5013.2593896713615,5030.478873239436,5013.000964087732,5013.096900316622,5013.094236493278,5014.0,5013.036199095022,5013.897324656544,5013.001016260163,5013.018779342723,5013.945884146341,5013.972189580885,5013.903819604234,5017.0,5013.01,5013.000001913677
org.joda.time.chrono.ISOChronology.getInstanceUTC()Lorg/joda/time/chrono/ISOChronology; 5013.72148676171,5013.0,5013.014519056262,5013.058500914077,7847.0,5020.721557648257,5014.0,5066.310411741048,5012.028828828828,5187.423187745022,5018.751145174405,5013.0,5013.0,5013.444105691057,7855.0,5013.007259528131,5013.00731261426,5013.503629764065,5015.597806215722,5013.0015904572565,5013.085202864569,5013.07237163424,5013.0,5013.014414414414,5013.565009940357,5013.002032520325,5013.007259528131,5013.722052845528,5013.838595455887,5013.782158502589,5021.0,5008.16,5013.007259528131
org.joda.time.chrono.BasicChronology.getMaxMonth()I 5013.718177189409,5013.0,5013.0143497757845,5013.057813911472,7834.0,5020.7182489183,5014.0,5066.188344587888,5012.028495102404,5187.619126447167,5018.768154775942,5013.0,5013.0,5013.4375,7842.0,5013.007174887893,5013.007226738934,5013.503587443946,5015.555555555556,5013.001586357327,5013.084704709978,5013.07178329068,5013.0,5013.014247551202,5013.5609756097565,5013.002032520325,5013.007174887893,5013.71875,5013.836363636364,5013.780139026812,5021.0,5008.03,5013.007174887893
org.joda.time.DateTimeFieldType.millisOfDay()Lorg/joda/time/DateTimeFieldType; 5013.427953156823,5013.0,5013.027491408935,5013.05574912892,5012.0,5016.9279714940185,5013.0,5073.406953242155,5012.0542372881355,5163.1701207692,5013.906975105094,5017.0137457044675,5254.36279746473,5013.854166666667,8662.0,5013.0137457044675,5013.01393728223,5013.256968641115,5025.714285714285,5013.000947193938,5013.083478387113,5013.080370914668,5014.0,5013.027118644068,5013.864077669903,5013.001016260163,5013.01393728223,5013.927083333333,5013.962162162162,5013.874054294615,5017.0,5012.27,5013.000001413282
org.joda.time.field.FieldUtils.verifyValueBounds(Lorg/joda/time/DateTimeFieldType;III)V 5013.7013747454175,5013.0,5013.013547840813,5013.054560954817,7768.0,5020.7014507508275,5014.0,5075.513998432351,5012.026913372582,5188.611200325963,5020.715430256635,5021.222222222223,5513.111987458809,5013.985772357723,8921.0,5013.006773920407,5013.006820119352,5013.503386960203,5152.571428571428,5013.001565864161,5013.08230382984,5013.068927909446,5013.0,5013.013456686291,5013.985872855701,5013.002032520325,5013.006773920407,5013.992886178862,5013.996430392657,5013.770045089198,5021.0,5010.9,5013.006773920407
org.joda.time.DateTimeFieldType.dayOfMonth()Lorg/joda/time/DateTimeFieldType; 5013.656059063136,5013.0,5013.011773362767,5013.0473723168025,7590.0,5020.6561466021885,5014.0,5063.842895275545,5012.023408924652,5191.103468826917,5019.062668710971,5013.0,5013.0,5013.313516260163,7598.0,5013.005886681383,5013.0059215396,5013.502943340692,5014.913397483346,5013.001513145451,5013.076724711686,5013.062145077628,5013.0,5013.011704462327,5013.488935123889,5013.002032520325,5013.005886681383,5013.6567581300815,5013.792823186628,5013.744080318242,5021.0,5005.59,5013.005886681383
org.joda.time.chrono.GregorianChronology.getApproxMillisAtEpochDividedByTwo()J 5013.651221995927,5013.0,5013.011611030479,5013.046715328467,7571.0,5020.6513107660985,5014.0,5063.655700567656,5012.023088023088,5191.361027974583,5019.083873030122,5013.0,5013.0,5013.303861788618,7579.0,5013.005805515239,5013.005839416059,5013.50290275762,5014.87299270073,5013.001507727101,5013.076193931776,5013.061487228118,5013.0,5013.011544011544,5013.483603467772,5013.002032520325,5013.005805515239,5013.651930894309,5013.789295601354,5013.74141185353,5021.0,5005.4,5013.005805515239
org.joda.time.chrono.GregorianChronology.getAverageMillisPerYearDividedByTwo()J 5013.651221995927,5013.0,5013.011611030479,5013.046715328467,7571.0,5020.6513107660985,5014.0,5063.655700567656,5012.023088023088,5191.361027974583,5019.083873030122,5013.0,5013.0,5013.303861788618,7579.0,5013.005805515239,5013.005839416059,5013.50290275762,5014.87299270073,5013.001507727101,5013.076193931776,5013.061487228118,5013.0,5013.011544011544,5013.483603467772,5013.002032520325,5013.005805515239,5013.651930894309,5013.789295601354,5013.74141185353,5021.0,5005.4,5013.005805515239
org.joda.time.chrono.GregorianChronology.getMinYear()I 5013.647148676171,5013.0,5013.011477761836,5013.046176046176,7555.0,5020.647238483075,5014.0,5063.49752469181,5012.022824536377,5191.576537865912,5019.101558894084,5013.0,5013.0,5013.295731707317,7563.0,5013.005738880918,5013.005772005772,5013.502869440459,5014.839826839827,5013.001503194288,5013.075755401908,5013.060941850882,5013.0,5013.011412268188,5013.4791431792555,5013.002032520325,5013.005738880918,5013.647865853659,5013.786308973173,5013.739179525781,5021.0,5005.24,5013.005738880918
org.joda.time.chrono.GregorianChronology.getMaxYear()I 5013.646894093687,5013.0,5013.01146953405,5013.046142754146,7554.0,5020.6469839653855,5014.0,5063.487622245458,5012.022808267997,5191.589965827011,5019.102659166222,5013.0,5013.0,5013.295223577235,7562.0,5013.005734767025,5013.005767844268,5013.502867383512,5014.837779379956,5013.001502911892,5013.075728244567,5013.060908020138,5013.0,5013.011404133998,5013.478865301522,5013.002032520325,5013.005734767025,5013.647611788618,5013.786121819584,5013.739040451552,5021.0,5005.23,5013.005734767025
org.joda.time.DateTimeFieldType.monthOfYear()Lorg/joda/time/DateTimeFieldType; 5013.622963340123,5013.0,5013.010745466756,5013.043214044565,7460.0,5020.623059302621,5014.0,5062.54795656735,5012.021376085504,5192.831279737727,5019.203528254936,5013.0,5013.0,5013.247459349594,7468.0,5013.005372733378,5013.00540175557,5013.502686366689,5014.657663740716,5013.001476832195,5013.07329893163,5013.057853400339,5013.0,5013.010688042752,5013.453202879823,5013.002032520325,5013.005372733378,5013.623729674797,5013.768267876701,5013.726197078942,5021.0,5004.29,5013.005372733378
org.joda.time.DateTimeFieldType.year()Lorg/joda/time/DateTimeFieldType; 5013.621181262729,5013.0,5013.010695187166,5013.043010752688,7453.0,5020.621277678799,5014.0,5062.477267507412,5012.021276595745,5192.922119971911,5019.210845598143,5013.0,5013.0,5013.243902439024,7461.0,5013.005347593583,5013.0053763440865,5013.502673796792,5014.645161290323,5013.001474926254,5013.073127242413,5013.057635275087,5013.0,5013.010638297872,5013.451327433629,5013.002032520325,5013.005347593583,5013.621951219512,5013.766917293233,5013.725258493353,5021.0,5004.22,5013.005347593583
org.joda.time.chrono.ISOChronology.withUTC()Lorg/joda/time/Chronology; 5013.616089613035,5013.0,5013.010554089709,5013.042440318302,7433.0,5020.616187325019,5014.0,5062.27473997902,5012.020997375328,5193.180492605834,5019.231611001811,5013.0,5013.0,5013.233739837398,7441.0,5013.005277044855,5013.005305039787,5013.502638522427,5014.6100795755965,5013.001469507715,5013.072643271229,5013.05701870327,5013.0,5013.010498687664,5013.445995591477,5013.002032520325,5013.005277044855,5013.616869918699,5013.763042111879,5013.722590139809,5021.0,5004.02,5013.005277044855
org.joda.time.field.BaseDateTimeField.getType()Lorg/joda/time/DateTimeFieldType; 5013.3841649694505,5013.0,5013.017278617711,5013.034858387799,5012.0,5016.884194451514,5013.0,5071.966091951223,5012.03426124197,5167.678245935641,5015.308837154868,5017.008639308855,5248.592869162036,5013.766768292683,8490.0,5013.008639308855,5013.00871459695,5013.254357298475,5020.575163398693,5013.000910125143,5013.066009836199,5013.062033366909,5014.0,5013.017130620985,5013.791126279863,5013.001016260163,5013.00871459695,5013.883384146341,5013.93808174828,5013.811905746176,5017.0,5010.55,5013.000000879031
org.joda.time.DateTimeUtils.getChronology(Lorg/joda/time/Chronology;)Lorg/joda/time/Chronology; 5013.360234215886,5013.0,5013.006346687822,5013.025467568643,6428.0,5020.360397047595,5014.0,5065.85830114561,5012.012653222618,5208.152721137198,5020.335203078937,5021.006956521739,5435.866409164881,5013.419715447155,7807.0,5013.003173343911,5013.003183446081,5013.501586671956,5015.446584938704,5013.001240502404,5013.056332441019,5013.033810457784,5013.0,5013.006326611308,5013.550216620717,5013.002032520325,5013.003173343911,5013.709857723577,5013.830312035661,5013.609843192051,5021.0,4999.76,5013.003173343911
org.joda.time.DateTimeUtils$FixedMillisProvider.<init>(J)V 5013.291751527495,5013.0,5013.005734767025,5013.023005032351,6159.0,5020.291931789259,5014.0,5046.970575502926,5012.011436740529,5207.092184904902,5020.2625524422865,5013.0,5013.0,5012.586382113821,6167.0,5013.002867383512,5013.002875629044,5013.501433691757,5013.414809489575,5013.001190830604,5013.05354795526,5013.028923407816,5013.0,5013.005718370265,5013.171777314677,5013.002032520325,5013.002867383512,5013.2931910569105,5013.453438113949,5013.585394932936,5021.0,4991.28,5013.002867383512
org.joda.time.DateTimeZone.setDefault(Lorg/joda/time/DateTimeZone;)V 5013.249236252545,5013.0,5013.005410889415,5013.021702271956,5992.0,5020.2494273351995,5014.0,5075.665780135573,5012.010792580101,5208.652212857481,5020.9372539331935,5021.470588235294,5514.3262410845855,5013.995426829269,8940.0,5013.002705444707,5013.002712783995,5013.501352722354,5449.333333333333,5013.00116194626,5013.052013889563,5013.025967188919,5013.0,5013.00539629005,5013.995437262357,5013.002032520325,5013.002705444707,5013.997713414634,5013.998855398703,5013.571179293296,5021.0,5012.0,5013.002705444707
org.joda.time.DateTimeZone.getDefault()Lorg/joda/time/DateTimeZone; 5013.176680244399,5013.0,5013.00493522517,5013.019789734076,5707.0,5020.176889793841,5014.0,5039.495282598984,5012.009846153846,5211.215785760391,5020.5411052792315,5013.0,5013.0,5012.356707317073,5715.0,5013.002467612585,5013.00247371676,5013.5012338062925,5013.21706864564,5013.001115760111,5013.049675070053,5013.020880095655,5013.0,5013.004923076923,5013.097907949791,5013.002032520325,5013.002467612585,5013.178353658536,5013.3027166882275,5013.548450153588,5021.0,4986.76,5013.002467612585
org.joda.time.field.PreciseDurationDateTimeField.getDurationField()Lorg/joda/time/DurationField; 5013.273930753564,5013.0,5013.008928571428,5013.017937219731,5012.0,5016.773988292186,5013.0,5068.172456896535,5012.017777777778,5176.146845779442,5016.714744789552,5017.004464285715,5233.399637023294,5013.54674796748,8057.0,5013.004464285715,5013.004484304933,5013.252242152466,5016.412556053811,5013.000828500414,5013.047351372381,5013.041629202457,5014.0,5013.008888888889,5013.6304888152445,5013.001016260163,5013.004484304933,5013.7733739837395,5013.872206303725,5013.688639551192,5017.0,5006.22,5013.000000450405
org.joda.time.chrono.BasicDayOfMonthDateTimeField.getMinimumValue()I 5013.241598778004,5013.0,5013.007820136852,5013.015701668302,5012.0,5016.741664545686,5013.0,5067.009258465563,5012.015579357351,5178.206581572087,5016.982344114231,5017.003910068426,5228.740584962588,5013.482215447155,7930.0,5013.003910068426,5013.003925417075,5013.251962708538,5015.862610402355,5013.000807265388,5013.044302466497,5013.038125402412,5014.0,5013.007789678676,5013.588698284561,5013.001016260163,5013.003925417075,5013.741107723577,5013.851305997374,5013.6592816381335,5017.0,5004.95,5013.000000394049
org.joda.time.DateTimeFieldType.millisOfSecond()Lorg/joda/time/DateTimeFieldType; 5013.212576374745,5013.0,5013.0070360598065,5013.014121800529,5012.0,5016.712649529142,5013.0,5065.943365967796,5012.014022787029,5179.948112160762,5017.19530633361,5017.003518029903,5224.471038206181,5013.424288617886,7816.0,5013.003518029903,5013.0035304501325,5013.251765225066,5015.473962930274,5013.000789110278,5013.042014581591,5013.035440974337,5014.0,5013.007011393514,5013.552969027422,5013.001016260163,5013.0035304501325,5013.712144308943,5013.8318741653065,5013.634982217912,5017.0,5003.81,5013.00000035426
org.joda.time.DateTimeFieldType.minuteOfHour()Lorg/joda/time/DateTimeFieldType; 5013.207993890021,5013.0,5013.006926406926,5013.013900955691,5012.0,5016.708068210741,5013.0,5065.773099207835,5012.013805004314,5180.214905371691,5017.226983373962,5017.003463203463,5223.788994020087,5013.415142276423,7798.0,5013.003463203463,5013.003475238923,5013.251737619461,5015.419635099913,5013.000786318065,5013.041684762939,5013.035049351396,5014.0,5013.006902502157,5013.547473953214,5013.001016260163,5013.003475238923,5013.707571138211,5013.828745722362,5013.6313082610095,5017.0,5003.63,5013.0000003487
org.joda.time.DateTimeFieldType.hourOfDay()Lorg/joda/time/DateTimeFieldType; 5013.202902240326,5013.0,5013.006808510639,5013.01366353544,5012.0,5016.702977856961,5013.0,5065.58326730054,5012.013570822731,5180.5088986330165,5017.26161726403,5017.003404255319,5223.028569485201,5013.404979674797,7778.0,5013.003404255319,5013.00341588386,5013.25170794193,5015.36122971819,5013.000783238692,5013.041327254082,5013.034623394932,5014.0,5013.006785411366,5013.541413745839,5013.001016260163,5013.00341588386,5013.702489837398,5013.825249962692,5013.627275630789,5017.0,5003.43,5013.000000342725
org.joda.time.chrono.AssembledChronology.secondOfMinute()Lorg/joda/time/DateTimeField; 5013.201883910387,5013.0,5013.006785411366,5013.013617021276,5012.0,5016.701959786205,5013.0,5065.545218621679,5012.013524936602,5180.567394192476,5017.268474817138,5017.003392705683,5222.876153957519,5013.402947154472,7774.0,5013.003392705683,5013.003404255319,5013.25170212766,5015.349787234042,5013.00078262571,5013.0412568498505,5013.034539328327,5014.0,5013.006762468301,5013.540207395813,5013.001016260163,5013.003404255319,5013.701473577235,5013.8245483052115,5013.626475279107,5017.0,5003.39,5013.000000341554
org.joda.time.field.PreciseDurationDateTimeField.getMinimumValue()I 5013.178716904277,5013.0,5013.006299212599,5013.012638230648,5012.0,5016.678798676508,5013.0,5064.672042731056,5012.012558869702,5181.872156264602,5017.41866940794,5017.003149606299,5219.378293432231,5013.356707317073,7683.0,5013.003149606299,5013.003159557662,5013.251579778831,5015.109004739336,5013.000768935025,5013.039746431676,5013.032720273098,5014.0,5013.0062794348505,5013.513264129181,5013.001016260163,5013.003159557662,5013.678353658536,5013.808356039964,5013.608803471791,5017.0,5002.48,5013.000000316925
org.joda.time.DateTimeFieldType.secondOfMinute()Lorg/joda/time/DateTimeFieldType; 5013.178462321792,5013.0,5013.006294256491,5013.012628255722,5012.0,5016.678544158819,5013.0,5064.662365412358,5012.012549019608,5181.886228215773,5017.420261450167,5017.0031471282455,5219.339526024463,5013.356199186992,7682.0,5013.0031471282455,5013.00315706393,5013.251578531966,5015.106550907656,5013.0007687872385,5013.039730743327,5013.03270121412,5014.0,5013.006274509804,5013.5129732846435,5013.001016260163,5013.00315706393,5013.678099593496,5013.8081756245265,5013.60861481252,5017.0,5002.47,5013.000000316674
org.joda.time.field.FieldUtils.verifyValueBounds(Lorg/joda/time/DateTimeField;III)V 5013.17184317719,5013.0,5013.0061680801855,5013.012374323279,5012.0,5016.671926698906,5013.0,5075.088646305102,5012.012298232129,5182.291918439162,5020.446878289235,5021.08988764045,5509.709170440812,5013.9588414634145,8868.0,5013.003084040092,5013.00309358082,5013.2515467904095,5060.592592592592,5013.00076496462,5013.039329256411,5013.0322122309735,5014.0,5013.006149116065,5013.959671396565,5013.001016260163,5013.00309358082,5013.979420731707,5013.989603388525,5013.603750384261,5017.0,5010.37,5013.000000310287
org.joda.time.field.PreciseDurationDateTimeField.getUnitMillis()J 5013.130600814664,5013.0,5013.005483207677,5013.010996563574,5012.0,5016.630694833291,5013.0,5062.809637621649,5012.010936431989,5184.439510837421,5017.700212113244,5017.002741603838,5211.917068146502,5013.260670731707,7494.0,5013.002741603838,5013.002749140894,5013.251374570446,5014.705154639175,5013.00074197737,5013.037075199888,5013.02941781321,5014.0,5013.005468215994,5013.46021146355,5013.001016260163,5013.002749140894,5013.630335365854,5013.773258532025,5013.575109809663,5017.0,5000.59,5013.000000275644
