org.joda.time.DateTimeZone.getOffsetFromLocal(J)I 500001.8144702842,500001.0,500001.00278164115,500001.00139275764,503153.0,500001.81451821234,500002.0,500063.15303693304,500000.0055555556,500154.52953154343,500006.2068112529,500002.1111111111,500063.15303693304,500001.9958667011,503864.0,500001.0013908206,500001.00139275764,500001.5006954103,500483.875,500001.0002179124,500001.037293707,500001.03365682747,500001.0,500001.0027777778,500001.9958752256,500001.0002583312,500001.0013908206,500001.99793335056,500001.9989656064,500001.8435047951,500002.0,499998.99,500001.0013908206
org.joda.time.chrono.AssembledChronology.getDateTimeMillis(IIIIIII)J 500001.76382428943,500001.0007097232,500001.0021857924,500001.0010940919,502957.0,500001.76388530096,500002.0,500062.603571325,500000.00436681224,500157.83246077143,500006.5148719524,500002.012987013,500062.603571325,500001.96073366055,503796.0,500001.00109289616,500001.0010940919,500001.5005464481,500050.9342105263,500001.0002089864,500001.03305898025,500001.02889257076,500001.0,500001.0021834061,500001.9614897391,500001.0002583312,500001.00109289616,500001.98036683025,500001.9900860944,500001.8089464883,500002.0,499998.35,500001.00109289616
org.joda.time.tz.DateTimeZoneBuilder$OfYear.readFrom(Ljava/io/DataInput;)Lorg/joda/time/tz/DateTimeZoneBuilder$OfYear; 50001.99612403101,50001.0,50001.125,50001.066666666666,53856.0,50001.99612503229,50002.0,50063.09669878504,50000.23529411765,50131.29163146617,50002.96798967126,50001.0,50001.0,50001.992250064584,53857.0,50001.0625,50001.066666666666,50001.53125,50258.066666666666,50001.00025733402,50001.25,50001.249515033494,50001.0,50001.117647058825,50001.992279979415,50001.00025833118,50001.0625,50001.99612503229,50001.998058755016,50001.99613899614,50002.0,49999.95,50001.0625
org.joda.time.tz.DateTimeZoneBuilder$PrecalculatedZone.readFrom(Ljava/io/DataInput;Ljava/lang/String;)Lorg/joda/time/tz/DateTimeZoneBuilder$PrecalculatedZone; 50001.99612403101,50001.0,50001.125,50001.066666666666,53856.0,50001.99612503229,50002.0,50063.09669878504,50000.23529411765,50131.77754706351,50003.08779762993,50001.0,50001.0,50001.992250064584,53857.0,50001.0625,50001.066666666666,50001.53125,50258.066666666666,50001.00025733402,50001.25,50001.249515033494,50001.0,50001.117647058825,50001.992279979415,50001.00025833118,50001.0625,50001.99612503229,50001.998058755016,50001.99613899614,50002.0,49999.95,50001.0625
org.joda.time.tz.DateTimeZoneBuilder$Recurrence.readFrom(Ljava/io/DataInput;)Lorg/joda/time/tz/DateTimeZoneBuilder$Recurrence; 50001.99612403101,50001.0,50001.125,50001.066666666666,53856.0,50001.99612503229,50002.0,50063.09669878504,50000.23529411765,50131.29163146617,50002.96798967126,50001.0,50001.0,50001.992250064584,53857.0,50001.0625,50001.066666666666,50001.53125,50258.066666666666,50001.00025733402,50001.25,50001.249515033494,50001.0,50001.117647058825,50001.992279979415,50001.00025833118,50001.0625,50001.99612503229,50001.998058755016,50001.99613899614,50002.0,49999.95,50001.0625
org.joda.time.tz.DateTimeZoneBuilder$OfYear.<init>(CIIIZI)V 50001.995090439275,50001.0,50001.1,50001.05263157895,53852.0,50001.99509170757,50002.0,50063.06448259673,50000.19047619047,50131.77754706351,50003.08779762993,50001.0,50001.0,50001.99018341514,53853.0,50001.05,50001.05263157895,50001.525,50203.73684210526,50001.00025706941,50001.22360679775,50001.2230572168,50001.0,50001.09523809524,50001.99023136247,50001.00025833118,50001.05,50001.99509170757,50001.99753981613,50001.9951144253,50002.0,49999.91,50001.05
org.joda.time.tz.ZoneInfoProvider.getZone(Ljava/lang/String;)Lorg/joda/time/DateTimeZone; 50001.995090439275,50001.0,50001.1,50001.05263157895,53852.0,50001.99509170757,50002.0,50063.19324722186,50000.19047619047,50139.58417318056,50004.48791127476,50002.25,50063.19324722186,50001.998450012914,53869.0,50001.05,50001.05263157895,50001.525,51290.333333333336,50001.00025706941,50001.22360679775,50001.2230572168,50001.0,50001.09523809524,50001.998451213214,50001.00025833118,50001.05,50001.99922500646,50001.999612353015,50001.9951144253,50002.0,49999.91,50001.05
org.joda.time.tz.ZoneInfoProvider.loadZoneData(Ljava/lang/String;)Lorg/joda/time/DateTimeZone; 50001.995090439275,50001.0,50001.1,50001.05263157895,53852.0,50001.99509170757,50002.0,50063.06448259673,50000.19047619047,50131.77754706351,50003.08779762993,50001.0,50001.0,50001.99018341514,53853.0,50001.05,50001.05263157895,50001.525,50203.73684210526,50001.00025706941,50001.22360679775,50001.2230572168,50001.0,50001.09523809524,50001.99023136247,50001.00025833118,50001.05,50001.99509170757,50001.99753981613,50001.9951144253,50002.0,49999.91,50001.05
org.joda.time.tz.ZoneInfoProvider.openResource(Ljava/lang/String;)Ljava/io/InputStream; 50001.995090439275,50001.0,50001.1,50001.05263157895,53852.0,50001.99509170757,50002.0,50063.201286160336,50000.19047619047,50131.89078407497,50003.11474252688,50002.333333333336,50063.201286160336,50001.99896667528,53870.0,50001.05,50001.05263157895,50001.525,51935.5,50001.00025706941,50001.22360679775,50001.2230572168,50001.0,50001.09523809524,50001.998967208885,50001.00025833118,50001.05,50001.99948333764,50001.99974160207,50001.9951144253,50002.0,50000.0,50001.05
org.joda.time.tz.CachedDateTimeZone.<init>(Lorg/joda/time/DateTimeZone;)V 50001.99431524548,50001.0,50001.086956521736,50001.045454545456,53849.0,50001.99431671403,50002.0,50063.040309476986,50000.166666666664,50132.10906387979,50003.165736770665,50001.0,50001.0,50001.98863342805,53850.0,50001.04347826087,50001.045454545456,50001.52173913043,50175.954545454544,50001.00025687131,50001.20851441406,50001.20792089272,50001.0,50001.083333333336,50001.98869766247,50001.00025833118,50001.04347826087,50001.99431671403,50001.99715025907,50001.99434737924,50002.0,49999.88,50001.04347826087
org.joda.time.tz.CachedDateTimeZone.forZone(Lorg/joda/time/DateTimeZone;)Lorg/joda/time/tz/CachedDateTimeZone; 50001.99431524548,50001.0,50001.086956521736,50001.045454545456,53849.0,50001.99431671403,50002.0,50063.040309476986,50000.166666666664,50132.10906387979,50003.165736770665,50001.0,50001.0,50001.98863342805,53850.0,50001.04347826087,50001.045454545456,50001.52173913043,50175.954545454544,50001.00025687131,50001.20851441406,50001.20792089272,50001.0,50001.083333333336,50001.98869766247,50001.00025833118,50001.04347826087,50001.99431671403,50001.99715025907,50001.99434737924,50002.0,49999.88,50001.04347826087
org.joda.time.DateTimeZone.<init>(Ljava/lang/String;)V 50001.989405684755,50001.0,50001.04761904762,50001.0243902439,53830.0,50001.9894084216,50002.0,50063.201286160336,50000.09302325582,50133.899388818376,50003.54572989502,50002.333333333336,50063.201286160336,50001.99896667528,53870.0,50001.02380952381,50001.0243902439,50001.51190476191,51935.5,50001.00025562372,50001.15430334996,50001.15348380439,50001.0,50001.04651162791,50001.998967208885,50001.00025833118,50001.02380952381,50001.99948333764,50001.99974160207,50001.989516747635,50002.0,50000.0,50001.02380952381
org.joda.time.tz.DateTimeZoneBuilder$DSTZone.equals(Ljava/lang/Object;)Z 50001.9842377261,50001.00398406375,50001.032258064515,50001.016393442624,53810.0,50001.98424179798,50002.0,50062.725197448046,50000.06349206349,50135.228897795874,50003.79468239267,50001.0,50001.0,50001.96848359597,53811.0,50001.01612903226,50001.016393442624,50001.50806451613,50063.45901639344,50001.0002543235,50001.127000127,50001.125995246075,50001.0,50001.031746031746,50001.96897253306,50001.00025833118,50001.01612903226,50001.98424179798,50001.99205832574,50001.98448232002,50002.0,49999.49,50001.01612903226
org.joda.time.tz.DateTimeZoneBuilder$OfYear.equals(Ljava/lang/Object;)Z 50001.9842377261,50001.0,50001.032258064515,50001.016393442624,53810.0,50001.98424179798,50002.0,50062.725197448046,50000.06349206349,50135.228897795874,50003.79468239267,50001.0,50001.0,50001.96848359597,53811.0,50001.01612903226,50001.016393442624,50001.50806451613,50063.45901639344,50001.0002543235,50001.127000127,50001.125995246075,50001.0,50001.031746031746,50001.96897253306,50001.00025833118,50001.01612903226,50001.98424179798,50001.99205832574,50001.98448232002,50002.0,49999.49,50001.01612903226
org.joda.time.tz.DateTimeZoneBuilder$Recurrence.equals(Ljava/lang/Object;)Z 50001.9842377261,50001.0,50001.032258064515,50001.016393442624,53810.0,50001.98424179798,50002.0,50062.725197448046,50000.06349206349,50135.228897795874,50003.79468239267,50001.0,50001.0,50001.96848359597,53811.0,50001.01612903226,50001.016393442624,50001.50806451613,50063.45901639344,50001.0002543235,50001.127000127,50001.125995246075,50001.0,50001.031746031746,50001.96897253306,50001.00025833118,50001.01612903226,50001.98424179798,50001.99205832574,50001.98448232002,50002.0,49999.49,50001.01612903226
org.joda.time.tz.CachedDateTimeZone.createInfo(J)Lorg/joda/time/tz/CachedDateTimeZone$Info; 50001.983979328164,50001.0,50001.031746031746,50001.01612903226,53809.0,50001.9839834668,50002.0,50062.71709649684,50000.0625,50139.6252037357,50004.493788146945,50001.0,50001.0,50001.96796693361,53810.0,50001.01587301587,50001.01612903226,50001.50793650794,50062.43548387097,50001.00025425883,50001.12598815767,50001.124974875456,50001.0,50001.03125,50001.9684719044,50001.00025833118,50001.01587301587,50001.9839834668,50001.991927083334,50001.98423194303,50002.0,49999.48,50001.01587301587
org.joda.time.tz.CachedDateTimeZone.equals(Ljava/lang/Object;)Z 50001.98217054264,50001.0,50001.02857142857,50001.014492753624,53802.0,50001.98217514854,50002.0,50063.201286160336,50000.05633802817,50138.14245341473,50004.27472217062,50002.333333333336,50063.201286160336,50001.99896667528,53870.0,50001.014285714286,50001.014492753624,50001.50714285715,51935.5,50001.000253807106,50001.119522860936,50001.11845255486,50001.0,50001.028169014084,50001.998967208885,50001.00025833118,50001.014285714286,50001.99948333764,50001.99974160207,50001.98248286367,50002.0,50000.0,50001.014285714286
org.joda.time.tz.DateTimeZoneBuilder$PrecalculatedZone.equals(Ljava/lang/Object;)Z 50001.9819121447,50001.0,50001.028169014084,50001.014285714286,53801.0,50001.981916817356,50002.0,50062.6522505672,50000.055555555555,50135.785248385306,50003.89250760852,50001.0,50001.0,50001.96383363472,53802.0,50001.01408450704,50001.014285714286,50001.50704225352,50055.3,50001.000253742706,50001.11867816582,50001.117599951176,50001.0,50001.02777777778,50001.96447602131,50001.00025833118,50001.01408450704,50001.981916817356,50001.99087591241,50001.98223350254,50002.0,49999.4,50001.01408450704
org.joda.time.tz.DateTimeZoneBuilder$OfYear.next(JII)J 50001.97622739018,50001.0,50001.021505376346,50001.010869565216,53779.0,50001.976233531386,50002.0,50063.16108107168,50000.04255319149,50137.418648119965,50004.162277660165,50002.125,50063.16108107168,50001.99638336347,53865.0,50001.01075268817,50001.010869565216,50001.50537634409,50553.0,50001.00025233409,50001.10369516947,50001.102455203436,50001.0,50001.02127659575,50001.9963898917,50001.00025833118,50001.01075268817,50001.998191681734,50001.99909502263,50001.976779404344,50002.0,49999.18,50001.01075268817
org.joda.time.tz.DateTimeZoneBuilder$DSTZone.getOffset(J)I 50001.97571059431,50001.00146842878,50001.02105263158,50001.01063829787,53777.0,50001.97571686903,50002.0,50062.45730225124,50000.041666666664,50137.114007834796,50004.11373725848,50001.0,50001.0,50001.95143373805,53778.0,50001.01052631579,50001.01063829787,50001.505263157895,50041.18085106383,50001.00025220681,50001.10259783521,50001.1013441554,50001.0,50001.020833333336,50001.9525851198,50001.00025833118,50001.01052631579,50001.97571686903,50001.98770920502,50001.976286579215,50002.0,49999.16,50001.01052631579
org.joda.time.tz.DateTimeZoneBuilder$DSTZone.nextTransition(J)J 50001.97571059431,50001.00398406375,50001.02105263158,50001.01063829787,53777.0,50001.97571686903,50002.0,50063.201286160336,50000.041666666664,50137.114007834796,50004.11373725848,50002.333333333336,50063.201286160336,50001.99896667528,53870.0,50001.01052631579,50001.01063829787,50001.505263157895,51935.5,50001.00025220681,50001.10259783521,50001.1013441554,50001.0,50001.020833333336,50001.998967208885,50001.00025833118,50001.01052631579,50001.99948333764,50001.99974160207,50001.976286579215,50002.0,50000.0,50001.01052631579
org.joda.time.tz.DateTimeZoneBuilder$PrecalculatedZone.getOffset(J)I 50001.97571059431,50001.0,50001.02105263158,50001.01063829787,53777.0,50001.97571686903,50002.0,50063.112800613075,50000.041666666664,50139.787964996816,50004.517003963156,50002.07142857143,50063.112800613075,50001.9932833893,53859.0,50001.01052631579,50001.01063829787,50001.505263157895,50297.769230769234,50001.00025220681,50001.10259783521,50001.1013441554,50001.0,50001.020833333336,50001.99330587024,50001.00025833118,50001.01052631579,50001.996641694655,50001.99831802303,50001.976286579215,50002.0,49999.16,50001.01052631579
org.joda.time.tz.DateTimeZoneBuilder$PrecalculatedZone.nextTransition(J)J 50001.97571059431,50001.0,50001.02105263158,50001.01063829787,53777.0,50001.97571686903,50002.0,50063.112800613075,50000.041666666664,50140.10722566042,50004.56210296601,50002.07142857143,50063.112800613075,50001.9932833893,53859.0,50001.01052631579,50001.01063829787,50001.505263157895,50297.769230769234,50001.00025220681,50001.10259783521,50001.1013441554,50001.0,50001.020833333336,50001.99330587024,50001.00025833118,50001.01052631579,50001.996641694655,50001.99831802303,50001.976286579215,50002.0,49999.16,50001.01052631579
org.joda.time.tz.DateTimeZoneBuilder$DSTZone.findMatchingRecurrence(J)Lorg/joda/time/tz/DateTimeZoneBuilder$Recurrence; 50001.97467700258,50001.0,50001.020202020205,50001.010204081635,53773.0,50001.9746835443,50002.0,50063.201286160336,50000.04,50137.318143056575,50004.14634628365,50002.333333333336,50063.201286160336,50001.99896667528,53870.0,50001.0101010101,50001.010204081635,50001.50505050505,51935.5,50001.00025195263,50001.10050378153,50001.09922309332,50001.0,50001.02,50001.998967208885,50001.00025833118,50001.0101010101,50001.99948333764,50001.99974160207,50001.975302419356,50002.0,50000.0,50001.0101010101
org.joda.time.tz.DateTimeZoneBuilder$OfYear.setDayOfMonthNext(Lorg/joda/time/Chronology;J)J 50001.974160206715,50001.0,50001.0198019802,50001.01,53771.0,50001.97416688194,50002.0,50062.408468471374,50000.03921568627,50137.418648119965,50004.162277660165,50001.0,50001.0,50001.94833376389,53772.0,50001.0099009901,50001.01,50001.50495049505,50038.71,50001.00025182574,50001.09950371902,50001.09820972743,50001.0,50001.01960784314,50001.94963485268,50001.00025833118,50001.0099009901,50001.97416688194,50001.98691442031,50001.97481108312,50002.0,49999.1,50001.0099009901
org.joda.time.tz.DateTimeZoneBuilder$Recurrence.next(JII)J 50001.974160206715,50001.0,50001.0198019802,50001.01,53771.0,50001.97416688194,50002.0,50062.408468471374,50000.03921568627,50137.418648119965,50004.162277660165,50001.0,50001.0,50001.94833376389,53772.0,50001.0099009901,50001.01,50001.50495049505,50038.71,50001.00025182574,50001.09950371902,50001.09820972743,50001.0,50001.01960784314,50001.94963485268,50001.00025833118,50001.0099009901,50001.97416688194,50001.98691442031,50001.97481108312,50002.0,49999.1,50001.0099009901
org.joda.time.tz.CachedDateTimeZone$Info.getOffset(J)I 50001.971317829455,50001.0,50001.017857142855,50001.00900900901,53760.0,50001.971325238956,50002.0,50062.318838867024,50000.03539823009,50163.12579026268,50006.975545342706,50001.0,50001.0,50001.94265047791,53761.0,50001.00892857143,50001.00900900901,50001.50446428572,50034.873873873876,50001.000251130085,50001.09449111825,50001.09312615433,50001.0,50001.017699115044,50001.94424912104,50001.00025833118,50001.00892857143,50001.971325238956,50001.98545406893,50001.972117558405,50002.0,49998.99,50001.00892857143
org.joda.time.format.DateTimeFormatterBuilder$TimeZoneOffset.printTo(Ljava/lang/StringBuffer;JLorg/joda/time/Chronology;ILorg/joda/time/DateTimeZone;Ljava/util/Locale;)V 50001.9677002584,50001.0,50001.01587301587,50001.008,53746.0,50001.96770860243,50002.0,50063.06448259673,50000.03149606299,50145.85773703455,50005.29407602571,50002.05,50063.06448259673,50001.99018341514,53853.0,50001.00793650794,50001.008,50001.50396825397,50203.73684210526,50001.000250250254,50001.08908708064,50001.08763652652,50001.0,50001.015748031496,50001.99023136247,50001.00025833118,50001.00793650794,50001.99509170757,50001.99753981613,50001.968710888614,50002.0,49998.92,50001.00793650794
org.joda.time.DateTimeZone.forID(Ljava/lang/String;)Lorg/joda/time/DateTimeZone; 50001.96589147287,50001.0,50001.015037593985,50001.007575757576,53739.0,50001.965900284165,50002.0,50063.201286160336,50000.02985074627,50139.46024269876,50004.470100081955,50002.333333333336,50063.201286160336,50001.99896667528,53870.0,50001.00751879699,50001.007575757576,50001.503759398496,51935.5,50001.00024981264,50001.086710996955,50001.08521937515,50001.0,50001.014925373136,50001.998967208885,50001.00025833118,50001.00751879699,50001.99948333764,50001.99974160207,50001.967016491755,50002.0,50000.0,50001.00751879699
org.joda.time.tz.CachedDateTimeZone.getInfo(J)Lorg/joda/time/tz/CachedDateTimeZone$Info; 50001.96149870801,50001.0,50001.013333333336,50001.0067114094,53722.0,50001.961508654094,50002.0,50062.00819617068,50000.02649006622,50163.19573575996,50006.98139512489,50001.0,50001.0,50001.92301730819,53723.0,50001.00666666667,50001.0067114094,50001.503333333334,50025.97986577181,50001.000248756216,50001.081649658096,50001.08006242182,50001.0,50001.013245033115,50001.925870646766,50001.00025833118,50001.00666666667,50001.961508654094,50001.980376662716,50001.96292610102,50002.0,49998.61,50001.00666666667
org.joda.time.chrono.BasicGJChronology.setYear(JI)J 50001.959948320415,50001.0,50001.01282051282,50001.006451612906,53716.0,50001.95995866701,50002.0,50061.95900261651,50000.02547770701,50156.504727264466,50006.3931511331,50002.0027027027,50060.177698502055,50001.919917334024,53717.0,50001.006410256414,50001.006451612906,50001.5032051282,50024.97419354838,50001.00024838549,50001.0800640769,50001.07844434253,50001.0,50001.012738853504,50001.92300049677,50001.00025833118,50001.006410256414,50001.95995866701,50001.97957031765,50001.96149068323,50002.0,49998.55,50001.006410256414
org.joda.time.base.AbstractInstant.toString()Ljava/lang/String; 50001.94211886305,50001.0,50001.008888888886,50001.00446428572,53647.0,50001.94213381555,50002.0,50061.390396587536,50000.017699115044,50142.38527766706,50004.86867284054,50001.0,50001.0,50001.8842676311,53648.0,50001.00444444444,50001.00446428572,50001.502222222225,50017.28125,50001.000244200244,50001.066666666666,50001.06470853844,50001.0,50001.008849557526,50001.8905982906,50001.00025833118,50001.00444444444,50001.94213381555,50001.97020484172,50001.94528578407,50002.0,49997.86,50001.00444444444
org.joda.time.format.DateTimeFormatterBuilder$Fraction.printTo(Ljava/lang/StringBuffer;Ljava/io/Writer;JLorg/joda/time/Chronology;)V 50001.938759689925,50001.0,50001.008403361346,50001.00421940928,53634.0,50001.93877551021,50002.0,50063.14499175316,50000.016736401674,50146.019723357706,50005.31289638616,50002.1,50063.14499175316,50001.99535003875,53863.0,50001.00420168067,50001.00421940928,50001.502100840335,50430.11111111111,50001.00024342746,50001.064820372354,50001.06280420723,50001.0,50001.00836820083,50001.995360824745,50001.00025833118,50001.00420168067,50001.997675019375,50001.99883615673,50001.942293645,50002.0,49998.4,50001.00420168067
org.joda.time.format.ISODateTimeFormat.dateTime()Lorg/joda/time/format/DateTimeFormatter; 50001.91912144703,50001.0,50001.00636942675,50001.00319488818,53558.0,50001.91914234048,50002.0,50063.201286160336,50000.0126984127,50145.11045413292,50005.206162860966,50002.333333333336,50063.201286160336,50001.99896667528,53870.0,50001.00318471337,50001.00319488818,50001.50159235669,51935.5,50001.000239005734,50001.0564332648,50001.05410303472,50001.0,50001.00634920635,50001.998967208885,50001.00025833118,50001.00318471337,50001.99948333764,50001.99974160207,50001.92517332058,50002.0,50000.0,50001.00318471337
org.joda.time.format.DateTimeFormatterBuilder$Fraction.printTo(Ljava/lang/StringBuffer;JLorg/joda/time/Chronology;ILorg/joda/time/DateTimeZone;Ljava/util/Locale;)V 50001.91447028424,50001.0,50001.00602409639,50001.00302114803,53540.0,50001.914492379234,50002.0,50060.49789912257,50000.01201201201,50145.61205351863,50005.26537283231,50001.0,50001.0,50001.82898475846,53541.0,50001.00301204819,50001.00302114803,50001.5015060241,50011.69486404834,50001.00023798191,50001.054882129996,50001.05248265015,50001.0,50001.006006006006,50001.84245597335,50001.00025833118,50001.00301204819,50001.914492379234,50001.95533666172,50001.921209235894,50002.0,49996.79,50001.00301204819
org.joda.time.field.PreciseDurationDateTimeField.remainder(J)J 50001.90645994832,50001.02564102564,50001.00550964187,50001.00276243094,53509.0,50001.90648411263,50002.0,50063.0886463051,50000.01098901099,50146.52362129451,50005.37092360658,50002.05882352941,50063.0886463051,50001.991733402225,53856.0,50001.00275482094,50001.00276243094,50001.50137741047,50241.9375,50001.00023623907,50001.05248638811,50001.049971340224,50001.0,50001.005494505494,50001.99176742989,50001.00025833118,50001.00275482094,50001.99586670111,50001.99792907067,50001.91446124764,50002.0,49998.95,50001.00275482094
org.joda.time.format.DateTimeFormatterBuilder$Composite.printTo(Ljava/lang/StringBuffer;JLorg/joda/time/Chronology;ILorg/joda/time/DateTimeZone;Ljava/util/Locale;)V 50001.89767441861,50001.0,50001.005037783376,50001.00252525252,53475.0,50001.897700852496,50002.0,50059.94913061276,50000.01005025126,50147.79019690743,50005.51348521516,50001.0,50001.0,50001.795401704985,53476.0,50001.002518891684,50001.00252525252,50001.501259445846,50009.77525252525,50001.00023435669,50001.05018856132,50001.04755149452,50001.0,50001.005025125625,50001.81438950082,50001.00025833118,50001.002518891684,50001.897700852496,50001.946093111896,50001.90717299578,50002.0,49996.14,50001.002518891684
org.joda.time.format.DateTimeFormatterBuilder$CharacterLiteral.printTo(Ljava/lang/StringBuffer;JLorg/joda/time/Chronology;ILorg/joda/time/DateTimeZone;Ljava/util/Locale;)V 50001.893798449615,50001.0,50001.00485436893,50001.00243309003,53460.0,50001.893825884785,50002.0,50059.82176467941,50000.00968523003,50147.69178305268,50005.50256981431,50001.0,50001.0,50001.78765176957,53461.0,50001.00242718447,50001.00243309003,50001.50121359223,50009.41849148418,50001.00023353573,50001.04926646391,50001.04657696547,50001.0,50001.00484261501,50001.808033629146,50001.00025833118,50001.00242718447,50001.893825884785,50001.94393670713,50001.90399439383,50002.0,49995.99,50001.00242718447
org.joda.time.format.FormatUtils.appendPaddedInteger(Ljava/lang/StringBuffer;II)V 50001.893798449615,50001.0,50001.00485436893,50001.00243309003,53460.0,50001.893825884785,50002.0,50063.18520724417,50000.00968523003,50151.481066951,50005.90534594407,50002.2,50063.18520724417,50001.997933350554,53868.0,50001.00242718447,50001.00243309003,50001.50121359223,50967.75,50001.00023353573,50001.04926646391,50001.04657696547,50001.0,50001.00484261501,50001.99793548387,50001.00025833118,50001.00242718447,50001.99896667528,50001.99948307056,50001.90399439383,50002.0,49998.99,50001.00242718447
org.joda.time.DateTimeFieldType$StandardDateTimeFieldType.getField(Lorg/joda/time/Chronology;)Lorg/joda/time/DateTimeField; 50001.89328165375,50001.0,50001.004830917875,50001.00242130751,53458.0,50001.893309222425,50002.0,50063.201286160336,50000.00963855422,50161.9005274191,50006.872127323135,50002.333333333336,50063.201286160336,50001.99896667528,53870.0,50001.002415458934,50001.00242130751,50001.50120772947,51935.5,50001.000233426705,50001.04914731872,50001.0464508897,50001.0,50001.00481927711,50001.998967208885,50001.00025833118,50001.002415458934,50001.99948333764,50001.99974160207,50001.90357226243,50002.0,50000.0,50001.002415458934
org.joda.time.format.DateTimeFormatterBuilder$PaddedNumber.printTo(Ljava/lang/StringBuffer;JLorg/joda/time/Chronology;ILorg/joda/time/DateTimeZone;Ljava/util/Locale;)V 50001.89276485788,50001.0,50001.004807692305,50001.00240963855,53456.0,50001.892792560066,50002.0,50059.78775382679,50000.00959232614,50147.79019690743,50005.51348521516,50001.0,50001.0,50001.785585120124,53457.0,50001.002403846156,50001.00240963855,50001.50120192308,50009.327710843376,50001.000233317776,50001.049029033784,50001.04632568801,50001.0,50001.00479616307,50001.80634624358,50001.00025833118,50001.002403846156,50001.892792560066,50001.94336017469,50001.90315052509,50002.0,49995.95,50001.002403846156
org.joda.time.format.DateTimeFormatter.print(Lorg/joda/time/ReadableInstant;)Ljava/lang/String; 50001.89198966408,50001.00120336944,50001.00477326969,50001.0023923445,53453.0,50001.89201756652,50002.0,50059.76223276902,50000.009523809524,50147.86369642023,50005.52162009685,50001.0,50001.0,50001.78403513304,53454.0,50001.00238663484,50001.0023923445,50001.501193317425,50009.260765550236,50001.000233154584,50001.04885319687,50001.04613950166,50001.0,50001.00476190476,50001.805082769875,50001.00025833118,50001.00238663484,50001.89201756652,50001.9429273621,50001.902518656716,50002.0,49995.92,50001.00238663484
org.joda.time.format.DateTimeFormatter.printTo(Ljava/lang/StringBuffer;Lorg/joda/time/ReadableInstant;)V 50001.89173126615,50001.0,50001.00476190476,50001.00238663484,53452.0,50001.89175923534,50002.0,50059.753723286274,50000.00950118765,50147.888137610425,50005.52432199235,50001.0,50001.0,50001.78351847068,53453.0,50001.002380952385,50001.00238663484,50001.50119047619,50009.23866348449,50001.00023310023,50001.04879500365,50001.046077865416,50001.0,50001.00475059383,50001.80466200466,50001.00025833118,50001.002380952385,50001.89175923534,50001.942783012426,50001.902308230354,50002.0,49995.91,50001.002380952385
org.joda.time.format.DateTimeFormatter.printTo(Ljava/lang/StringBuffer;JLorg/joda/time/Chronology;)V 50001.88992248062,50001.0,50001.00468384075,50001.00234741784,53445.0,50001.88995091707,50002.0,50059.69412236332,50000.009345794395,50148.05841556052,50005.54310108192,50001.0,50001.0,50001.779901834154,53446.0,50001.00234192037,50001.00234741784,50001.50117096019,50009.086854460096,50001.0002327205,50001.04839339185,50001.04565224627,50001.0,50001.004672897194,50001.80172213172,50001.00025833118,50001.00234192037,50001.88995091707,50001.94177145982,50001.900837988826,50002.0,49995.84,50001.00234192037
org.joda.time.tz.CachedDateTimeZone.hashCode()I 50001.881395348835,50001.0,50001.004347826085,50001.002178649236,53412.0,50001.88142598812,50002.0,50059.41232746604,50000.008676789585,50148.8429334056,50005.62863751936,50001.0,50001.0,50001.76285197624,53413.0,50001.002173913046,50001.002178649236,50001.50108695652,50008.43355119826,50001.000230946884,50001.046625240415,50001.04377301504,50001.0,50001.00433839479,50001.787990762125,50001.00025833118,50001.002173913046,50001.88142598812,50001.936976520665,50001.89397089397,50002.0,49995.51,50001.002173913046
org.joda.time.DateTimeZone.hashCode()I 50001.87984496124,50001.0,50001.00429184549,50001.002150537635,53406.0,50001.87987600103,50002.0,50059.36094584566,50000.00856531049,50148.982506772816,50005.643690197765,50001.0,50001.0,50001.759752002064,53407.0,50001.00214592275,50001.002150537635,50001.50107296137,50008.324731182794,50001.00023062731,50001.04632410546,50001.04345203466,50001.0,50001.004282655245,50001.78551660517,50001.00025833118,50001.00214592275,50001.87987600103,50001.936100041225,50001.89273356401,50002.0,49995.45,50001.00214592275
org.joda.time.format.DateTimeFormatterBuilder$Composite.estimatePrintedLength()I 50001.870025839795,50001.0,50001.00396825397,50001.00198807157,53368.0,50001.87005941617,50002.0,50059.034472514184,50000.00792079208,50149.846309611974,50005.735785203324,50001.0,50001.0,50001.74011883234,53369.0,50001.00198412698,50001.00198807157,50001.50099206349,50007.695825049705,50001.000228623685,50001.044543540316,50001.041548065485,50001.0,50001.00396039604,50001.77000457247,50001.00025833118,50001.00198412698,50001.87005941617,50001.93051526454,50001.88497598902,50002.0,49995.07,50001.00198412698
org.joda.time.format.DateTimeFormatter.requirePrinter()Lorg/joda/time/format/DateTimePrinter; 50001.859948320416,50001.0,50001.00368324125,50001.00184501845,53329.0,50001.85998450013,50002.0,50063.201286160336,50000.007352941175,50150.69954157361,50005.82502781895,50002.333333333336,50063.201286160336,50001.99896667528,53870.0,50001.00184162063,50001.00184501845,50001.500920810315,51935.5,50001.00022660322,50001.042914107544,50001.03979571038,50001.0,50001.00367647059,50001.998967208885,50001.00025833118,50001.00184162063,50001.99948333764,50001.99974160207,50001.8771532185,50002.0,50000.0,50001.00184162063
org.joda.time.tz.DateTimeZoneBuilder$OfYear.setDayOfMonth(Lorg/joda/time/Chronology;J)J 50001.85788113695,50001.0,50001.00362976406,50001.001818181816,53321.0,50001.857917850684,50002.0,50063.1047502209,50000.00724637681,50151.040671742005,50005.860249337435,50002.066666666666,50063.1047502209,50001.992766726944,53858.0,50001.00181488203,50001.001818181816,50001.50090744102,50276.5,50001.000226193166,50001.04260143229,50001.03945824453,50001.0,50001.00362318841,50001.99279279279,50001.00025833118,50001.00181488203,50001.99638336347,50001.9981884058,50001.87556561086,50002.0,49998.97,50001.00181488203
org.joda.time.tz.DateTimeZoneBuilder$OfYear.setDayOfWeek(Lorg/joda/time/Chronology;J)J 50001.85788113695,50001.0,50001.00362976406,50001.001818181816,53321.0,50001.857917850684,50002.0,50063.112800613075,50000.00724637681,50151.01949556238,50005.85807034144,50002.07142857143,50063.112800613075,50001.9932833893,53859.0,50001.00181488203,50001.001818181816,50001.50090744102,50297.769230769234,50001.000226193166,50001.04260143229,50001.03945824453,50001.0,50001.00362318841,50001.99330587024,50001.00025833118,50001.00181488203,50001.996641694655,50001.99831802303,50001.87556561086,50002.0,49998.98,50001.00181488203
org.joda.time.DateTimeUtils.getInstantChronology(Lorg/joda/time/ReadableInstant;)Lorg/joda/time/Chronology; 50001.854521963825,50001.0,50001.00354609929,50001.00177619894,53308.0,50001.85455954534,50002.0,50063.201286160336,50000.00707964602,50151.68797031899,50005.92639038232,50002.333333333336,50063.201286160336,50001.99896667528,53870.0,50001.00177304965,50001.00177619894,50001.500886524824,51935.5,50001.00022553,50001.042107596055,50001.0389244122,50001.0,50001.00353982301,50001.998967208885,50001.00025833118,50001.00177304965,50001.99948333764,50001.99974160207,50001.872997969775,50002.0,50000.0,50001.00177304965
org.joda.time.DateTimeZone.getID()Ljava/lang/String; 50001.851937984495,50001.0,50001.00348432056,50001.0017452007,53298.0,50001.851976233535,50002.0,50058.428216061446,50000.00695652174,50151.356066527136,50005.89258810929,50001.0,50001.0,50001.70395246706,53299.0,50001.001742160275,50001.0017452007,50001.50087108014,50006.75567190227,50001.0002250225,50001.041739193555,50001.0385254788,50001.0,50001.00347826087,50001.74212421242,50001.00025833118,50001.001742160275,50001.851976233535,50001.92007253452,50001.87103308575,50002.0,49994.37,50001.001742160275
org.joda.time.field.BaseDateTimeField.add(JI)J 50001.847545219636,50001.0,50001.00338409476,50001.001694915256,53281.0,50001.84758460346,50002.0,50058.280013966476,50000.00675675676,50151.70856372295,50005.92848004997,50001.0,50001.0,50001.69516920692,53282.0,50001.00169204738,50001.001694915256,50001.500846023686,50006.561016949156,50001.000224164985,50001.04113450349,50001.03786933675,50001.0,50001.00337837838,50001.73548531719,50001.00025833118,50001.00169204738,50001.84758460346,50001.91750559284,50001.86771300448,50002.0,49994.2,50001.00169204738
org.joda.time.chrono.BasicYearDateTimeField.add(JI)J 50001.84677002584,50001.0,50001.003367003366,50001.00168634064,53278.0,50001.84680960992,50002.0,50063.056425936404,50000.006722689075,50151.87268664124,50005.94510247834,50002.04761904762,50063.056425936404,50001.98966675278,53852.0,50001.00168350169,50001.00168634064,50001.50084175084,50193.55,50001.00022401434,50001.04103049699,50001.0377563076,50001.0,50001.00336134454,50001.98971986636,50001.00025833118,50001.00168350169,50001.99483337639,50001.99740999741,50001.867129733364,50002.0,49998.91,50001.00168350169
org.joda.time.DateTimeUtils.getInstantMillis(Lorg/joda/time/ReadableInstant;)J 50001.84418604651,50001.0,50001.003311258275,50001.00165837479,53268.0,50001.84422629811,50002.0,50062.741396161735,50000.00661157025,50152.538361494124,50006.01195704033,50002.01666666667,50062.741396161735,50001.96951692069,53813.0,50001.00165562914,50001.00165837479,50001.50082781457,50065.61016949153,50001.000223513634,50001.04068942294,50001.03738527808,50001.0,50001.003305785125,50001.969974554704,50001.00025833118,50001.00165562914,50001.98475846035,50001.99232070806,50001.865191146884,50002.0,49998.52,50001.00165562914
org.joda.time.chrono.BasicMonthOfYearDateTimeField.add(JI)J 50001.840568475454,50001.0,50001.00323624595,50001.00162074554,53254.0,50001.84060966159,50002.0,50063.19324722186,50000.00646203554,50152.47857629225,50006.00598923014,50002.25,50063.19324722186,50001.998450012914,53869.0,50001.00161812298,50001.00162074554,50001.50080906149,51290.333333333336,50001.0002228164,50001.040225899334,50001.03688011882,50001.0,50001.00323101777,50001.998451213214,50001.00025833118,50001.00161812298,50001.99922500646,50001.999612353015,50001.862491642525,50002.0,49999.0,50001.00161812298
org.joda.time.chrono.BasicGJChronology.getTotalMillisByYearMonth(II)J 50001.83540051679,50001.0,50001.003134796236,50001.001569858716,53234.0,50001.83544303798,50002.0,50057.868268832455,50000.00625978091,50164.67452014036,50007.103758843565,50001.0,50001.0,50001.670886075946,53235.0,50001.00156739812,50001.001569858716,50001.50078369906,50006.07692307692,50001.00022182786,50001.03959037912,50001.03618570434,50001.0,50001.00312989045,50001.717391304344,50001.00025833118,50001.00156739812,50001.83544303798,50001.910344827586,50001.85866429998,50002.0,49993.73,50001.00156739812
org.joda.time.chrono.GJDayOfWeekDateTimeField.get(J)I 50001.83514211886,50001.0,50001.00312989045,50001.00156739812,53233.0,50001.8351847068,50002.0,50057.859475903315,50000.00625,50152.677310000596,50006.02579962599,50001.0,50001.0,50001.67036941359,53234.0,50001.001564945225,50001.00156739812,50001.50078247261,50006.06739811912,50001.00022177867,50001.039559388606,50001.036151786575,50001.0,50001.003125,50001.7170104236,50001.00025833118,50001.001564945225,50001.8351847068,50001.91019144144,50001.858473824315,50002.0,49993.72,50001.001564945225
org.joda.time.chrono.ZonedChronology.localToUTC(J)J 50001.83023255814,50001.0,50001.00303951368,50001.001522070015,53214.0,50001.83027641437,50002.0,50063.14499175316,50000.00606980273,50153.16743449913,50006.07432619952,50002.1,50063.14499175316,50001.99535003875,53863.0,50001.001519756835,50001.001522070015,50001.50075987842,50430.11111111111,50001.00022084806,50001.03898405878,50001.035521143116,50001.0,50001.00303490137,50001.995360824745,50001.00025833118,50001.001519756835,50001.997675019375,50001.99883615673,50001.85487077535,50002.0,49998.4,50001.001519756835
org.joda.time.chrono.BasicChronology.getDayOfWeek(J)I 50001.82997416021,50001.0,50001.00303490137,50001.001519756835,53213.0,50001.83001808318,50002.0,50063.03224967708,50000.00606060606,50153.1480087805,50006.07241172033,50002.041666666664,50063.03224967708,50001.98811676569,53849.0,50001.001517450684,50001.001519756835,50001.50075872534,50168.30434782609,50001.000220799295,50001.03895446935,50001.03548865813,50001.0,50001.00303030303,50001.98818695429,50001.00025833118,50001.001517450684,50001.99405838285,50001.99702033942,50001.854681978795,50002.0,49998.88,50001.001517450684
org.joda.time.chrono.BasicGJChronology.getDaysInYearMonth(II)I 50001.82919896641,50001.0,50001.00302114803,50001.00151285931,53210.0,50001.82924308964,50002.0,50057.65686189686,50000.0060331825,50163.501885225305,50007.006932420576,50001.0,50001.0,50001.65848617928,53211.0,50001.00151057402,50001.00151285931,50001.50075528701,50005.85627836611,50001.000220653135,50001.038866103714,50001.035391615034,50001.0,50001.003016591254,50001.70829655781,50001.00025833118,50001.00151057402,50001.82924308964,50001.90665160288,50001.85411608916,50002.0,49993.49,50001.00151057402
org.joda.time.chrono.ZonedChronology.getDateTimeMillis(IIIIIII)J 50001.82842377261,50001.0,50001.0030075188,50001.0015060241,53207.0,50001.8284680961,50002.0,50057.63038053907,50000.006006006006,50153.186845573415,50006.07623851424,50001.0,50001.0,50001.6569361922,53208.0,50001.0015037594,50001.0015060241,50001.5007518797,50005.82981927711,50001.000220507165,50001.03877833672,50001.03529518429,50001.0,50001.003003003,50001.70716648291,50001.00025833118,50001.0015037594,50001.8284680961,50001.906188188754,50001.85355094839,50002.0,49993.46,50001.0015037594
org.joda.time.format.DateTimeFormatter.selectChronology(Lorg/joda/time/Chronology;)Lorg/joda/time/Chronology; 50001.818087855296,50001.0,50001.00283687943,50001.001420454544,53167.0,50001.81813484888,50002.0,50062.27805479941,50000.00566572238,50153.95164644281,50006.151019153804,50002.00854700855,50062.27805479941,50001.940067166106,53756.0,50001.001418439715,50001.001420454544,50001.50070921986,50033.370689655174,50001.00021857923,50001.03766217886,50001.03406476633,50001.0,50001.00283286119,50001.94181088538,50001.00025833118,50001.001418439715,50001.97003358306,50001.984788880145,50001.8460865763,50002.0,49997.95,50001.001418439715
org.joda.time.chrono.AssembledChronology.dayOfWeek()Lorg/joda/time/DateTimeField; 50001.80878552971,50001.0,50001.00269905533,50001.001351351355,53131.0,50001.80883492638,50002.0,50056.95533933415,50000.00539083558,50154.62158913744,50006.21564387372,50001.0,50001.0,50001.61766985275,53132.0,50001.001349527665,50001.001351351355,50001.50067476383,50005.23108108108,50001.00021687269,50001.03673591792,50001.0330375309,50001.0,50001.00269541779,50001.679028410326,50001.00025833118,50001.001349527665,50001.80883492638,50001.89431590974,50001.83947939263,50002.0,49992.7,50001.001349527665
org.joda.time.field.PreciseDurationField.add(JI)J 50001.8007751938,50001.02564102564,50001.002590673575,50001.00129701686,53100.0,50001.800826659775,50002.0,50056.6776436283,50000.00517464424,50155.185534873795,50006.269429452404,50001.0,50001.0,50001.60165331956,53101.0,50001.001295336784,50001.00129701686,50001.50064766839,50005.02075226978,50001.000215424385,50001.03599078754,50001.0322067317,50001.0,50001.002587322124,50001.667815596724,50001.00025833118,50001.001295336784,50001.800826659775,50001.88939893846,50001.83387201034,50002.0,49992.39,50001.001295336784
org.joda.time.chrono.BasicGJChronology.getDaysInMonthMaxForSet(JI)I 50001.79173126615,50001.0,50001.002478314746,50001.001240694786,53065.0,50001.79178506846,50002.0,50056.362442142665,50000.00495049505,50155.808787253125,50006.32823977812,50001.0,50001.0,50001.583570136914,53066.0,50001.00123915738,50001.001240694786,50001.500619578685,50004.802729528536,50001.00021381227,50001.03520166719,50001.03132219079,50001.0,50001.00247524752,50001.6553346162,50001.00025833118,50001.00123915738,50001.79178506846,50001.883794694346,50001.82763045338,50002.0,49992.04,50001.00123915738
org.joda.time.chrono.BasicDayOfMonthDateTimeField.getMaximumValueForSet(JI)I 50001.788630490955,50001.0,50001.00244200244,50001.00122249389,53053.0,50001.78868509429,50002.0,50056.25395913416,50000.00487804878,50156.01934741212,50006.34796216256,50001.0,50001.0,50001.577370188585,53054.0,50001.00122100122,50001.00122249389,50001.50061050061,50004.73227383863,50001.00021326509,50001.03494282789,50001.031030932834,50001.0,50001.00243902439,50001.651098315204,50001.00025833118,50001.00122100122,50001.78868509429,50001.881860196416,50001.82551194539,50002.0,49991.92,50001.00122100122
org.joda.time.chrono.BasicChronology.getDayOfMonth(JI)I 50001.7842377261,50001.0,50001.0023923445,50001.00119760479,53036.0,50001.78429346422,50002.0,50056.09990925583,50000.00477897252,50156.315014673564,50006.37553407148,50001.0,50001.0,50001.56858692844,53037.0,50001.00119617225,50001.00119760479,50001.500598086124,50004.63592814371,50001.000212494684,50001.034585723195,50001.03062814726,50001.0,50001.00238948626,50001.64513387165,50001.00025833118,50001.00119617225,50001.78429346422,50001.87910815115,50001.82252922423,50002.0,49991.75,50001.00119617225
org.joda.time.chrono.BasicMonthOfYearDateTimeField.set(JI)J 50001.7842377261,50001.0,50001.0023923445,50001.00119760479,53036.0,50001.78429346422,50002.0,50063.112800613075,50000.00477897252,50156.349600402944,50006.37875006697,50002.07142857143,50063.112800613075,50001.9932833893,53859.0,50001.00119617225,50001.00119760479,50001.500598086124,50297.769230769234,50001.000212494684,50001.034585723195,50001.03062814726,50001.0,50001.00238948626,50001.99330587024,50001.00025833118,50001.00119617225,50001.996641694655,50001.99831802303,50001.82252922423,50002.0,49998.98,50001.00119617225
org.joda.time.chrono.BasicChronology.getMonthOfYear(J)I 50001.78242894057,50001.0,50001.00237247924,50001.00118764846,53029.0,50001.78248514596,50002.0,50056.03635162327,50000.004739336495,50156.43588437706,50006.386764915704,50001.0,50001.0,50001.56497029191,53030.0,50001.00118623962,50001.00118764846,50001.50059311981,50004.597387173395,50001.00021217908,50001.03444182951,50001.030465524935,50001.0,50001.00236966825,50001.64269043072,50001.00025833118,50001.00118623962,50001.78248514596,50001.877971014495,50001.82130730051,50002.0,49991.68,50001.00118623962
org.joda.time.chrono.BasicYearDateTimeField.set(JI)J 50001.77958656331,50001.0,50001.00234192037,50001.001172332944,53018.0,50001.779643502974,50002.0,50055.93632677928,50000.00467836257,50156.624811852984,50006.404272729334,50001.0,50001.0,50001.55928700594,53019.0,50001.00117096019,50001.001172332944,50001.50058548009,50004.53810082063,50001.000211685016,50001.03421929554,50001.03021365301,50001.0,50001.00233918129,50001.63886536833,50001.00025833118,50001.00117096019,50001.779643502974,50001.87617941646,50001.81939445268,50002.0,49991.57,50001.00117096019
org.joda.time.field.PreciseDurationDateTimeField.set(JI)J 50001.77958656331,50001.02564102564,50001.00234192037,50001.001172332944,53018.0,50001.779643502974,50002.0,50055.93632677928,50000.00467836257,50156.624811852984,50006.404272729334,50001.0,50001.0,50001.55928700594,53019.0,50001.00117096019,50001.001172332944,50001.50058548009,50004.53810082063,50001.000211685016,50001.03421929554,50001.03021365301,50001.0,50001.00233918129,50001.63886536833,50001.00025833118,50001.00117096019,50001.779643502974,50001.87617941646,50001.81939445268,50002.0,49991.57,50001.00117096019
org.joda.time.chrono.AssembledChronology.millisOfDay()Lorg/joda/time/DateTimeField; 50001.77648578811,50001.0,50001.00230946882,50001.00115606937,53006.0,50001.7765435288,50002.0,50055.82700064749,50000.00461361015,50156.82953045967,50006.42318009472,50001.0,50001.0,50001.55308705761,53007.0,50001.00115473441,50001.00115606937,50001.5005773672,50004.47514450867,50001.00021114865,50001.0339813833,50001.029943861795,50001.0,50001.00230680507,50001.63471283784,50001.00025833118,50001.00115473441,50001.7765435288,50001.87421840919,50001.81731784583,50002.0,49991.45,50001.00115473441
org.joda.time.base.BaseDateTime.<init>(IIIIIIILorg/joda/time/Chronology;)V 50001.77260981912,50001.0,50001.00227014756,50001.00113636364,52991.0,50001.7726685611,50002.0,50055.6900356555,50000.00453514739,50157.083442068346,50006.44653963066,50001.0,50001.0,50001.54533712219,52992.0,50001.00113507378,50001.00113636364,50001.50056753689,50004.398863636365,50001.000210482,50001.03369085603,50001.02961366488,50001.0,50001.0022675737,50001.62955167333,50001.00025833118,50001.00113507378,50001.7726685611,50001.8717575051,50001.814736842105,50002.0,49991.3,50001.00113507378
org.joda.time.chrono.BasicMonthOfYearDateTimeField.get(J)I 50001.765374677,50001.0,50001.00220022002,50001.001101321584,52963.0,50001.76543528804,50002.0,50055.433445601026,50000.004395604396,50157.551686466606,50006.489356824495,50001.0,50001.0,50001.530870576076,52964.0,50001.001100110014,50001.001101321584,50001.500550055,50004.26321585903,50001.0002092488,50001.03316790634,50001.02901717326,50001.0,50001.0021978022,50001.62000418497,50001.00025833118,50001.001100110014,50001.76543528804,50001.867134913664,50001.80996232733,50002.0,49991.02,50001.001100110014
org.joda.time.chrono.BasicChronology.getDateTimeMillis(IIIIIII)J 50001.75762273902,50001.0,50001.00212992545,50001.001066098084,52933.0,50001.75768535262,50002.0,50062.57109711545,50000.00425531915,50158.045433782194,50006.534147238934,50002.01234567901,50062.57109711545,50001.95866701111,53792.0,50001.00106496273,50001.001066098084,50001.50053248136,50048.3875,50001.00020794344,50001.032633766656,50001.02840492876,50001.0,50001.00212765957,50001.959503923055,50001.00025833118,50001.00106496273,50001.97933350555,50001.98955886192,50001.80490848586,50002.0,49998.31,50001.00106496273
org.joda.time.chrono.BasicChronology.getDayOfYear(JI)I 50001.75607235142,50001.0,50001.00211640212,50001.001059322036,52927.0,50001.75613536554,50002.0,50055.101755978896,50000.00422832981,50158.14323111144,50006.54297600495,50001.0,50001.0,50001.51227073108,52928.0,50001.00105820106,50001.001059322036,50001.50052910053,50004.10063559322,50001.00020768432,50001.032530002434,50001.028285624656,50001.0,50001.002114164905,50001.607892004155,50001.00025833118,50001.00105820106,50001.75613536554,50001.861135628125,50001.803905276276,50002.0,49990.66,50001.00105820106
org.joda.time.field.PreciseDateTimeField.set(JI)J 50001.75607235142,50001.00507614213,50001.00211640212,50001.001059322036,52927.0,50001.75613536554,50002.0,50055.101755978896,50000.00422832981,50158.14323111144,50006.54297600495,50001.0,50001.0,50001.51227073108,52928.0,50001.00105820106,50001.001059322036,50001.50052910053,50004.10063559322,50001.00020768432,50001.032530002434,50001.028285624656,50001.0,50001.002114164905,50001.607892004155,50001.00025833118,50001.00105820106,50001.75613536554,50001.861135628125,50001.803905276276,50002.0,49990.66,50001.00105820106
org.joda.time.base.BaseDateTime.getChronology()Lorg/joda/time/Chronology; 50001.70387596899,50001.0,50001.00174367916,50001.00087260035,52725.0,50001.70395246706,50002.0,50053.20153254455,50000.00348432056,50161.27126987959,50006.81830059035,50001.0,50001.0,50001.40790493412,52726.0,50001.000871839584,50001.00087260035,50001.50043591979,50003.377835951134,50001.000199322305,50001.02952692977,50001.02477230167,50001.0,50001.001742160275,50001.54315327885,50001.00025833118,50001.000871839584,50001.70395246706,50001.826258338384,50001.77153110048,50002.0,49988.64,50001.000871839584
org.joda.time.chrono.BasicChronology.getMaxMonth(I)I 50001.7023255814,50001.0,50001.00173460538,50001.000868055555,52719.0,50001.702402479976,50002.0,50053.14403129793,50000.00346620451,50161.35977361692,50006.82590126049,50001.0,50001.0,50001.40480495996,52720.0,50001.00086730269,50001.000868055555,50001.500433651345,50003.360243055555,50001.000199084214,50001.0294500032,50001.02468053616,50001.0,50001.001733102254,50001.54130997412,50001.00025833118,50001.00086730269,50001.702402479976,50001.82518968134,50001.770609319,50002.0,49988.58,50001.00086730269
org.joda.time.chrono.BasicChronology.getDateMidnightMillis(III)J 50001.70206718346,50001.0,50001.001733102254,50001.00086730269,52718.0,50001.702144148796,50002.0,50053.13444159095,50000.003463203466,50161.374501812665,50006.82716515063,50001.0,50001.0,50001.4042882976,52719.0,50001.00086655113,50001.00086730269,50001.50043327556,50003.357328707716,50001.00019904459,50001.02943724047,50001.02466530172,50001.0,50001.00173160173,50001.54100318471,50001.00025833118,50001.00086655113,50001.702144148796,50001.82501138261,50001.77045590285,50002.0,49988.57,50001.00086655113
org.joda.time.chrono.BasicChronology.getDayOfMonth(J)I 50001.68397932817,50001.0,50001.001633986925,50001.00081766149,52648.0,50001.68406096616,50002.0,50052.458721321076,50000.00326530612,50162.39006502006,50006.913663576845,50001.0,50001.0,50001.36812193232,52649.0,50001.000816993466,50001.00081766149,50001.50040849673,50003.1651676206,50001.00019630938,50001.028583097526,50001.02363909137,50001.0,50001.00163265306,50001.51982724774,50001.00025833118,50001.000816993466,50001.68406096616,50001.81239453904,50001.75986648341,50002.0,49987.87,50001.000816993466
org.joda.time.field.PreciseDateTimeField.getMaximumValue()I 50001.68242894057,50001.00507614213,50001.00162601626,50001.00081366965,52642.0,50001.68251097907,50002.0,50052.40038910358,50000.00324939074,50162.475744405885,50006.92090333361,50001.0,50001.0,50001.36502195815,52643.0,50001.00081300813,50001.00081366965,50001.50040650406,50003.14971521562,50001.00019607843,50001.028513297424,50001.02355462326,50001.0,50001.00162469537,50001.51803921568,50001.00025833118,50001.00081300813,50001.68251097907,50001.81130047597,50001.75897234752,50002.0,49987.81,50001.00081300813
org.joda.time.tz.CachedDateTimeZone.getOffset(J)I 50001.67054263566,50001.0,50001.00156739812,50001.00078431373,52596.0,50001.67062774477,50002.0,50051.95095681143,50000.00313234142,50163.12579026268,50006.975545342706,50001.0,50001.0,50001.34125548954,52597.0,50001.00078369906,50001.00078431373,50001.50039184953,50003.036078431374,50001.00019432569,50001.02799462555,50001.02292386601,50001.0,50001.001566170715,50001.504469490865,50001.00025833118,50001.00078369906,50001.67062774477,50001.802845214166,50001.75218658892,50002.0,49987.35,50001.00078369906
org.joda.time.chrono.BasicDayOfMonthDateTimeField.get(J)I 50001.66976744186,50001.0,50001.00156372166,50001.00078247261,52593.0,50001.66985275123,50002.0,50051.921508225896,50000.003125,50163.167773983405,50006.97905727213,50001.0,50001.0,50001.339705502454,52594.0,50001.00078186083,50001.00078247261,50001.500390930414,50003.028951486696,50001.000194212465,50001.02796177442,50001.022883726255,50001.0,50001.0015625,50001.50359293067,50001.00025833118,50001.00078186083,50001.66985275123,50001.80228960396,50001.75174825175,50002.0,49987.32,50001.00078186083
org.joda.time.field.PreciseDateTimeField.get(J)I 50001.668992248065,50001.0,50001.0015600624,50001.000780640126,52590.0,50001.66907775769,50002.0,50061.90155991434,50000.003117692904,50164.59390871085,50007.09715184253,50002.00613496933,50061.90155991434,50001.91630069749,53710.0,50001.0007800312,50001.000780640126,50001.5003900156,50023.89506172839,50001.00019409938,50001.027929038675,50001.02284370432,50001.0,50001.00155884645,50001.91966278205,50001.00025833118,50001.0007800312,50001.95815034875,50001.97862796834,50001.75131042516,50002.0,49997.49,50001.0007800312
org.joda.time.chrono.BasicChronology.getDayOfMonth(JII)I 50001.6684754522,50001.0,50001.0015576324,50001.00077942323,52588.0,50001.66856109532,50002.0,50051.872389367905,50000.003112840466,50163.23763749711,50006.98489677247,50001.0,50001.0,50001.33712219065,52589.0,50001.0007788162,50001.00077942323,50001.5003894081,50003.01714731099,50001.00019402406,50001.02790727861,50001.02281708814,50001.0,50001.00155642023,50001.50213426465,50001.00025833118,50001.0007788162,50001.66856109532,50001.801362440005,50001.75101882398,50002.0,49987.27,50001.0007788162
org.joda.time.chrono.BasicGJChronology.getMonthOfYear(JI)I 50001.66563307493,50001.0,50001.001544401544,50001.000772797524,52577.0,50001.665719452336,50002.0,50051.76416058599,50000.003086419754,50163.390859617175,50006.99768384438,50001.0,50001.0,50001.33143890468,52578.0,50001.00077220077,50001.000772797524,50001.500386100386,50002.9914992272,50001.000193610846,50001.027788500716,50001.02267162046,50001.0,50001.00154320987,50001.49893514037,50001.00025833118,50001.00077220077,50001.665719452336,50001.799317617864,50001.749419055,50002.0,49987.16,50001.00077220077
org.joda.time.chrono.BasicYearDateTimeField.get(J)I 50001.66434108527,50001.0,50001.00153846154,50001.00076982294,52572.0,50001.66442779644,50002.0,50051.71488933243,50000.00307455803,50163.46029070185,50007.003469212206,50001.0,50001.0,50001.32885559287,52573.0,50001.00076923077,50001.00076982294,50001.500384615385,50002.97998460354,50001.0001934236,50001.02773500981,50001.02260600814,50001.0,50001.001537279015,50001.49748549323,50001.00025833118,50001.00076923077,50001.66442779644,50001.798385845104,50001.74869413813,50002.0,49987.11,50001.00076923077
org.joda.time.chrono.BasicChronology.getYearMonthDayMillis(III)J 50001.66253229974,50001.0,50001.00153022188,50001.00076569679,52565.0,50001.66261947817,50002.0,50051.6458290484,50000.003058103975,50163.55727011915,50007.01154073422,50001.0,50001.0,50001.32523895634,52566.0,50001.00076511094,50001.00076569679,50001.500382555474,50002.96401225115,50001.000193162065,50001.02766063884,50001.02251467769,50001.0,50001.00152905199,50001.49546069152,50001.00025833118,50001.00076511094,50001.66261947817,50001.79707893101,50001.74768160742,50002.0,49987.04,50001.00076511094
org.joda.time.chrono.GregorianChronology.getApproxMillisAtEpochDividedByTwo()J 50001.65400516796,50001.0,50001.00149253731,50001.00074682599,52532.0,50001.65409454921,50002.0,50051.31898250164,50000.00298284862,50164.01099704703,50007.04916101018,50001.0,50001.0,50001.308189098425,52533.0,50001.000746268655,50001.00074682599,50001.50037313433,50002.89096340552,50001.00019193858,50001.02731791823,50001.02209216056,50001.0,50001.00149142431,50001.485988483684,50001.00025833118,50001.000746268655,50001.65409454921,50001.79087927534,50001.74294490305,50002.0,49986.71,50001.000746268655
org.joda.time.chrono.GregorianChronology.getAverageMillisPerYearDividedByTwo()J 50001.65400516796,50001.0,50001.00149253731,50001.00074682599,52532.0,50001.65409454921,50002.0,50051.31898250164,50000.00298284862,50164.01099704703,50007.04916101018,50001.0,50001.0,50001.308189098425,52533.0,50001.000746268655,50001.00074682599,50001.50037313433,50002.89096340552,50001.00019193858,50001.02731791823,50001.02209216056,50001.0,50001.00149142431,50001.485988483684,50001.00025833118,50001.000746268655,50001.65409454921,50001.79087927534,50001.74294490305,50002.0,49986.71,50001.000746268655
org.joda.time.base.AbstractDateTime.<init>()V 50001.65219638243,50001.0,50001.001484780994,50001.00074294205,52525.0,50001.65228623095,50002.0,50051.249378105604,50000.00296735905,50164.106520775655,50007.05705148201,50001.0,50001.0,50001.30457246189,52526.0,50001.0007423905,50001.00074294205,50001.50037119525,50002.87592867756,50001.00019168104,50001.027246843805,50001.02200419044,50001.0,50001.00148367952,50001.48399463293,50001.00025833118,50001.0007423905,50001.65228623095,50001.789555972486,50001.74194785276,50002.0,49986.64,50001.0007423905
org.joda.time.base.BaseDateTime.getMillis()J 50001.64134366925,50001.0,50001.00143988481,50001.000720461096,52483.0,50001.64143632136,50002.0,50050.829710013204,50000.00287769784,50164.67452014036,50007.103758843565,50001.0,50001.0,50001.282872642725,52484.0,50001.00071994241,50001.000720461096,50001.5003599712,50002.788904899135,50001.00019015022,50001.026831742485,50001.021487915285,50001.0,50001.00143884892,50001.47214299296,50001.00025833118,50001.00071994241,50001.64143632136,50001.781554926034,50001.73602130087,50002.0,49986.22,50001.00071994241
org.joda.time.chrono.BasicChronology.getYear(J)I 50001.636950904394,50001.0,50001.00142247511,50001.00071174377,52466.0,50001.63704469129,50002.0,50063.128898268034,50000.00284292822,50164.90197774795,50007.122363075476,50002.083333333336,50063.128898268034,50001.99431671403,53861.0,50001.00071123755,50001.00071174377,50001.50035561878,50351.90909090909,50001.00018953753,50001.026669037354,50001.021284346425,50001.0,50001.001421464105,50001.99433281813,50001.00025833118,50001.00071123755,50001.997158357015,50001.9985771569,50001.7336492891,50002.0,49998.93,50001.00071123755
org.joda.time.base.AbstractInstant.<init>()V 50001.629715762276,50001.00210526316,50001.00139470014,50001.00069783671,52438.0,50001.629811418235,50002.0,50050.37610758252,50000.00278745645,50165.27363458146,50007.15264060884,50001.0,50001.0,50001.25962283648,52439.0,50001.00069735007,50001.00069783671,50001.500348675036,50002.70132588974,50001.00018853696,50001.02640738665,50001.020955484506,50001.0,50001.00139372822,50001.459653092,50001.00025833118,50001.00069735007,50001.629811418235,50001.77286416231,50001.72977559872,50002.0,49985.77,50001.00069735007
org.joda.time.chrono.GregorianChronology.isLeapYear(I)Z 50001.61757105943,50001.0,50001.00135043889,50001.00067567568,52391.0,50001.61766985275,50002.0,50049.89785271359,50000.00269905533,50165.889416243306,50007.20248080395,50001.0,50001.0,50001.235339705505,52392.0,50001.000675219446,50001.00067567568,50001.50033760972,50002.61554054054,50001.000186880956,50001.02598498502,50001.02042047964,50001.0,50001.001349527665,50001.44683236778,50001.00025833118,50001.000675219446,50001.61766985275,50001.763653784736,50001.72336448598,50002.0,49985.3,50001.000675219446
org.joda.time.chrono.BasicChronology.getYearInfo(I)Lorg/joda/time/chrono/BasicChronology$YearInfo; 50001.611369509046,50001.0,50001.00132890366,50001.00066489362,52367.0,50001.61146990442,50002.0,50062.58733636065,50000.002656042496,50166.2000869793,50007.227474516956,50002.012658227846,50062.58733636065,50001.95970033583,53794.0,50001.00066445183,50001.00066489362,50001.500332225914,50049.6282051282,50001.00018604651,50001.02577696311,50001.02015503876,50001.0,50001.00132802125,50001.96049632818,50001.00025833118,50001.00066445183,50001.97985016792,50001.98982254697,50001.720133978415,50002.0,49998.33,50001.00066445183
org.joda.time.chrono.BasicChronology.getYearMillis(I)J 50001.611369509046,50001.0,50001.00132890366,50001.00066489362,52367.0,50001.61146990442,50002.0,50049.65182422068,50000.002656042496,50166.2000869793,50007.227474516956,50001.0,50001.0,50001.22293980884,52368.0,50001.00066445183,50001.00066489362,50001.500332225914,50002.57380319149,50001.00018604651,50001.02577696311,50001.02015503876,50001.0,50001.00132802125,50001.44037209302,50001.00025833118,50001.00066445183,50001.61146990442,50001.7588970824,50001.720133978415,50002.0,49985.06,50001.00066445183
org.joda.time.chrono.AssembledChronology.year()Lorg/joda/time/DateTimeField; 50001.60206718346,50001.0,50001.00129785854,50001.00064935065,52331.0,50001.60216998192,50002.0,50049.2804308183,50000.00259403372,50166.66148186066,50007.264410087206,50001.0,50001.0,50001.204339963835,52332.0,50001.000648929265,50001.00064935065,50001.500324464636,50002.513636363634,50001.00018480872,50001.02547409011,50001.019766107755,50001.0,50001.00129701686,50001.43078913325,50001.00025833118,50001.000648929265,50001.60216998192,50001.751693002254,50001.71534195934,50002.0,49984.7,50001.000648929265
org.joda.time.chrono.AssembledChronology.getBase()Lorg/joda/time/Chronology; 50001.59534883721,50001.0,50001.00127632418,50001.0006385696,52305.0,50001.59545337122,50002.0,50049.01041553663,50000.00255102041,50166.991365994785,50007.2906850084,50001.0,50001.0,50001.19090674244,52306.0,50001.00063816209,50001.0006385696,50001.500319081046,50002.47190293742,50001.00018392496,50001.025261870345,50001.01949176904,50001.0,50001.00127551021,50001.42394702961,50001.00025833118,50001.00063816209,50001.59545337122,50001.74643782384,50001.7119205298,50002.0,49984.44,50001.00063816209
org.joda.time.chrono.ZonedChronology.getZone()Lorg/joda/time/DateTimeZone; 50001.436434108524,50001.0,50001.00091659028,50001.000458505274,51690.0,50001.43657969517,50002.0,50042.10960958219,50000.001832340815,50174.11982583531,50007.833825993934,50001.0,50001.0,50000.873159390336,51691.0,50001.000458295144,50001.000458505274,50001.50022914757,50001.77487391105,50001.00016523463,50001.021407828994,50001.01414268828,50001.0,50001.00091617041,50001.27924653007,50001.00025833118,50001.000458295144,50001.43657969517,50001.607804351734,50001.63956370848,50002.0,49978.29,50001.000458295144
org.joda.time.chrono.AssembledChronology.getZone()Lorg/joda/time/DateTimeZone; 50001.37080103359,50001.00070972321,50001.00082101806,50001.00041067762,51436.0,50001.370963575304,50002.0,50038.894590642994,50000.00164136233,50176.76436728587,50008.02465082164,50001.0,50001.0,50000.74192715061,51437.0,50001.000410509034,50001.00041067762,50001.50020525452,50001.58973305955,50001.00015857913,50001.02026102246,50001.01233763239,50001.0,50001.00082068117,50001.227719632094,50001.00025833118,50001.000410509034,50001.370963575304,50001.54117203693,50001.61379857256,50002.0,49975.75,50001.000410509034
org.joda.time.DateTime.<init>(IIIIILorg/joda/time/DateTimeZone;)V 5012.996124031008,5012.0,5012.125,5012.066666666667,8867.0,5012.996125032291,5013.0,5074.09669878504,5011.235294117647,5142.291631466173,5013.967989671265,5012.0,5012.0,5012.992250064583,8868.0,5012.0625,5012.066666666667,5012.53125,5269.066666666667,5012.00025733402,5012.25,5012.249515033491,5012.0,5012.117647058823,5012.992279979413,5012.000258331181,5012.0625,5012.996125032291,5012.998058755015,5012.996138996139,5013.0,5010.95,5012.0625
org.joda.time.tz.DateTimeZoneBuilder$DSTZone.readFrom(Ljava/io/DataInput;Ljava/lang/String;)Lorg/joda/time/tz/DateTimeZoneBuilder$DSTZone; 5012.996124031008,5012.001468428781,5012.125,5012.066666666667,8867.0,5012.996125032291,5013.0,5074.09669878504,5011.235294117647,5142.291631466173,5013.967989671265,5012.0,5012.0,5012.992250064583,8868.0,5012.0625,5012.066666666667,5012.53125,5269.066666666667,5012.00025733402,5012.25,5012.249515033491,5012.0,5012.117647058823,5012.992279979413,5012.000258331181,5012.0625,5012.996125032291,5012.998058755015,5012.996138996139,5013.0,5010.95,5012.0625
org.joda.time.tz.DateTimeZoneBuilder$DSTZone.<init>(Ljava/lang/String;ILorg/joda/time/tz/DateTimeZoneBuilder$Recurrence;Lorg/joda/time/tz/DateTimeZoneBuilder$Recurrence;)V 5012.995348837209,5012.001468428781,5012.105263157895,5012.055555555556,8864.0,5012.99535003875,5013.0,5074.072538211354,5011.2,5142.661288807086,5014.059767143907,5012.0,5012.0,5012.990700077499,8865.0,5012.0526315789475,5012.055555555556,5012.526315789473,5226.055555555556,5012.000257135511,5012.22941573387,5012.228881587083,5012.0,5012.1,5012.990743121625,5012.000258331181,5012.0526315789475,5012.99535003875,5012.997669601243,5012.99537037037,5013.0,5010.92,5012.0526315789475
org.joda.time.tz.DateTimeZoneBuilder.readMillis(Ljava/io/DataInput;)J 5012.995348837209,5012.0,5012.105263157895,5012.055555555556,8864.0,5012.99535003875,5013.0,5074.072538211354,5011.2,5143.001223814922,5014.140695142928,5012.0,5012.0,5012.990700077499,8865.0,5012.0526315789475,5012.055555555556,5012.526315789473,5226.055555555556,5012.000257135511,5012.22941573387,5012.228881587083,5012.0,5012.1,5012.990743121625,5012.000258331181,5012.0526315789475,5012.99535003875,5012.997669601243,5012.99537037037,5013.0,5010.92,5012.0526315789475
org.joda.time.tz.DateTimeZoneBuilder$Recurrence.<init>(Lorg/joda/time/tz/DateTimeZoneBuilder$OfYear;Ljava/lang/String;I)V 5012.995090439276,5012.0,5012.1,5012.0526315789475,8863.0,5012.995091707569,5013.0,5074.064482596732,5011.190476190476,5142.777547063507,5014.08779762993,5012.0,5012.0,5012.990183415138,8864.0,5012.05,5012.0526315789475,5012.525,5214.736842105263,5012.000257069409,5012.22360679775,5012.223057216794,5012.0,5012.0952380952385,5012.990231362468,5012.000258331181,5012.05,5012.995091707569,5012.997539816133,5012.995114425302,5013.0,5010.91,5012.05
org.joda.time.tz.DateTimeZoneBuilder.readFrom(Ljava/io/DataInput;Ljava/lang/String;)Lorg/joda/time/DateTimeZone; 5012.995090439276,5012.0,5012.1,5012.0526315789475,8863.0,5012.995091707569,5013.0,5074.201286160336,5011.190476190476,5143.001223814922,5014.140695142928,5013.333333333333,5074.201286160336,5012.998966675278,8881.0,5012.05,5012.0526315789475,5012.525,6946.5,5012.000257069409,5012.22360679775,5012.223057216794,5012.0,5012.0952380952385,5012.998967208882,5012.000258331181,5012.05,5012.999483337639,5012.999741602067,5012.995114425302,5013.0,5011.0,5012.05
org.joda.time.tz.DateTimeZoneBuilder.readFrom(Ljava/io/InputStream;Ljava/lang/String;)Lorg/joda/time/DateTimeZone; 5012.994573643411,5012.0,5012.090909090909,5012.047619047619,8861.0,5012.994575045208,5013.0,5074.048368229955,5011.173913043478,5143.001223814922,5014.140695142928,5012.0,5012.0,5012.989150090416,8862.0,5012.045454545455,5012.047619047619,5012.522727272727,5195.333333333333,5012.000256937307,5012.2132007163555,5012.212621477942,5012.0,5012.086956521739,5012.989208633094,5012.000258331181,5012.045454545455,5012.994575045208,5012.9972801450585,5012.994602929838,5013.0,5010.89,5012.045454545455
org.joda.time.tz.DateTimeZoneBuilder$PrecalculatedZone.<init>(Ljava/lang/String;[J[I[I[Ljava/lang/String;Lorg/joda/time/tz/DateTimeZoneBuilder$DSTZone;)V 5012.994056847545,5012.0,5012.083333333333,5012.04347826087,8859.0,5012.994058382847,5013.0,5074.032249677083,5011.16,5143.214479643279,5014.189938703094,5012.0,5012.0,5012.988116765694,8860.0,5012.041666666667,5012.04347826087,5012.520833333333,5179.304347826087,5012.000256805341,5012.204124145232,5012.203516670851,5012.0,5012.08,5012.988186954289,5012.000258331181,5012.041666666667,5012.994058382847,5012.997020339422,5012.9940919599285,5013.0,5010.87,5012.041666666667
org.joda.time.chrono.ISOChronology.getInstance(Lorg/joda/time/DateTimeZone;)Lorg/joda/time/chrono/ISOChronology; 5012.970801033592,5012.0,5012.017543859649,5012.008849557522,8769.0,5012.970808576595,5013.0,5074.016126934855,5011.034782608695,5185.109118239681,5018.833042522897,5013.038461538462,5074.016126934855,5012.987083440971,8858.0,5012.008771929824,5012.008849557522,5012.504385964912,5165.84,5012.000251004016,5012.093658581158,5012.092281084412,5012.0,5012.017391304348,5012.987166324436,5012.000258331181,5012.008771929824,5012.993541720486,5012.996760399119,5012.971629425057,5013.0,5009.97,5012.008771929824
org.joda.time.tz.CachedDateTimeZone$Info.<init>(Lorg/joda/time/DateTimeZone;J)V 5012.96149870801,5012.0,5012.013333333333,5012.006711409396,8733.0,5012.961508654094,5013.0,5073.008196170678,5011.026490066225,5150.6252037357,5015.493788146945,5012.0,5012.0,5012.923017308189,8734.0,5012.006666666667,5012.006711409396,5012.503333333333,5036.979865771812,5012.000248756219,5012.081649658093,5012.080062421814,5012.0,5012.013245033113,5012.925870646766,5012.000258331181,5012.006666666667,5012.961508654094,5012.980376662716,5012.9629261010205,5013.0,5009.61,5012.006666666667
org.joda.time.base.BaseDateTime.<init>(IIIIIIILorg/joda/time/DateTimeZone;)V 5012.923772609819,5012.0,5012.006756756757,5012.003389830508,8587.0,5012.923792301731,5013.0,5071.799665550904,5011.013468013468,5155.594212157284,5016.144341206672,5012.0,5012.0,5012.847584603462,8588.0,5012.003378378378,5012.003389830508,5012.501689189189,5024.122033898305,5012.000240038406,5012.058123819372,5012.055864598911,5012.0,5012.006734006734,5012.858377340374,5012.000258331181,5012.003378378378,5012.923792301731,5012.960386732912,5012.929171668668,5013.0,5008.15,5012.003378378378
org.joda.time.chrono.AssembledChronology.secondOfDay()Lorg/joda/time/DateTimeField; 5012.869250645995,5012.0,5012.003944773175,5012.001976284585,8376.0,5012.86928442263,5013.0,5070.008620049092,5011.007874015748,5160.91309187837,5016.742830774801,5012.0,5012.0,5012.73856884526,8377.0,5012.001972386588,5012.001976284585,5012.500986193294,5018.650197628458,5012.000228466986,5012.044411559168,5012.041406500885,5012.0,5012.003937007874,5012.768791409641,5012.000258331181,5012.001972386588,5012.86928442263,5012.930071862907,5012.8843692870205,5013.0,5006.04,5012.001972386588
org.joda.time.tz.DateTimeZoneBuilder$Recurrence.getSaveMillis()I 5012.855813953488,5012.0,5012.003577817532,5012.0017921146955,8324.0,5012.85585120124,5013.0,5069.558665724632,5011.007142857143,5162.040671742002,5016.860249337435,5012.0,5012.0,5012.71170240248,8325.0,5012.001788908766,5012.0017921146955,5012.500894454382,5017.937275985663,5012.000225784602,5012.042295493444,5012.039127651133,5012.0,5012.003571428571,5012.748024384737,5012.000258331181,5012.001788908766,5012.85585120124,5012.92232739421,5012.873983739837,5013.0,5005.52,5012.001788908766
org.joda.time.field.MillisDurationField.add(JI)J 5012.825839793281,5012.0,5012.002962962963,5012.001483679525,8208.0,5012.8258847842935,5013.0,5068.542019772909,5011.005917159763,5164.3801580914605,5017.0952438579025,5012.0,5012.0,5012.651769568587,8209.0,5012.001481481481,5012.001483679525,5012.500740740741,5016.743323442137,5012.000220022002,5012.038490017946,5012.0349780840015,5012.0,5012.002958579882,5012.703410341034,5012.000258331181,5012.001481481481,5012.8258847842935,5012.904640633843,5012.851672535211,5013.0,5004.36,5012.001481481481
org.joda.time.field.FieldUtils.safeAdd(II)I 5012.825581395349,5012.0,5012.002958579882,5012.001481481481,8207.0,5012.825626453113,5013.0,5073.943522663794,5011.005908419498,5164.437871782482,5017.100904200484,5013.028571428571,5073.943522663794,5012.982433479721,8849.0,5012.001479289941,5012.001481481481,5012.50073964497,5124.85294117647,5012.000219973603,5012.038461538462,5012.034946734518,5012.0,5012.002954209749,5012.982586427657,5012.000258331181,5012.001479289941,5012.991216739861,5012.995588998443,5012.851485148515,5013.0,5009.77,5012.001479289941
org.joda.time.field.PreciseDurationDateTimeField.getDurationField()Lorg/joda/time/DurationField; 5012.779328165375,5012.025641025641,5012.0023391812865,5012.001170960188,8028.0,5012.779385171791,5013.0,5066.927224579438,5011.0046728971965,5167.641926512371,5017.405855935225,5012.0,5012.0,5012.55877034358,8029.0,5012.001169590643,5012.001170960188,5012.500584795322,5015.5327868852455,5012.000211640212,5012.034199278402,5012.0301909743175,5012.0,5012.002336448598,5012.638518518518,5012.000258331181,5012.001169590643,5012.779385171791,5012.876016260163,5012.819220999153,5013.0,5002.56,5012.001169590643
org.joda.time.chrono.BasicChronology.getMillisOfDay(J)I 5012.76511627907,5012.0,5012.002197802198,5012.001100110011,7973.0,5012.765176956858,5013.0,5073.122827159745,5011.004390779363,5168.750149896173,5017.5074042684555,5013.007352941177,5073.122827159745,5012.930250581245,8748.0,5012.001098901099,5012.001100110011,5012.500549450549,5039.674074074074,5012.000209205021,5012.033149677207,5012.028996329421,5012.0,5012.002195389681,5012.932601098352,5012.000258331181,5012.001098901099,5012.965125290622,5012.9822531878535,5012.809792843691,5013.0,5008.76,5012.001098901099
org.joda.time.field.FieldUtils.safeAdd(JJ)J 5012.7612403100775,5012.0,5012.002162162162,5012.001082251082,7958.0,5012.7613019891505,5013.0,5074.153036933041,5011.0043196544275,5168.816016427108,5017.513380841838,5013.111111111111,5074.153036933041,5012.995866701111,8875.0,5012.001081081081,5012.001082251082,5012.500540540541,5494.875,5012.000208550574,5012.032879797461,5012.028687322939,5012.0,5012.002159827214,5012.995875225573,5012.000258331181,5012.001081081081,5012.997933350555,5012.998965606414,5012.807259073842,5013.0,5009.5,5012.001081081081
org.joda.time.chrono.BasicDayOfMonthDateTimeField.getMinimumValue()I 5012.746511627907,5012.0,5012.002036659877,5012.001019367992,7901.0,5012.746577111858,5013.0,5065.758720222862,5011.004069175992,5169.739567646698,5017.596509584261,5012.0,5012.0,5012.493154223715,7902.0,5012.001018329939,5012.001019367992,5012.500509164969,5014.945973496432,5012.000206100577,5012.031911282314,5012.02757163652,5012.0,5012.002034587996,5012.595630667766,5012.000258331181,5012.001018329939,5012.746577111858,5012.85490312084,5012.797773654916,5013.0,5001.29,5012.001018329939
org.joda.time.chrono.ISOChronology.getInstanceUTC()Lorg/joda/time/chrono/ISOChronology; 5012.731007751938,5012.0,5012.001919385796,5012.000960614793,7841.0,5012.731077241023,5013.0,5065.197744313082,5011.003835091084,5170.68317972977,5017.680187638609,5012.0,5012.0,5012.462154482046,7842.0,5012.0009596928985,5012.000960614793,5012.500479846449,5014.718539865514,5012.000203583062,5012.03097891054,5012.026486656039,5012.0,5012.001917545542,5012.576140065146,5012.000258331181,5012.0009596928985,5012.731077241023,5012.844650052231,5012.7880268784365,5013.0,5000.69,5012.0009596928985
org.joda.time.chrono.BasicChronology.getMaxMonth()I 5012.719121447029,5012.0,5012.001838235294,5012.000919963201,7795.0,5012.719194006717,5013.0,5064.7636238330915,5011.003673094582,5171.3883311636355,5017.74192328786,5012.0,5012.0,5012.438388013433,7796.0,5012.000919117647,5012.000919963201,5012.500459558823,5014.561177552898,5012.000201694232,5012.03031695313,5012.025709088128,5012.0,5012.0018365472915,5012.561516740621,5012.000258331181,5012.000919117647,5012.719194006717,5012.836664162284,5012.780714141618,5013.0,5000.23,5012.000919117647
org.joda.time.DateTimeFieldType.millisOfSecond()Lorg/joda/time/DateTimeFieldType; 5012.7131782945735,5012.0,5012.001800180018,5012.000900900901,7772.0,5012.713252389563,5013.0,5064.545218621679,5011.003597122302,5171.735310617882,5017.772058774642,5012.0,5012.0,5012.426504779127,7773.0,5012.000900090009,5012.000900900901,5012.500450045004,5014.487387387388,5012.000200762899,5012.030001500112,5012.025336232111,5012.0,5012.001798561151,5012.5543063641835,5012.000258331181,5012.000900090009,5012.713252389563,5012.832629674306,5012.777108433735,5013.0,5000.0,5012.000900090009
org.joda.time.DateTimeFieldType.minuteOfHour()Lorg/joda/time/DateTimeFieldType; 5012.708527131783,5012.0,5012.001771479185,5012.000886524823,7754.0,5012.7086024283135,5013.0,5064.373657500694,5011.003539823008,5172.00435936746,5017.795318045413,5012.0,5012.0,5012.417204856626,7755.0,5012.000885739592,5012.000886524823,5012.500442869797,5014.431737588652,5012.000200040008,5012.029761377531,5012.025051357908,5012.0,5012.001769911504,5012.548709741948,5012.000258331181,5012.000885739592,5012.7086024283135,5012.829452676142,5012.77430972389,5013.0,4999.82,5012.000885739592
org.joda.time.DateTimeFieldType.hourOfDay()Lorg/joda/time/DateTimeFieldType; 5012.703359173127,5012.0,5012.001740644038,5012.000871080139,7734.0,5012.703435804701,5013.0,5064.182372502599,5011.00347826087,5172.300796812161,5017.82083745626,5012.0,5012.0,5012.406871609403,7735.0,5012.000870322019,5012.000871080139,5012.50043516101,5014.371951219512,5012.000199242877,5012.029501220638,5012.0247416445645,5012.0,5012.0017391304345,5012.542538354254,5012.000258331181,5012.000870322019,5012.703435804701,5012.825902335457,5012.771223595058,5013.0,4999.62,5012.000870322019
org.joda.time.field.FieldUtils.verifyValueBounds(Lorg/joda/time/DateTimeFieldType;III)V 5012.7020671834625,5012.0,5012.001733102253,5012.000867302689,7729.0,5012.702144148799,5013.0,5074.064482596732,5011.003463203463,5172.389223622892,5017.828428218905,5013.05,5074.064482596732,5012.990183415138,8864.0,5012.000866551127,5012.000867302689,5012.500433275563,5214.736842105263,5012.000199044586,5012.0294372404705,5012.024665301716,5012.0,5012.001731601732,5012.990231362468,5012.000258331181,5012.000866551127,5012.995091707569,5012.997539816133,5012.770455902847,5013.0,5009.92,5012.000866551127
org.joda.time.chrono.AssembledChronology.secondOfMinute()Lorg/joda/time/DateTimeField; 5012.6989664082685,5012.0,5012.001715265867,5012.000858369099,7717.0,5012.699044174632,5013.0,5064.01922721456,5011.003427592116,5172.550744451718,5017.842268081126,5012.0,5012.0,5012.398088349264,7718.0,5012.000857632933,5012.000858369099,5012.500428816466,5014.322746781116,5012.000198570294,5012.029285370633,5012.024483803031,5012.0,5012.0017137960585,5012.537331215251,5012.000258331181,5012.000857632933,5012.699044174632,5012.822867568801,5012.768619662364,5013.0,4999.45,5012.000857632933
org.joda.time.base.BaseDateTime.checkInstant(JLorg/joda/time/Chronology;)J 5012.692764857881,5012.0,5012.001680672269,5012.000841042894,7693.0,5012.692844226298,5013.0,5063.788029504896,5011.00335852225,5172.9005274190995,5017.872127323137,5012.0,5012.0,5012.385688452596,7694.0,5012.000840336134,5012.000841042894,5012.500420168068,5014.255677039529,5012.000197628458,5012.028988551782,5012.024127895531,5012.0,5012.001679261125,5012.530039525692,5012.000258331181,5012.000840336134,5012.692844226298,5012.818556386388,5012.764973314885,5013.0,4999.21,5012.000840336134
org.joda.time.chrono.AssembledChronology.minuteOfHour()Lorg/joda/time/DateTimeField; 5012.688113695091,5012.0,5012.001655629139,5012.000828500414,7675.0,5012.688194265048,5013.0,5063.613951602256,5011.003308519437,5173.1605536520465,5017.894226457482,5012.0,5012.0,5012.376388530096,7676.0,5012.00082781457,5012.000828500414,5012.500413907284,5014.207125103562,5012.000196927925,5012.0287717668825,5012.023866934078,5012.0,5012.001654259719,5012.524615990547,5012.000258331181,5012.00082781457,5012.688194265048,5012.815302218822,5012.762261177861,5013.0,4999.03,5012.00082781457
org.joda.time.field.PreciseDurationDateTimeField.getMinimumValue()I 5012.683204134367,5012.025641025641,5012.00162999185,5012.0008156606855,7656.0,5012.683285972617,5013.0,5063.429563482495,5011.00325732899,5173.432930919989,5017.917286776896,5012.0,5012.0,5012.366571945234,7657.0,5012.000814995925,5012.0008156606855,5012.500407497962,5014.157422512235,5012.00019619384,5012.028548133477,5012.023596791847,5012.0,5012.001628664495,5012.518932705513,5012.000258331181,5012.000814995925,5012.683285972617,5012.811847759362,5012.759419152277,5013.0,4998.84,5012.000814995925
org.joda.time.DateTimeFieldType.secondOfMinute()Lorg/joda/time/DateTimeFieldType; 5012.678552971576,5012.0,5012.001606425702,5012.000803858521,7638.0,5012.6786360113665,5013.0,5063.254268114958,5011.003210272873,5173.689032297063,5017.938887452806,5012.0,5012.0,5012.357272022733,7639.0,5012.000803212852,5012.000803858521,5012.500401606426,5014.111736334406,5012.000195503421,5012.028341010063,5012.023345716248,5012.0,5012.001605136436,5012.5135874877815,5012.000258331181,5012.000803212852,5012.6786360113665,5012.808556478916,5012.756746186938,5013.0,4998.66,5012.000803212852
org.joda.time.chrono.AssembledChronology.hourOfDay()Lorg/joda/time/DateTimeField; 5012.677777777778,5012.0,5012.0016025641025,5012.000801924619,7635.0,5012.677861017824,5013.0,5063.224993899463,5011.003202562049,5173.731535285985,5017.942464738307,5012.0,5012.0,5012.35572203565,7636.0,5012.000801282052,5012.000801924619,5012.500400641025,5014.104250200481,5012.000195388824,5012.028306925854,5012.023304316512,5012.0,5012.001601281025,5012.512700273544,5012.000258331181,5012.000801282052,5012.677861017824,5012.808006158583,5012.756302521008,5013.0,4998.63,5012.000801282052
org.joda.time.field.FieldUtils.verifyValueBounds(Lorg/joda/time/DateTimeField;III)V 5012.676744186047,5012.0,5012.001597444089,5012.000799360511,7631.0,5012.6768276931025,5013.0,5073.6198020120155,5011.003192338388,5173.830510539218,5017.950786705911,5013.013333333333,5073.6198020120155,5012.961766985275,8809.0,5012.000798722045,5012.000799360511,5012.500399361023,5063.310810810811,5012.000195236235,5012.028261670947,5012.023249311818,5012.0,5012.001596169194,5012.962484157161,5012.000258331181,5012.000798722045,5012.980883492638,5012.990349504434,5012.755711775044,5013.0,5009.37,5012.000798722045
org.joda.time.base.BaseDateTime.checkChronology(Lorg/joda/time/Chronology;)Lorg/joda/time/Chronology; 5012.657622739018,5012.0,5012.001508295626,5012.000754716981,7557.0,5012.6577111857405,5013.0,5062.457903246172,5011.00301431801,5174.8191975663685,5018.033286786354,5012.0,5012.0,5012.31542237148,7558.0,5012.000754147813,5012.000754716981,5012.500377073907,5013.9215094339625,5012.0001924557355,5012.027461751819,5012.022269817026,5012.0,5012.001507159005,5012.48999230177,5012.000258331181,5012.000754147813,5012.6577111857405,5012.793517219885,5012.744947064485,5013.0,4997.85,5012.000754147813
org.joda.time.DateTimeFieldType.dayOfMonth()Lorg/joda/time/DateTimeFieldType; 5012.656072351421,5012.0,5012.0015015015015,5012.000751314801,7551.0,5012.656161198656,5013.0,5062.398412673417,5011.003000750187,5174.901520813875,5018.040105354537,5012.0,5012.0,5012.312322397313,7552.0,5012.000750750751,5012.000751314801,5012.500375375375,5013.90833959429,5012.000192233756,5012.027399831218,5012.022193395648,5012.0,5012.001500375094,5012.488273740869,5012.000258331181,5012.000750750751,5012.656161198656,5012.792388082982,5012.744087675447,5013.0,4997.79,5012.000750750751
org.joda.time.chrono.GregorianChronology.getMinYear()I 5012.6537467700255,5012.0,5012.00149142431,5012.000746268657,7542.0,5012.653836218032,5013.0,5062.309044912421,5011.002980625932,5175.024658555412,5018.050290111676,5012.0,5012.0,5012.307672436063,7543.0,5012.000745712156,5012.000746268657,5012.500372856078,5013.888805970149,5012.000191901746,5012.027307730684,5012.022079558708,5012.0,5012.001490312966,5012.4857033199005,5012.000258331181,5012.000745712156,5012.653836218032,5012.790690409247,5012.742802303263,5013.0,4997.7,5012.000745712156
org.joda.time.chrono.GregorianChronology.getMaxYear()I 5012.653488372093,5012.0,5012.001490312966,5012.000745712156,7541.0,5012.653577886851,5013.0,5062.299105359837,5011.002978406553,5175.038314967167,5018.051418581391,5012.0,5012.0,5012.307155773702,7542.0,5012.0007451564825,5012.000745712156,5012.500372578242,5013.886651752424,5012.000191864927,5012.027297554521,5012.022066968459,5012.0,5012.001489203276,5012.485418265541,5012.000258331181,5012.0007451564825,5012.653577886851,5012.7905014841435,5012.742659758203,5013.0,4997.69,5012.0007451564825
org.joda.time.field.PreciseDurationDateTimeField.getUnitMillis()J 5012.6341085271315,5012.025641025641,5012.001411432604,5012.00070621469,7466.0,5012.634203048308,5013.0,5061.54795656735,5011.002820874471,5176.04842356442,5018.134311326014,5012.0,5012.0,5012.268406096616,7467.0,5012.000705716302,5012.00070621469,5012.500352858151,5013.733757062147,5012.000189143181,5012.026565321418,5012.021154212935,5012.0,5012.001410437236,5012.464346510308,5012.000258331181,5012.000705716302,5012.634203048308,5012.77616187164,5012.732122587969,5013.0,4996.94,5012.000705716302
org.joda.time.DateTimeFieldType.monthOfYear()Lorg/joda/time/DateTimeFieldType; 5012.626098191215,5012.0,5012.001381215469,5012.000691085003,7435.0,5012.62619478171,5013.0,5061.234134500364,5011.0027605244995,5176.458101323186,5018.167613250133,5012.0,5012.0,5012.25238956342,7436.0,5012.000690607735,5012.000691085003,5012.500345303867,5013.675190048376,5012.000188040617,5012.026279416561,5012.020793947523,5012.0,5012.00138026225,5012.455810455058,5012.000258331181,5012.000690607735,5012.62619478171,5012.7701350278,5012.727854053038,5013.0,4996.63,5012.000690607735
org.joda.time.DateTimeFieldType.year()Lorg/joda/time/DateTimeFieldType; 5012.623772609819,5012.0,5012.001372683597,5012.000686813187,7426.0,5012.623869801085,5013.0,5061.142649501223,5011.002743484225,5176.576216176644,5018.177181238775,5012.0,5012.0,5012.2477396021695,7427.0,5012.000686341798,5012.000686813187,5012.500343170899,5013.658653846154,5012.000187722921,5012.026198125853,5012.020691090225,5012.0,5012.0013717421125,5012.453350854139,5012.000258331181,5012.000686341798,5012.623869801085,5012.768374164811,5012.726624108149,5013.0,4996.54,5012.000686341798
org.joda.time.chrono.ISOChronology.withUTC()Lorg/joda/time/Chronology; 5012.6173126614985,5012.0,5012.001349527665,5012.000675219447,7401.0,5012.617411521571,5013.0,5060.887626246321,5011.0026972353335,5176.902410929754,5018.203528254936,5012.0,5012.0,5012.234823043142,7402.0,5012.000674763833,5012.000675219447,5012.500337381916,5013.613774476705,5012.000186846039,5012.025976216673,5012.020409317907,5012.0,5012.001348617667,5012.446562032885,5012.000258331181,5012.000674763833,5012.617411521571,5012.763456316882,5012.723229302934,5013.0,4996.29,5012.000674763833
org.joda.time.chrono.AssembledChronology.dayOfMonth()Lorg/joda/time/DateTimeField; 5012.592506459949,5012.0,5012.001267427123,5012.000634115409,7305.0,5012.592611728235,5013.0,5059.895720059312,5011.002533248891,5178.130107423296,5018.301702889166,5012.0,5012.0,5012.185223456471,7306.0,5012.000633713562,5012.000634115409,5012.500316856781,5013.454660748256,5012.000183553598,5012.0251736680175,5012.0193772902885,5012.0,5012.001266624446,5012.42107195301,5012.000258331181,5012.000633713562,5012.592611728235,5012.744201135442,5012.710482834588,5013.0,4995.33,5012.000633713562
org.joda.time.chrono.AssembledChronology.monthOfYear()Lorg/joda/time/DateTimeField; 5012.586304909561,5012.0,5012.001248439451,5012.000624609619,7281.0,5012.586411779902,5013.0,5059.644516998286,5011.002495321272,5178.4311461674515,5018.325543300578,5012.0,5012.0,5012.172823559804,7282.0,5012.000624219725,5012.000624609619,5012.5003121098625,5013.417863835103,5012.0001827485385,5012.024984389634,5012.0191306845045,5012.0,5012.001247660636,5012.414839181287,5012.000258331181,5012.000624219725,5012.586411779902,5012.739293274711,5012.707366112229,5013.0,4995.09,5012.000624219725
org.joda.time.chrono.AssembledChronology.getParam()Ljava/lang/Object; 5012.436175710594,5012.0,5012.000916170407,5012.000458295142,6700.0,5012.436321363989,5013.0,5053.097445176069,5011.0018315018315,5185.130530976473,5018.834609195595,5012.0,5012.0,5011.872642727977,6701.0,5012.000458085204,5012.000458295142,5012.500229042602,5012.774060494959,5012.000165207335,5012.021402925124,5012.014135262265,5012.0,5012.000915750916,5012.279035189163,5012.000258331181,5012.000458085204,5012.436321363989,5012.607553956835,5012.639458030403,5013.0,4989.28,5012.000458085204
org.joda.time.DateTimeUtils.getChronology(Lorg/joda/time/Chronology;)Lorg/joda/time/Chronology; 5012.358656330749,5012.008130081301,5012.000805477245,5012.000402900886,6400.0,5012.358822009816,5013.0,5064.325901807804,5011.001610305958,5191.906964601231,5019.313570706657,5013.000881834215,5064.325901807804,5012.414621544821,7750.0,5012.000402738623,5012.000402900886,5012.500201369311,5014.416593115622,5012.00015740595,5012.020068348777,5012.01201851724,5012.0,5012.000805152979,5012.547162270183,5012.000258331181,5012.000402738623,5012.70731077241,5012.828567105462,5012.609256926952,5013.0,4998.78,5012.000402738623
