org.joda.time.DateTimeZone.forOffsetHoursMinutes(II)Lorg/joda/time/DateTimeZone; 500001.99741468456,500001.0,500001.3333333333,500001.4,503859.0,500002.9974153528,500002.0,500063.1852072442,500000.5714285714,500133.1281518305,500002.93433642027,500003.4,500125.3704144883,500001.9984496124,503868.0,500001.1666666667,500001.2,500001.5833333333,501290.0,500001.00051546394,500001.4082482905,500001.40772022365,500001.0,500001.28571428574,500001.99845081335,500001.00051679584,500001.1666666667,500001.9992248062,500001.9996122528,500001.9974213512,500003.0,500000.96,500001.1666666667
org.joda.time.tz.FixedDateTimeZone.isFixed()Z 500002.99741468456,500002.0,500002.3333333333,500002.4,503860.0,500003.9974153528,500003.0,500064.12889826804,500001.5714285714,500133.5487721039,500003.77827941003,500002.0,500002.0,500002.9948320413,503862.0,500002.1666666667,500002.2,500002.5833333333,500388.0,500002.00051546394,500002.4082482905,500002.40772022365,500002.0,500002.28571428574,500002.9948453608,500002.00051679584,500002.1666666667,500002.99741602066,500002.9987063389,500002.9974213512,500004.0,500001.2,500002.1666666667
org.joda.time.DateTimeZone.forOffsetHours(I)Lorg/joda/time/DateTimeZone; 500001.9968976215,500001.0,500001.28571428574,500001.3333333333,503857.0,500002.99689842336,500002.0,500063.1128006131,500000.5,500132.8505960589,500002.8612097182,500001.0,500001.0,500001.99379844964,503859.0,500001.14285714284,500001.1666666667,500001.5714285714,500322.5,500001.00051519834,500001.377964473,500001.37737772317,500001.0,500001.25,500001.9938176198,500001.00051679584,500001.14285714284,500001.9968992248,500001.99844720494,500001.9969072165,500003.0,500000.98,500001.14285714284
org.joda.time.DateTimeZone.forOffsetMillis(I)Lorg/joda/time/DateTimeZone; 500001.9862978283,500001.0,500001.07272727275,500001.07547169813,503816.0,500002.98630136985,500002.0,500062.7818743646,500000.1403508772,500136.66660433303,500003.6981678764,500001.0,500001.0,500001.97260981915,503818.0,500001.0363636364,500001.03773584904,500001.5181818182,500073.0188679245,500001.0005098139,500001.19069251785,500001.18938156083,500001.0,500001.0701754386,500001.97297986236,500001.00051679584,500001.0363636364,500001.9863049096,500001.9931052426,500001.98648304003,500003.0,500000.57,500001.0363636364
org.joda.time.chrono.ZonedChronology$ZonedDurationField.isPrecise()Z 500001.9767321613,500001.0,500001.04347826086,500001.0444444445,503779.0,500002.97673817526,500002.0,500062.48170459573,500000.08510638296,500138.8733274242,500004.08007028827,500001.0,500001.0,500001.9534883721,503781.0,500001.02173913043,500001.02222222224,500001.51086956525,500043.0,500001.0005050505,500001.14744195616,500001.14571653254,500001.0,500001.0425531915,500001.95454545453,500001.00051679584,500001.02173913043,500001.9767441861,500001.9882352941,500001.97726124304,500003.0,500000.2,500001.02173913043
org.joda.time.DateTimeUtils.getPeriodType(Lorg/joda/time/PeriodType;)Lorg/joda/time/PeriodType; 500001.95915201656,500001.0,500001.025,500001.0253164557,503711.0,500002.9591625743,500002.0,500061.9261848469,500000.04938271607,500150.81077972933,500005.6286375194,500003.0053619303,500119.30469136935,500001.9183462532,503713.0,500001.0125,500001.0126582279,500001.50625,500024.4936708861,500001.0004965243,500001.1118033989,500001.1094961196,500001.0,500001.02469135803,500001.9215491559,500001.00051679584,500001.0125,500001.9591731266,500001.9791611712,500001.9607550919,500003.0,499999.52,500001.0125
org.joda.time.chrono.ISOChronology.getInstance()Lorg/joda/time/chrono/ISOChronology; 500001.5137021717,500001.0,500001.0021242698,500001.0021265284,501988.0,500002.5138278625,500002.0,500045.59820624196,500000.00424403185,500172.75699132815,500007.58562805544,500001.0,500001.0,500001.02790697676,501990.0,500001.00106213486,500001.0010632642,500001.50053106743,500002.0574162679,500001.0003477656,500001.032590411,500001.02335853165,500001.0,500001.0021220159,500001.3458528952,500001.00051679584,500001.00106213486,500001.5139534884,500001.67895545316,500001.6728126631,500003.0,499982.29,500001.00106213486
org.joda.time.chrono.ISOChronology.getInstance(Lorg/joda/time/DateTimeZone;)Lorg/joda/time/chrono/ISOChronology; 500001.4356256463,500001.0,500001.0018306636,500001.00183234084,501686.0,500002.43577151716,500002.0,500063.01612693485,500000.00365797896,500176.4290283891,500007.85875600565,500003.07692307694,500125.0322538697,500001.9875968992,503847.0,500001.0009153318,500001.0009161704,500001.5004576659,500161.25,500001.0003304147,500001.03025445103,500001.0199685255,500001.0,500001.0018289895,500001.9876733436,500001.00051679584,500001.0009153318,500001.99379844964,500001.9968895801,500001.6392331846,500003.0,499998.88,500001.0009153318
org.joda.time.base.AbstractDuration.toPeriod()Lorg/joda/time/Period; 500001.49974146846,500001.0,500001.6666666667,500001.5,500000.0,500001.9997415353,500001.0,500063.1932472219,500001.0,500128.38649444375,500001.0,500002.3333333333,500063.17716622684,500001.99896640825,503869.0,500001.3333333333,500001.5,500001.5,501935.0,500001.0002582645,500001.5,500001.49987073423,500002.0,500001.5,500001.99896694213,500001.00025839795,500001.5,500001.99948320416,500001.9997415353,500001.99948320416,500002.0,500001.0,500001.00009997
org.joda.time.tz.FixedDateTimeZone.getOffsetFromLocal(J)I 500001.99534643226,500001.0,500001.2,500001.22222222225,503851.0,500002.99534763506,500002.0,500063.0644825967,500000.36363636365,500133.62913513085,500003.0597671439,500001.0,500001.0,500001.9906976744,503853.0,500001.1,500001.1111111111,500001.55,500215.0,500001.0005144033,500001.31622776604,500001.31549111434,500001.0,500001.1818181818,500001.99074074073,500001.00051679584,500001.1,500001.9953488372,500001.9976689977,500001.99536798766,500003.0,500000.92,500001.1
org.joda.time.DateTimeZone.fixedOffsetZone(Ljava/lang/String;I)Lorg/joda/time/DateTimeZone; 50002.9930196484,50002.0,50002.137931034486,50002.148148148146,53843.0,50003.993021452574,50003.0,50064.12084996199,50001.25806451613,50138.19674411964,50004.79468239267,50004.153846153844,50126.24169992398,50002.99431524548,53861.0,50002.06896551724,50002.07407407407,50002.53448275862,50352.818181818184,50002.000513215295,50002.26261286572,50002.26169469555,50002.0,50002.12903225807,50002.9943313579,50002.000516795866,50002.06896551724,50002.99715762274,50002.99857678872,50002.99306803595,50004.0,50001.83,50002.06896551724
org.joda.time.Period.<init>(J)V 50001.99198552223,50001.0,50001.121212121216,50001.12903225807,53838.0,50002.99198759369,50002.0,50062.959664298636,50000.22857142857,50134.95425880656,50003.35961106177,50001.0,50001.0,50001.983979328164,53840.0,50001.06060606061,50001.06451612903,50001.530303030304,50124.83870967742,50001.000512689054,50001.24618298196,50001.24519448338,50001.0,50001.114285714284,50001.98410663932,50001.000516795866,50001.06060606061,50001.991989664086,50001.99597872616,50001.992049243396,50003.0,50000.79,50001.06060606061
org.joda.time.field.FieldUtils.safeMultiply(II)I 50001.98759048604,50001.0,50001.08,50001.083333333336,53821.0,50002.98759369346,50002.0,50063.040309476986,50000.153846153844,50136.314697674,50003.63214802591,50003.086956521736,50125.080618953965,50001.98914728682,53850.0,50001.04,50001.041666666664,50001.52,50184.28571428572,50001.000510464524,50001.2,50001.19875517463,50001.0,50001.07692307692,50001.989205859674,50001.000516795866,50001.04,50001.99457364341,50001.997279440344,50001.98774259449,50003.0,50000.62,50001.04
org.joda.time.DateTimeZone.printOffset(I)Ljava/lang/String; 50001.983971044465,50001.0,50001.0625,50001.06451612903,53807.0,50002.98397518739,50002.0,50063.18520724417,50000.121212121216,50137.38649444373,50003.82842712475,50003.4,50125.37041448833,50001.9984496124,53868.0,50001.03125,50001.032258064515,50001.515625,51290.0,50001.000508647,50001.1767766953,50001.17535419909,50001.0,50001.06060606061,50001.99845081332,50001.000516795866,50001.03125,50001.999224806204,50001.99961225281,50001.984223918575,50003.0,50000.48,50001.03125
org.joda.time.chrono.BaseChronology.get(Lorg/joda/time/ReadablePeriod;J)[I 50001.97388831437,50001.0,50001.038834951454,50001.039603960395,53768.0,50002.973895063325,50002.0,50062.392181912684,50000.07619047619,50143.73919453814,50004.788495756155,50001.0,50001.0,50001.94780361757,53770.0,50001.01941747573,50001.0198019802,50001.50970873787,50038.316831683165,50001.00050365147,50001.13934660286,50001.13751528172,50001.0,50001.038095238095,50001.94913120121,50001.000516795866,50001.01941747573,50001.973901808786,50001.986778374136,50001.97455278408,50003.0,50000.09,50001.01941747573
org.joda.time.Period.getMonths()I 50001.9715615305,50001.0,50001.03571428572,50001.03636363636,53759.0,50002.97156888085,50002.0,50062.318838867024,50000.070175438595,50139.87458292543,50004.23853184046,50001.0,50001.0,50001.94315245478,53761.0,50001.017857142855,50001.01818181818,50001.50892857143,50035.181818181816,50001.000502512565,50001.133630620956,50001.13171679105,50001.0,50001.0350877193,50001.94472361809,50001.000516795866,50001.017857142855,50001.97157622739,50001.985583224116,50001.97234791352,50003.0,50000.0,50001.017857142855
org.joda.time.Period.getYears()I 50001.9715615305,50001.0,50001.03571428572,50001.03636363636,53759.0,50002.97156888085,50002.0,50062.318838867024,50000.070175438595,50139.87458292543,50004.23853184046,50001.0,50001.0,50001.94315245478,53761.0,50001.017857142855,50001.01818181818,50001.50892857143,50035.181818181816,50001.000502512565,50001.133630620956,50001.13171679105,50001.0,50001.0350877193,50001.94472361809,50001.000516795866,50001.017857142855,50001.97157622739,50001.985583224116,50001.97234791352,50003.0,50000.0,50001.017857142855
org.joda.time.Period.getWeeks()I 50001.97104446743,50001.0,50001.0350877193,50001.03571428572,53757.0,50002.97105195141,50002.0,50062.30252849597,50000.06896551724,50139.96949968799,50004.2531531234,50001.0,50001.0,50001.94211886305,53759.0,50001.01754385965,50001.017857142855,50001.508771929824,50034.55357142857,50001.00050226017,50001.1324532357,50001.13052152255,50001.0,50001.03448275862,50001.943746860874,50001.000516795866,50001.01754385965,50001.971059431526,50001.98531725223,50001.971859296485,50003.0,49999.98,50001.01754385965
org.joda.time.chrono.ZonedChronology$ZonedDurationField.getOffsetFromLocalToSubtract(J)I 50001.96432264736,50001.0,50001.02857142857,50001.02898550725,53731.0,50002.9643318687,50002.0,50062.0900973972,50000.05633802817,50141.1338345682,50004.42743929552,50001.0,50001.0,50001.92868217054,53733.0,50001.014285714286,50001.014492753624,50001.50714285715,50028.04347826087,50001.000499001995,50001.119522860936,50001.117371367116,50001.0,50001.028169014084,50001.931137724554,50001.000516795866,50001.014285714286,50001.96434108527,50001.9818468824,50001.96555167249,50003.0,49999.72,50001.014285714286
org.joda.time.chrono.ZonedChronology$ZonedDurationField.getDifference(JJ)I 50001.95734229576,50001.0,50001.023952095806,50001.024242424246,53704.0,50002.957353321275,50002.0,50061.86871117413,50000.047337278105,50142.231727022394,50004.58402463421,50001.0,50001.0,50001.91472868217,53706.0,50001.01197604791,50001.01212121212,50001.50598802395,50023.454545454544,50001.00049566295,50001.10943513103,50001.107075567685,50001.0,50001.023668639056,50001.91821561338,50001.000516795866,50001.01197604791,50001.957364341084,50001.97821782178,50001.959087527895,50003.0,49999.45,50001.01197604791
org.joda.time.DurationFieldType$StandardDurationFieldType.getField(Lorg/joda/time/Chronology;)Lorg/joda/time/DurationField; 50001.95449844881,50001.0,50001.02247191011,50001.02272727273,53693.0,50002.954510209354,50002.0,50063.18520724417,50000.044444444444,50156.75435881054,50006.231430432184,50003.4,50125.37041448833,50001.9984496124,53868.0,50001.011235955055,50001.01136363636,50001.50561797753,51290.0,50001.000494315376,50001.105999788,50001.10356013553,50001.0,50001.02222222222,50001.99845081332,50001.000516795866,50001.011235955055,50001.999224806204,50001.99961225281,50001.956478733926,50003.0,50000.0,50001.011235955055
org.joda.time.field.PreciseDurationField.getDifferenceAsLong(JJ)J 50001.949327817994,50001.0,50001.020202020205,50001.02040816326,53673.0,50002.949340914965,50002.0,50061.61352984277,50000.04,50143.38649444373,50004.741657386774,50001.0,50001.0,50001.89870801033,53675.0,50001.0101010101,50001.010204081635,50001.50505050505,50019.744897959186,50001.00049188392,50001.10050378153,50001.09792430689,50001.0,50001.02,50001.90359075258,50001.000516795866,50001.0101010101,50001.94935400517,50001.97401908802,50001.95177165354,50003.0,49999.14,50001.0101010101
org.joda.time.field.BaseDurationField.getDifference(JJ)I 50001.94906928646,50001.0,50001.020100502516,50001.02030456853,53672.0,50002.94908245024,50002.0,50061.605280298005,50000.03980099502,50143.42216329135,50004.74642080493,50001.0,50001.0,50001.89819121447,53674.0,50001.01005025126,50001.01015228427,50001.505025125625,50019.64467005076,50001.00049176297,50001.100250941425,50001.09766465476,50001.0,50001.019900497515,50001.903122694865,50001.000516795866,50001.01005025126,50001.94909560723,50001.973883070394,50001.95153751538,50003.0,49999.13,50001.01005025126
org.joda.time.base.BasePeriod.<init>(JLorg/joda/time/PeriodType;Lorg/joda/time/Chronology;)V 50001.94881075491,50001.0,50001.02,50001.020202020205,53671.0,50002.94882398553,50002.0,50061.597029630175,50000.039603960395,50143.4577417232,50004.751166122616,50001.0,50001.0,50001.89767441861,53673.0,50001.01,50001.0101010101,50001.505,50019.545454545456,50001.00049164209,50001.1,50001.09740691736,50001.0,50001.0198019802,50001.902654867255,50001.000516795866,50001.01,50001.948837209304,50001.97374701671,50001.95130349237,50003.0,49999.12,50001.01
org.joda.time.chrono.ZonedChronology$ZonedDurationField.add(JI)J 50001.939762150985,50001.0,50001.017021276595,50001.01716738197,53636.0,50002.93977772034,50002.0,50061.307545133255,50000.033755274264,50144.6508319662,50004.90696013832,50001.0,50001.0,50001.87958656331,53638.0,50001.0085106383,50001.008583690986,50001.50425531915,50016.609442060086,50001.00048744821,50001.092253120805,50001.0894314025,50001.0,50001.01687763713,50001.88642456739,50001.000516795866,50001.0085106383,50001.93979328166,50001.96896230185,50001.94318458912,50003.0,49998.77,50001.0085106383
org.joda.time.PeriodType.getIndexedField(Lorg/joda/time/ReadablePeriod;I)I 50001.93071354705,50001.0,50001.014814814815,50001.014925373136,53601.0,50002.930731455155,50002.0,50061.01666435249,50000.029411764706,50145.75719998748,50005.04607285448,50001.0,50001.0,50001.86149870801,53603.0,50001.00740740741,50001.00746268657,50001.503703703704,50014.44029850746,50001.000483325275,50001.08606629658,50001.08303116537,50001.0,50001.01470588235,50001.87046882552,50001.000516795866,50001.00740740741,50001.930749354,50001.96413276231,50001.93520309478,50003.0,49998.42,50001.00740740741
org.joda.time.tz.FixedDateTimeZone.getOffset(J)I 500001.9283867632,500001.0,500001.01433691755,500001.01444043324,503592.0,500002.92840527266,500002.0,500060.94163828256,500000.0284697509,500146.0298114208,500005.07962216105,500001.0,500001.0,500001.85684754525,503594.0,500001.0071684588,500001.0072202166,500001.5035842294,500013.9711191336,500001.0004822764,500001.0846667513,500001.08157881,500001.0,500001.01423487545,500001.86640945263,500001.00051679584,500001.0071684588,500001.9284237726,500001.9628835589,500001.93317249697,500003.0,499998.33,500001.0071684588
org.joda.time.chrono.ZonedChronology$ZonedDurationField.getOffsetToAdd(J)I 50001.92761116856,50001.0,50001.014184397165,50001.014285714286,53589.0,50002.92762987852,50002.0,50060.91660871578,50000.028169014084,50146.11969497441,50005.09062348923,50001.0,50001.0,50001.85529715762,53591.0,50001.00709219858,50001.00714285715,50001.50354609929,50013.82142857143,50001.00048192771,50001.08421519211,50001.08110981823,50001.0,50001.01408450704,50001.86506024096,50001.000516795866,50001.00709219858,50001.927648578814,50001.96246648794,50001.9324975892,50003.0,49998.3,50001.00709219858
org.joda.time.field.FieldUtils.safeToInt(J)I 50001.92683557394,50001.0,50001.01403508772,50001.01413427562,53586.0,50002.926854484365,50002.0,50063.04836822995,50000.02787456446,50146.38649444373,50005.123105625615,50003.09090909091,50125.096736459906,50001.989664082685,53851.0,50001.00701754386,50001.00706713781,50001.50350877193,50193.5,50001.000481579584,50001.08377078166,50001.080648058196,50001.0,50001.01393728223,50001.98971722365,50001.000516795866,50001.00701754386,50001.994832041346,50001.997409326425,50001.93182365695,50003.0,49998.92,50001.00701754386
org.joda.time.chrono.AssembledChronology.weeks()Lorg/joda/time/DurationField; 50001.92037228542,50001.0,50001.012903225805,50001.01298701299,53561.0,50002.92039286638,50002.0,50060.682493245506,50000.02564102564,50146.93642321851,50005.18926351221,50001.0,50001.0,50001.840826873384,53563.0,50001.006451612906,50001.006493506495,50001.50322580645,50012.56493506493,50001.00047869794,50001.08032193289,50001.07705767783,50001.0,50001.01282051282,50001.852561033986,50001.000516795866,50001.006451612906,50001.920413436696,50001.958557588805,50001.92624521073,50003.0,49998.02,50001.006451612906
org.joda.time.base.BasePeriod.getFieldType(I)Lorg/joda/time/DurationFieldType; 50001.913908996896,50001.0,50001.01194029851,50001.01201201201,53536.0,50002.91393124838,50002.0,50060.4726828048,50000.023738872405,50147.63478203463,50005.27180144563,50001.0,50001.0,50001.827906976745,53538.0,50001.00597014926,50001.006006006006,50001.50298507463,50011.62162162162,50001.00047585058,50001.077266740926,50001.07386591309,50001.0,50001.0118694362,50001.841541755886,50001.000516795866,50001.00597014926,50001.91395348837,50001.95504252734,50001.920733158775,50003.0,49997.77,50001.00597014926
org.joda.time.chrono.AssembledChronology.millis()Lorg/joda/time/DurationField; 50001.913133402275,50001.0,50001.01183431953,50001.01190476191,53533.0,50002.91315585423,50002.0,50060.44745579081,50000.02352941177,50147.716797223555,50005.281390285854,50001.0,50001.0,50001.82635658915,53535.0,50001.00591715976,50001.005952380954,50001.502958579884,50011.517857142855,50001.00047551117,50001.07692307692,50001.07350616455,50001.0,50001.01176470588,50001.84022824536,50001.000516795866,50001.00591715976,50001.91317829458,50001.9546191248,50001.92007611798,50003.0,49997.74,50001.00591715976
org.joda.time.chrono.AssembledChronology.seconds()Lorg/joda/time/DurationField; 50001.91158221303,50001.0,50001.01162790698,50001.01169590643,53527.0,50002.91160506591,50002.0,50060.39696961967,50000.02312138728,50147.87973645264,50005.300376961255,50001.0,50001.0,50001.82325581396,53529.0,50001.00581395349,50001.005847953216,50001.50290697674,50011.31578947369,50001.00047483381,50001.076249285165,50001.07280038865,50001.0,50001.011560693645,50001.83760683761,50001.000516795866,50001.00581395349,50001.91162790698,50001.95377128954,50001.918764845606,50003.0,49997.68,50001.00581395349
org.joda.time.PeriodType.getFieldType(I)Lorg/joda/time/DurationFieldType; 50001.906670113756,50001.0,50001.011019283746,50001.01108033241,53508.0,50002.90669423623,50002.0,50060.23681287848,50000.02191780822,50148.38649444373,50005.35889894354,50001.0,50001.0,50001.81343669251,53510.0,50001.00550964187,50001.0055401662,50001.50275482094,50010.72022160665,50001.00047270149,50001.0742269619,50001.07067833914,50001.0,50001.01095890411,50001.82935476247,50001.000516795866,50001.00550964187,50001.906718346254,50001.95107738176,50001.91463703003,50003.0,49997.49,50001.00550964187
org.joda.time.chrono.AssembledChronology.minutes()Lorg/joda/time/DurationField; 50001.8955532575,50001.0,50001.00985221675,50001.0099009901,53465.0,50002.895580253295,50002.0,50059.87274411814,50000.01960784314,50149.48624568597,50005.48327461151,50001.0,50001.0,50001.791214470286,53467.0,50001.00492610838,50001.00495049505,50001.50246305419,50009.57920792079,50001.00046794572,50001.070186240635,50001.06641981934,50001.0,50001.009803921566,50001.81094992981,50001.000516795866,50001.00492610838,50001.89560723514,50001.94492911668,50001.90543071161,50003.0,49997.06,50001.00492610838
org.joda.time.base.BasePeriod.getPeriodType()Lorg/joda/time/PeriodType; 50001.8771975181,50001.0,50001.00838574424,50001.00842105263,53394.0,50002.87722925821,50002.0,50059.26662852783,50000.016701461376,50151.18098916143,50005.66845742379,50001.0,50001.0,50001.75452196383,53396.0,50001.00419287212,50001.00421052631,50001.50209643606,50008.14736842105,50001.0004602992,50001.06475239083,50001.0606463273,50001.0,50001.00835073069,50001.781357882624,50001.000516795866,50001.00419287212,50001.87726098191,50001.93461803166,50001.89062859774,50003.0,49996.35,50001.00419287212
org.joda.time.base.BasePeriod.size()I 50001.87228541882,50001.0,50001.00806451613,50001.00809716599,53375.0,50002.87231842853,50002.0,50059.10335618533,50000.016064257026,50151.61260521462,50005.71445763274,50001.0,50001.0,50001.74470284238,53377.0,50001.00403225807,50001.004048582996,50001.50201612903,50007.83400809717,50001.000458295144,50001.0635000635,50001.059306659954,50001.0,50001.00803212851,50001.77360219981,50001.000516795866,50001.00403225807,50001.87235142119,50001.93182445487,50001.88674919761,50003.0,49996.16,50001.00403225807
org.joda.time.base.BasePeriod.getValue(I)I 50001.871509824196,50001.0,50001.008016032065,50001.00804828974,53372.0,50002.87154303437,50002.0,50059.07753438293,50000.015968063875,50151.67999125334,50005.721598967466,50001.0,50001.0,50001.74315245478,53374.0,50001.00400801603,50001.004024144866,50001.50200400801,50007.78672032193,50001.000457980306,50001.06330889378,50001.05910182186,50001.0,50001.00798403194,50001.772383787495,50001.000516795866,50001.00400801603,50001.87157622739,50001.93138202402,50001.88613974799,50003.0,49996.13,50001.00400801603
org.joda.time.Duration.<init>(J)V 50001.467425025854,50001.0,50001.015625,50001.00787401575,50000.0,50001.96743344534,50001.0,50062.18006211177,50000.03100775194,50138.61146660405,50004.197651037925,50002.0078125,50062.16371473349,50001.93436692507,53744.0,50001.0078125,50001.00787401575,50001.253937007874,50030.47244094488,50001.000250187644,50001.062745580515,50001.061706907036,50002.0,50001.01550387597,50001.93645233926,50001.00025839793,50001.00787401575,50001.96718346253,50001.98331800867,50001.938834951456,50002.0,49998.84,50001.00000079357
org.joda.time.base.BaseDuration.getMillis()J 50001.467425025854,50001.0,50001.015625,50001.00787401575,50000.0,50001.96743344534,50001.0,50062.18006211177,50000.03100775194,50138.61146660405,50004.197651037925,50002.0078125,50062.16371473349,50001.93436692507,53744.0,50001.0078125,50001.00787401575,50001.253937007874,50030.47244094488,50001.000250187644,50001.062745580515,50001.061706907036,50002.0,50001.01550387597,50001.93645233926,50001.00025839793,50001.00787401575,50001.96718346253,50001.98331800867,50001.938834951456,50002.0,49998.84,50001.00000079357
org.joda.time.base.BaseDuration.<init>(J)V 50001.46716649431,50001.0,50001.01550387597,50001.0078125,50000.0,50001.967174980615,50001.0,50062.17188896871,50000.03076923077,50138.655922113314,50004.20459477463,50002.007751937985,50062.155539405685,50001.9338501292,53743.0,50001.007751937985,50001.0078125,50001.25390625,50030.234375,50001.000250125064,50001.0625,50001.06145717614,50002.0,50001.015384615384,50001.93596798399,50001.00025839793,50001.0078125,50001.9669250646,50001.98318444561,50001.93837942746,50002.0,49998.83,50001.000000787324
org.joda.time.base.AbstractPeriod.<init>()V 50001.867114788,50001.0,50001.007751937985,50001.007782101166,53355.0,50002.867149134145,50002.0,50058.930993431844,50000.015444015444,50152.05806254124,50005.76146701107,50001.0,50001.0,50001.73436692506,53357.0,50001.00387596899,50001.00389105058,50001.501937984496,50007.52918287938,50001.000456204376,50001.06225728064,50001.05797335622,50001.0,50001.00772200772,50001.765510948906,50001.000516795866,50001.00387596899,50001.867183462535,50001.92886797675,50001.882701962575,50003.0,49995.96,50001.00387596899
org.joda.time.PeriodType.size()I 50001.86168562565,50001.0,50001.00744878957,50001.00747663552,53334.0,50002.86172137503,50002.0,50058.74945887192,50000.01484230056,50152.51656145617,50005.809372829426,50001.0,50001.0,50001.72351421189,53336.0,50001.00372439479,50001.003738317755,50001.501862197394,50007.233644859814,50001.00045402951,50001.06102781977,50001.056650308485,50001.0,50001.00742115028,50001.75709421113,50001.000516795866,50001.00372439479,50001.861757105944,50001.925746009714,50001.878491937314,50003.0,49995.75,50001.00372439479
org.joda.time.base.AbstractDuration.<init>()V 50001.4645811789,50001.0,50001.01438848921,50001.00724637681,50000.0,50001.96459033342,50001.0,50062.0900973972,50000.02857142857,50139.09119435445,50004.27180377021,50002.0071942446,50062.07372593841,50001.92868217054,53733.0,50001.0071942446,50001.00724637681,50001.25362318841,50028.04347826087,50001.000249501,50001.06019292654,50001.059109414535,50002.0,50001.014285714286,50001.931137724554,50001.00025839793,50001.00724637681,50001.96434108527,50001.9818468824,50001.933848382425,50002.0,49998.73,50001.00000072985
org.joda.time.field.PreciseDurationField.add(JI)J 50001.80248190279,50001.0,50001.005221932115,50001.0052356021,53105.0,50002.80253295425,50002.0,50056.73149917237,50000.010416666664,50157.0270443659,50006.25742807104,50001.0,50001.0,50001.60516795866,53107.0,50001.002610966054,50001.002617801045,50001.50130548303,50005.06544502618,50001.000431592576,50001.05109761303,50001.045773933736,50001.0,50001.005208333336,50001.67026327147,50001.000516795866,50001.002610966054,50001.802583979326,50001.890481651375,50001.83506044905,50003.0,49993.46,50001.002610966054
org.joda.time.DateTimeUtils.getChronology(Lorg/joda/time/Chronology;)Lorg/joda/time/Chronology; 50001.70423991727,50001.0,50001.003490401396,50001.003496503494,52725.0,50002.70431636082,50002.0,50053.21110992882,50000.006968641115,50182.940205799714,50008.3180401308,50001.0,50001.0,50001.40878552972,52727.0,50001.0017452007,50001.00174825175,50001.50087260035,50003.38286713287,50001.00039888313,50001.04177559931,50001.03505766671,50001.0,50001.00348432056,50001.54367770243,50001.000516795866,50001.0017452007,50001.704392764856,50001.82656155246,50001.771747805265,50003.0,49989.66,50001.0017452007
org.joda.time.field.ImpreciseDateTimeField$LinkedDurationField.isPrecise()Z 5012.973629782833,5012.0,5012.038461538462,5012.0392156862745,8778.0,5013.973636598605,5013.0,5073.384037012891,5011.075471698113,5150.485999382092,5015.177971827811,5012.0,5012.0,5012.947286821705,8780.0,5012.0192307692305,5012.019607843137,5012.509615384615,5048.941176470588,5012.000503524673,5012.1386750490565,5012.136834387747,5012.0,5012.037735849057,5012.948640483383,5012.000516795865,5012.0192307692305,5012.973643410853,5012.9866457187745,5012.974307304786,5014.0,5011.08,5012.0192307692305
org.joda.time.field.MillisDurationField.getDifference(JJ)I 5012.958893485005,5012.0,5012.024844720497,5012.025157232704,8721.0,5013.958904109589,5013.0,5072.917977642072,5011.049079754601,5152.996014656648,5015.550988624724,5012.0,5012.0,5012.917829457364,8723.0,5012.012422360249,5012.012578616353,5012.506211180124,5035.33962264151,5012.000496401092,5012.1114556425155,5012.109140827882,5012.0,5012.0245398773,5012.921072226359,5012.000516795865,5012.012422360249,5012.958914728682,5012.979026513653,5012.960516513534,5014.0,5010.51,5012.012422360249
org.joda.time.field.MillisDurationField.isPrecise()Z 5012.952171664943,5012.0,5012.0213903743315,5012.021621621621,8695.0,5013.95218402688,5013.0,5072.704200843104,5011.042328042328,5153.9879649524655,5015.688017151361,5012.0,5012.0,5012.904392764858,8697.0,5012.010695187166,5012.010810810811,5012.505347593583,5031.918918918919,5012.000493218249,5012.103417537999,5012.100914093022,5012.0,5012.021164021164,5012.908754623921,5012.000516795865,5012.010695187166,5012.952196382429,5012.975512905361,5012.954354798914,5014.0,5010.25,5012.010695187166
org.joda.time.field.PreciseDurationField.isPrecise()Z 5012.946742502585,5012.0,5012.0192307692305,5012.019417475728,8674.0,5013.946756267769,5013.0,5072.5309838016865,5011.038095238096,5154.739194538137,5015.7884957561555,5012.0,5012.0,5012.893540051679,8676.0,5012.009615384615,5012.0097087378645,5012.504807692308,5029.78640776699,5012.000490677135,5012.098058067569,5012.095411180131,5012.0,5012.019047619047,5012.898920510304,5012.000516795865,5012.009615384615,5012.94677002584,5012.972657286966,5012.94943544428,5014.0,5010.04,5012.009615384615
org.joda.time.field.FieldUtils.safeSubtract(JJ)J 5012.94208893485,5012.0,5012.017699115044,5012.017857142857,8656.0,5013.9421039028175,5013.0,5074.144991753157,5011.035087719299,5155.353123990825,5015.8686728405355,5014.2,5136.2899835063145,5012.995865633075,8874.0,5012.008849557522,5012.008928571428,5012.504424778761,5494.75,5012.000488519785,5012.094072086838,5012.091307558394,5012.0,5012.017543859649,5012.995874161939,5012.000516795865,5012.008849557522,5012.997932816537,5012.998965338851,5012.945259042033,5014.0,5009.86,5012.008849557522
org.joda.time.PeriodType.standard()Lorg/joda/time/PeriodType; 5012.881851085833,5012.0,5012.00871459695,5012.00875273523,8423.0,5013.881881623159,5013.0,5070.4208866759145,5011.0173535791755,5161.7640527701615,5016.623587170849,5012.0,5012.0,5012.763824289405,8425.0,5012.004357298475,5012.004376367615,5012.502178649237,5019.468271334792,5012.000462214005,5012.066009836199,5012.06198780841,5012.0,5012.008676789588,5012.788768199676,5012.000516795865,5012.004357298475,5012.881912144703,5012.937251132775,5012.894335260115,5014.0,5007.53,5012.004357298475
org.joda.time.base.BasePeriod.checkPeriodType(Lorg/joda/time/PeriodType;)Lorg/joda/time/PeriodType; 5012.881592554291,5012.0,5012.008695652174,5012.008733624454,8422.0,5013.881623158439,5013.0,5070.412327466041,5011.017316017316,5161.787429002762,5016.626114412661,5012.0,5012.0,5012.76330749354,8424.0,5012.004347826087,5012.004366812227,5012.502173913043,5019.4497816593885,5012.0004621072085,5012.06593804734,5012.0619113164585,5012.0,5012.008658008658,5012.788354898336,5012.000516795865,5012.004347826087,5012.88165374677,5012.937105190882,5012.894128525197,5014.0,5007.52,5012.004347826087
org.joda.time.chrono.AssembledChronology.hours()Lorg/joda/time/DurationField; 5012.880816959669,5012.0,5012.008639308855,5012.008676789588,8419.0,5013.880847764281,5013.0,5070.38664230798,5011.017204301075,5161.857404997314,5016.633671390332,5012.0,5012.0,5012.761757105943,8421.0,5012.0043196544275,5012.004338394794,5012.502159827214,5019.394793926247,5012.000461787116,5012.06572407799,5012.061683262558,5012.0,5012.008602150538,5012.78711613946,5012.000516795865,5012.0043196544275,5012.880878552972,5012.936667124605,5012.893508893509,5014.0,5007.49,5012.0043196544275
org.joda.time.format.FormatUtils.appendPaddedInteger(Ljava/lang/StringBuffer;II)V 500001.8640124095,500001.0,500001.00757575757,500001.00760456274,503343.0,500002.8640475575,500002.0,500063.16912416945,500000.0150943396,500154.2862936397,500005.98996985925,500003.28571428574,500125.33824833896,500001.99741602066,503866.0,500001.0037878788,500001.0038022814,500001.5018939394,500774.0,500001.00045495905,500001.06154574547,500001.05720816617,500001.0,500001.0075471698,500001.99741935486,500001.00051679584,500001.0037878788,500001.99870801036,500001.99935358757,500001.88029130636,500003.0,499998.97,500001.0037878788
org.joda.time.chrono.AssembledChronology.years()Lorg/joda/time/DurationField; 5012.861685625647,5012.0,5012.007448789572,5012.007476635514,8345.0,5013.861721375032,5013.0,5069.749458871924,5011.014842300557,5163.51656145617,5016.809372829428,5012.0,5012.0,5012.723514211886,8347.0,5012.003724394785,5012.003738317757,5012.501862197393,5018.2336448598135,5012.000454029512,5012.06102781977,5012.056650308483,5012.0,5012.007421150278,5012.757094211123,5012.000516795865,5012.003724394785,5012.861757105943,5012.925746009715,5012.878491937316,5014.0,5006.75,5012.003724394785
org.joda.time.chrono.AssembledChronology.months()Lorg/joda/time/DurationField; 5012.832213029989,5012.0,5012.006144393241,5012.0061633281975,8231.0,5013.832256397001,5013.0,5068.753854494651,5011.012251148545,5165.861972849444,5017.047323885557,5012.0,5012.0,5012.664599483204,8233.0,5012.00307219662,5012.003081664098,5012.501536098311,5016.963020030817,5012.000442575791,5012.055427399548,5012.050564039181,5012.0,5012.006125574273,5012.712768311573,5012.000516795865,5012.00307219662,5012.832299741602,5012.908475532365,5012.856320566748,5014.0,5005.61,5012.00307219662
org.joda.time.field.FieldUtils.safeAdd(II)I 5012.828335056877,5012.0,5012.006006006006,5012.006024096386,8216.0,5013.828379426208,5013.0,5073.927376821564,5011.011976047904,5166.193470244858,5017.080056673023,5014.054054054054,5135.854753643128,5012.981912144703,8847.0,5012.003003003003,5012.003012048192,5012.5015015015015,5121.571428571428,5012.0004411116015,5012.0547996624355,5012.049874769807,5012.0,5012.005988023952,5012.982074263765,5012.000516795865,5012.003003003003,5012.990956072352,5012.995457495133,5012.8534863195055,5014.0,5009.77,5012.003003003003
org.joda.time.field.MillisDurationField.add(JI)J 5012.827042399173,5012.0,5012.005961251863,5012.005979073244,8211.0,5013.827087102611,5013.0,5068.577380639263,5011.011887072808,5166.251528756485,5017.085767819392,5012.0,5012.0,5012.654263565892,8213.0,5012.002980625932,5012.0029895366215,5012.501490312966,5016.784753363228,5012.0004406256885,5012.0545951090435,5012.049649813911,5012.0,5012.005943536404,5012.705221414409,5012.000516795865,5012.002980625932,5012.827131782946,5012.905388205346,5012.852545735067,5014.0,5005.41,5012.002980625932
org.joda.time.PeriodType.equals(Ljava/lang/Object;)Z 5012.4565667011375,5012.0,5012.011764705882,5012.005917159763,5011.0,5012.956577927113,5012.0,5074.185207244167,5011.023391812865,5151.840118490803,5015.528969261282,5014.4,5136.370414488334,5012.998449612403,8879.0,5012.005882352942,5012.005917159763,5012.252958579882,6301.0,5012.0002475860365,5012.054392829322,5012.053191299269,5013.0,5012.011695906433,5012.998450813323,5012.000258397933,5012.005917159763,5012.999224806202,5012.999612252811,5012.920076117983,5013.0,5011.0,5012.000000595178
org.joda.time.chrono.AssembledChronology.days()Lorg/joda/time/DurationField; 5012.821096173733,5012.0,5012.00576368876,5012.005780346821,8188.0,5013.821142414061,5013.0,5068.373752757821,5011.0114942528735,5166.692387319661,5017.128927068689,5012.0,5012.0,5012.642377260982,8190.0,5012.002881844381,5012.00289017341,5012.50144092219,5016.592485549133,5012.000438404209,5012.05368281271,5012.048644335683,5012.0,5012.005747126437,5012.696624287593,5012.000516795865,5012.002881844381,5012.821188630491,5012.9018161180475,5012.8482456140355,5014.0,5005.18,5012.002881844381
org.joda.time.field.FieldUtils.safeAdd(JJ)J 5012.762926577042,5012.0,5012.004352557127,5012.004362050164,7963.0,5013.762987852158,5013.0,5074.1369455316235,5011.008686210641,5170.668502303183,5017.502909036088,5014.181818181818,5136.273891063248,5012.995348837209,8873.0,5012.002176278564,5012.002181025082,5012.501088139282,5441.0,5012.000417798204,5012.0466506008925,5012.040747279115,5012.0,5012.00434310532,5012.9953596287705,5012.000516795865,5012.002176278564,5012.997674418604,5012.998835855646,5012.808359456635,5014.0,5009.5,5012.002176278564
org.joda.time.chrono.ZonedChronology.getZone()Lorg/joda/time/DateTimeZone; 5012.427611168562,5012.0,5012.001805054151,5012.001806684733,6666.0,5013.427759110881,5013.0,5052.693979898751,5011.003606853021,5187.4396558678045,5018.859530699988,5012.0,5012.0,5011.855813953488,6668.0,5012.000902527076,5012.000903342367,5012.500451263538,5012.747967479675,5012.000328731098,5012.030042088406,5012.019645117906,5012.0,5012.00180342651,5012.2721893491125,5012.000516795865,5012.000902527076,5012.427906976744,5012.599348534202,5012.635975008221,5014.0,4989.96,5012.000902527076
org.joda.time.chrono.AssembledChronology.getParam()Ljava/lang/Object; 5012.427352637022,5012.0,5012.001804239964,5012.001805869075,6665.0,5013.427500646162,5013.0,5052.681691213616,5011.00360522758,5187.45028094673,5018.860305131917,5012.0,5012.0,5011.855297157623,6667.0,5012.000902119982,5012.000902934537,5012.500451059991,5012.747178329571,5012.000328677074,5012.03003531225,5012.019634748615,5012.0,5012.00180261379,5012.271980279375,5012.000516795865,5012.000902119982,5012.427648578811,5012.599095022624,5012.6358704586555,5014.0,4989.95,5012.000902119982
org.joda.time.chrono.AssembledChronology.getZone()Lorg/joda/time/DateTimeZone; 5012.361944157187,5012.0,5012.001619433198,5012.001620745543,6412.0,5013.362109072112,5013.0,5049.443290453698,5011.003236245955,5190.065463837226,5019.048330965094,5012.0,5012.0,5011.7245478036175,6414.0,5012.000809716599,5012.000810372771,5012.5004048583,5012.568071312804,5012.000315556958,5012.028455519661,5012.017119351392,5012.0,5012.001618122978,5012.22120542758,5012.000516795865,5012.000809716599,5012.362273901809,5012.53186646434,5012.61047979798,5014.0,4987.42,5012.000809716599
org.joda.time.DateTimeUtils$FixedMillisProvider.<init>(J)V 5012.294725956566,5012.0,5012.001465201465,5012.00146627566,6152.0,5013.294908245025,5013.0,5045.793490497432,5011.002928257687,5192.616753872532,5019.2270505345405,5012.0,5012.0,5011.590180878553,6154.0,5012.000732600733,5012.00073313783,5012.500366300366,5012.41862170088,5012.000303122159,5012.027066598098,5012.014694095811,5012.0,5012.0014641288435,5012.173082752349,5012.000516795865,5012.000732600733,5012.2950904392765,5012.455706304869,5012.586416009703,5014.0,4984.82,5012.000732600733
org.joda.time.DateTimeUtils.setCurrentMillisFixed(J)V 5012.294725956566,5012.0,5012.001465201465,5012.00146627566,6152.0,5013.294908245025,5013.0,5045.793490497432,5011.002928257687,5192.616753872532,5019.2270505345405,5012.0,5012.0,5011.590180878553,6154.0,5012.000732600733,5012.00073313783,5012.500366300366,5012.41862170088,5012.000303122159,5012.027066598098,5012.014694095811,5012.0,5012.0014641288435,5012.173082752349,5012.000516795865,5012.000732600733,5012.2950904392765,5012.455706304869,5012.586416009703,5014.0,4984.82,5012.000732600733
org.joda.time.DateTimeUtils.checkPermission()V 5012.293950361945,5012.0,5012.001463593121,5012.001464664958,6149.0,5013.294132850866,5013.0,5045.749074061372,5011.002925045704,5192.645464965545,5019.229036624739,5012.0,5012.0,5011.588630490956,6151.0,5012.00073179656,5012.000732332479,5012.5003658982805,5012.417063346759,5012.0003029843965,5012.027051738586,5012.014666692328,5012.0,5012.001462522852,5012.172549613695,5012.000516795865,5012.00073179656,5012.294315245478,5012.454781393491,5012.586149416578,5014.0,4984.79,5012.00073179656
org.joda.time.DateTimeUtils.setCurrentMillisSystem()V 5012.293950361945,5012.0,5012.001463593121,5012.001464664958,6149.0,5013.294132850866,5013.0,5045.749074061372,5011.002925045704,5192.645464965545,5019.229036624739,5012.0,5012.0,5011.588630490956,6151.0,5012.00073179656,5012.000732332479,5012.5003658982805,5012.417063346759,5012.0003029843965,5012.027051738586,5012.014666692328,5012.0,5012.001462522852,5012.172549613695,5012.000516795865,5012.00073179656,5012.294315245478,5012.454781393491,5012.586149416578,5014.0,4984.79,5012.00073179656
org.joda.time.DateTimeZone.setDefault(Lorg/joda/time/DateTimeZone;)V 5012.254136504654,5012.0,5012.001385521303,5012.001386481802,5995.0,5013.254329284053,5013.0,5074.185207244167,5011.002769124265,5194.098690451713,5019.328860484959,5014.4,5136.370414488334,5012.998449612403,8879.0,5012.000692760651,5012.0006932409015,5012.500346380326,6301.0,5012.00029607698,5012.026320346715,5012.013268600923,5012.0,5012.001384562132,5012.998450813323,5012.000516795865,5012.000692760651,5012.999224806202,5012.999612252811,5012.572782467052,5014.0,5011.0,5012.000692760651
org.joda.time.DateTimeZone.getDefault()Lorg/joda/time/DateTimeZone; 500001.173991727,500001.0,500001.001251173,500001.00125195616,500674.0,500002.174205221,500002.0,500026.9807621135,500000.0025007815,500185.910825488,500008.51826649194,500001.0,500001.0,500000.3488372093,500676.0,500001.0006255865,500001.0006259781,500001.50031279324,500001.21126760566,500001.0002830856,500001.025011727,500001.0104329705,500001.0,500001.0012503907,500001.0955414013,500001.00051679584,500001.0006255865,500001.17441860464,500001.297029703,500001.5476426448,500003.0,499969.15,500001.0006255865
