org.joda.time.format.PeriodFormatter.parsePeriod(Ljava/lang/String;)Lorg/joda/time/Period; 500001.9878563886,500001.0,500001.0425531915,500001.02173913043,503743.0,500001.9878595936,500002.0,500062.18006211176,500000.0833333333,500132.87579041056,500003.60429068713,500001.0,500001.0,500001.9757191871,503744.0,500001.02127659577,500001.02173913043,500001.5106382979,500082.3695652174,500001.0002607562,500001.1458649915,500001.14497662237,500001.0,500001.0416666667,500001.97601043025,500001.00026392186,500001.02127659577,500001.9878595936,500001.9938927244,500001.9880020866,500002.0,499999.64,500001.02127659577
org.joda.time.format.PeriodFormatterBuilder$FieldFormatter.parseInt(Ljava/lang/String;II)I 50003.0,50002.0,50004.0,1050002.0,53790.0,50003.0,50003.0,50063.55485358605,50003.0,50134.57677520098,50004.73556479973,50003.333333333336,50063.53860576906,50003.0,53791.0,50003.0,1050002.0,50003.0,51895.5,50002.00026392188,50003.0,50003.0,50002.0,50003.0,50003.0,50002.00026392188,50003.0,50003.0,50003.0,50003.0,50003.0,50003.0,50003.0
org.joda.time.format.PeriodFormatterBuilder$Separator.parseInto(Lorg/joda/time/ReadWritablePeriod;Ljava/lang/String;ILjava/util/Locale;)I 500002.0,500001.0,500003.0,1500001.0,503789.0,500002.0,500002.0,500062.5548535861,500002.0,500133.57677520096,500003.73556479975,500002.3333333333,500062.53860576905,500002.0,503790.0,500002.0,1500001.0,500002.0,501894.5,500001.00026392186,500002.0,500002.0,500001.0,500002.0,500002.0,500001.00026392186,500002.0,500002.0,500002.0,500002.0,500002.0,500002.0,500002.0
org.joda.time.format.PeriodFormatterBuilder.append(Lorg/joda/time/format/PeriodFormatter;)Lorg/joda/time/format/PeriodFormatterBuilder; 50002.999736008445,50002.0,50003.0,50003.0,53789.0,50002.99973607812,50003.0,50063.54673021372,50002.333333333336,50128.09346042743,50003.0,50002.0,50002.0,50002.99947215624,53790.0,50002.5,50003.0,50002.75,53790.0,50002.00026385224,50002.707106781185,50002.70701343992,50002.0,50002.666666666664,50002.999472295516,50002.00026392188,50002.5,50002.99973607812,50002.999868021645,50002.99973607812,50003.0,50002.0,50002.5
org.joda.time.format.PeriodFormatterBuilder.createComposite(Ljava/util/List;)[Ljava/lang/Object; 50001.999736008445,50001.0,50002.0,50002.0,53788.0,50001.99973607812,50002.0,50062.54673021372,50001.333333333336,50133.7092335333,50003.75966902107,50001.0,50001.0,50001.99947215624,53789.0,50001.5,50002.0,50001.75,53789.0,50001.00026385224,50001.707106781185,50001.70701343992,50001.0,50001.666666666664,50001.999472295516,50001.00026392188,50001.5,50001.99973607812,50001.999868021645,50001.99973607812,50002.0,50001.0,50001.5
org.joda.time.format.PeriodFormatterBuilder.appendSecondsWithOptionalMillis()Lorg/joda/time/format/PeriodFormatterBuilder; 50001.99841605069,50001.0,50001.28571428572,50001.166666666664,53783.0,50001.99841646873,50002.0,50062.50609725873,50000.5,50128.54295017022,50002.56508458007,50001.0,50001.0,50001.99683293745,53784.0,50001.142857142855,50001.166666666664,50001.57142857143,50631.5,50001.00026350461,50001.37796447301,50001.377665016094,50001.0,50001.25,50001.996837944665,50001.00026392188,50001.142857142855,50001.99841646873,50001.999207606976,50001.99841855562,50002.0,49999.6,50001.142857142855
org.joda.time.format.PeriodFormatterBuilder.appendSeparatorIfFieldsAfter(Ljava/lang/String;)Lorg/joda/time/format/PeriodFormatterBuilder; 50001.99841605069,50001.0,50001.28571428572,50001.166666666664,53783.0,50001.99841646873,50002.0,50062.50609725873,50000.5,50128.54295017022,50002.56508458007,50001.0,50001.0,50001.99683293745,53784.0,50001.142857142855,50001.166666666664,50001.57142857143,50631.5,50001.00026350461,50001.37796447301,50001.377665016094,50001.0,50001.25,50001.996837944665,50001.00026392188,50001.142857142855,50001.99841646873,50001.999207606976,50001.99841855562,50002.0,49999.6,50001.142857142855
org.joda.time.format.PeriodFormatterBuilder.appendSuffix(Ljava/lang/String;)Lorg/joda/time/format/PeriodFormatterBuilder; 50001.99841605069,50001.0,50001.28571428572,50001.166666666664,53783.0,50001.99841646873,50002.0,50062.53860576906,50000.5,50128.739211738495,50002.6265765617,50002.333333333336,50062.53860576906,50001.99894431249,53788.0,50001.142857142855,50001.166666666664,50001.57142857143,51894.5,50001.00026350461,50001.37796447301,50001.377665016094,50001.0,50001.25,50001.998944869425,50001.00026392188,50001.142857142855,50001.99947215624,50001.999736008445,50001.99841855562,50002.0,50000.0,50001.142857142855
org.joda.time.format.PeriodFormatterBuilder$FieldFormatter.<init>(Lorg/joda/time/format/PeriodFormatterBuilder$FieldFormatter;Lorg/joda/time/format/PeriodFormatterBuilder$PeriodFieldAffix;)V 50001.99656810982,50001.0,50001.142857142855,50001.07692307692,53776.0,50001.99656901557,50002.0,50062.44916598295,50000.26666666667,50129.6990117029,50002.898828922116,50001.0,50001.0,50001.99313803115,53777.0,50001.07142857143,50001.07692307692,50001.53571428572,50291.46153846154,50001.000263019465,50001.26726124191,50001.26680224215,50001.0,50001.13333333333,50001.99316149395,50001.00026392188,50001.07142857143,50001.99656901557,50001.99828155981,50001.99657984741,50002.0,49999.97,50001.07142857143
org.joda.time.format.PeriodFormatterBuilder$FieldFormatter.getFieldType()I 50001.99656810982,50001.0,50001.142857142855,50001.07692307692,53776.0,50001.99656901557,50002.0,50062.44916598295,50000.26666666667,50129.6990117029,50002.898828922116,50001.0,50001.0,50001.99313803115,53777.0,50001.07142857143,50001.07692307692,50001.53571428572,50291.46153846154,50001.000263019465,50001.26726124191,50001.26680224215,50001.0,50001.13333333333,50001.99316149395,50001.00026392188,50001.07142857143,50001.99656901557,50001.99828155981,50001.99657984741,50002.0,49999.97,50001.07142857143
org.joda.time.format.PeriodFormatterBuilder.appendSuffix(Lorg/joda/time/format/PeriodFormatterBuilder$PeriodFieldAffix;)Lorg/joda/time/format/PeriodFormatterBuilder; 50001.99656810982,50001.0,50001.142857142855,50001.07692307692,53776.0,50001.99656901557,50002.0,50062.53048025166,50000.26666666667,50129.96644377364,50002.96798967126,50002.25,50062.53048025166,50001.99841646873,53787.0,50001.07142857143,50001.07692307692,50001.53571428572,51263.0,50001.000263019465,50001.26726124191,50001.26680224215,50001.0,50001.13333333333,50001.998417721516,50001.00026392188,50001.07142857143,50001.99920823436,50001.999603960394,50001.99657984741,50002.0,49999.97,50001.07142857143
org.joda.time.format.PeriodFormatterBuilder.appendMinutes()Lorg/joda/time/format/PeriodFormatterBuilder; 50001.996040126716,50001.0,50001.125,50001.066666666666,53774.0,50001.99604117181,50002.0,50062.43289021363,50000.23529411765,50129.96644377364,50002.96798967126,50001.0,50001.0,50001.992082343626,53775.0,50001.0625,50001.066666666666,50001.53125,50252.6,50001.00026288118,50001.25,50001.24950452485,50001.0,50001.117647058825,50001.992113564665,50001.00026392188,50001.0625,50001.99604117181,50001.99801666006,50001.99605574546,50002.0,49999.95,50001.0625
org.joda.time.format.PeriodFormatterBuilder.appendSeparator(Ljava/lang/String;Ljava/lang/String;[Ljava/lang/String;ZZ)Lorg/joda/time/format/PeriodFormatterBuilder; 50001.996040126716,50001.0,50001.125,50001.066666666666,53774.0,50001.99604117181,50002.0,50062.47357155722,50000.23529411765,50129.96644377364,50002.96798967126,50002.09090909091,50062.47357155722,50001.99472156242,53780.0,50001.0625,50001.066666666666,50001.53125,50378.9,50001.00026288118,50001.25,50001.24950452485,50001.0,50001.117647058825,50001.9947354567,50001.00026392188,50001.0625,50001.997360781206,50001.99867864694,50001.99605574546,50002.0,49999.95,50001.0625
org.joda.time.format.PeriodFormatterBuilder.toFormatter(Ljava/util/List;ZZ)Lorg/joda/time/format/PeriodFormatter; 50001.996040126716,50001.0,50001.125,50001.066666666666,53774.0,50001.99604117181,50002.0,50062.53860576906,50000.23529411765,50133.7092335333,50003.75966902107,50002.333333333336,50062.53860576906,50001.99894431249,53788.0,50001.0625,50001.066666666666,50001.53125,51894.5,50001.00026288118,50001.25,50001.24950452485,50001.0,50001.117647058825,50001.998944869425,50001.00026392188,50001.0625,50001.99947215624,50001.999736008445,50001.99605574546,50002.0,50000.0,50001.0625
org.joda.time.format.PeriodFormatterBuilder.appendLiteral(Ljava/lang/String;)Lorg/joda/time/format/PeriodFormatterBuilder; 50001.99524815206,50001.0,50001.10526315789,50001.055555555555,53771.0,50001.99524940617,50002.0,50062.408468471374,50000.2,50130.33610111455,50003.05976714391,50001.0,50001.0,50001.99049881235,53772.0,50001.05263157895,50001.055555555555,50001.52631578947,50210.5,50001.000262674024,50001.22941573387,50001.22887001046,50001.0,50001.1,50001.99054373523,50001.00026392188,50001.05263157895,50001.99524940617,50001.997619047615,50001.99527062533,50002.0,49999.92,50001.05263157895
org.joda.time.format.PeriodFormatterBuilder.appendDays()Lorg/joda/time/format/PeriodFormatterBuilder; 50001.994984160505,50001.0,50001.1,50001.05263157895,53770.0,50001.9949854843,50002.0,50062.40032573204,50000.19047619047,50130.452359370975,50003.08779762993,50001.0,50001.0,50001.98997096859,53771.0,50001.05,50001.05263157895,50001.525,50199.42105263158,50001.00026260504,50001.22360679775,50001.22304530487,50001.0,50001.09523809524,50001.9900210084,50001.00026392188,50001.05,50001.9949854843,50001.99748644001,50001.99500919359,50002.0,49999.91,50001.05
org.joda.time.format.PeriodFormatterBuilder.appendMonths()Lorg/joda/time/format/PeriodFormatterBuilder; 50001.9944561774,50001.0,50001.09090909091,50001.04761904762,53768.0,50001.99445764054,50002.0,50062.38403701289,50000.17391304348,50130.676036122386,50003.14069514293,50001.0,50001.0,50001.98891528108,53769.0,50001.045454545456,50001.04761904762,50001.52272727273,50180.42857142857,50001.00026246719,50001.21320071635,50001.21260892154,50001.0,50001.086956521736,50001.98897637795,50001.00026392188,50001.045454545456,50001.99445764054,50001.99722111949,50001.994486741925,50002.0,49999.89,50001.045454545456
org.joda.time.format.PeriodFormatterBuilder.appendWeeks()Lorg/joda/time/format/PeriodFormatterBuilder; 50001.9944561774,50001.0,50001.09090909091,50001.04761904762,53768.0,50001.99445764054,50002.0,50062.38403701289,50000.17391304348,50130.676036122386,50003.14069514293,50001.0,50001.0,50001.98891528108,53769.0,50001.045454545456,50001.04761904762,50001.52272727273,50180.42857142857,50001.00026246719,50001.21320071635,50001.21260892154,50001.0,50001.086956521736,50001.98897637795,50001.00026392188,50001.045454545456,50001.99445764054,50001.99722111949,50001.994486741925,50002.0,49999.89,50001.045454545456
org.joda.time.format.PeriodFormatterBuilder.appendHours()Lorg/joda/time/format/PeriodFormatterBuilder; 50001.99419218585,50001.0,50001.086956521736,50001.045454545456,53767.0,50001.99419371866,50002.0,50062.37589103223,50000.166666666664,50130.783876187255,50003.165736770665,50001.0,50001.0,50001.98838743732,53768.0,50001.04347826087,50001.045454545456,50001.52173913043,50172.22727272727,50001.000262398324,50001.20851441406,50001.20790802585,50001.0,50001.083333333336,50001.98845447389,50001.00026392188,50001.04347826087,50001.99419371866,50001.99708840656,50001.994225721784,50002.0,49999.88,50001.04347826087
org.joda.time.format.PeriodFormatterBuilder.clearPrefix()V 50001.99102428722,50001.0,50001.05714285714,50001.029411764706,53755.0,50001.99102665611,50002.0,50062.27805479941,50000.11111111111,50131.92441232228,50003.41473640277,50001.0,50001.0,50001.98205331222,53756.0,50001.02857142857,50001.029411764706,50001.514285714286,50111.44117647059,50001.00026157468,50001.16903085094,50001.16827055487,50001.0,50001.055555555555,50001.98221292179,50001.00026392188,50001.02857142857,50001.99102665611,50001.995493107104,50001.99110413396,50002.0,49999.76,50001.02857142857
org.joda.time.format.PeriodFormatterBuilder.appendYears()Lorg/joda/time/format/PeriodFormatterBuilder; 50001.990760295674,50001.0,50001.055555555555,50001.02857142857,53754.0,50001.99076273423,50002.0,50062.26989472816,50000.10810810811,50132.00954021053,50003.4322992791,50001.0,50001.0,50001.98152546846,53755.0,50001.02777777778,50001.02857142857,50001.51388888889,50108.25714285715,50001.00026150628,50001.166666666664,50001.16589490446,50001.0,50001.05405405405,50001.98169456067,50001.00026392188,50001.02777777778,50001.99076273423,50001.995359936365,50001.99084488621,50002.0,49999.75,50001.02777777778
org.joda.time.Period.<init>(Ljava/lang/Object;)V 50001.98759239705,50001.023255813954,50001.041666666664,50001.02127659575,53742.0,50001.98759567168,50002.0,50062.17188896871,50000.08163265306,50132.94911502783,50003.6183304987,50001.0,50001.0,50001.975191343365,53743.0,50001.020833333336,50001.02127659575,50001.510416666664,50080.617021276594,50001.00026068822,50001.1443375673,50001.14343933075,50001.0,50001.04081632653,50001.97549530761,50001.00026392188,50001.020833333336,50001.98759567168,50001.993759128934,50001.98774445893,50002.0,49999.63,50001.020833333336
org.joda.time.format.PeriodFormatterBuilder.appendField(I)V 50001.98521647308,50001.0,50001.0350877193,50001.017857142855,53733.0,50001.98522037477,50002.0,50062.09828148156,50000.06896551724,50133.57677520098,50003.73556479973,50001.0,50001.0,50001.97044074954,53734.0,50001.01754385965,50001.017857142855,50001.508771929824,50067.66071428572,50001.00026007802,50001.1324532357,50001.13147052722,50001.0,50001.03448275862,50001.97087126138,50001.00026392188,50001.01754385965,50001.98522037477,50001.9925551715,50001.98543184183,50002.0,49999.54,50001.01754385965
org.joda.time.MutablePeriod.<init>(Ljava/lang/Object;Lorg/joda/time/PeriodType;Lorg/joda/time/Chronology;)V 50001.98495248152,50001.0,50001.03448275862,50001.01754385965,53732.0,50001.98495645289,50002.0,50062.0900973972,50000.06779661017,50133.643294862704,50003.74769620506,50001.0,50001.0,50001.96991290578,53733.0,50001.01724137931,50001.01754385965,50001.50862068965,50066.47368421053,50001.0002600104,50001.13130643286,50001.13031477021,50001.0,50001.03389830508,50001.97035881435,50001.00026392188,50001.01724137931,50001.98495645289,50001.99242122058,50001.98517555267,50002.0,49999.53,50001.01724137931
org.joda.time.format.PeriodFormatterBuilder.appendField(II)V 50001.98495248152,50001.0,50001.03448275862,50001.01754385965,53732.0,50001.98495645289,50002.0,50062.0900973972,50000.06779661017,50133.643294862704,50003.74769620506,50001.0,50001.0,50001.96991290578,53733.0,50001.01724137931,50001.01754385965,50001.50862068965,50066.47368421053,50001.0002600104,50001.13130643286,50001.13031477021,50001.0,50001.03389830508,50001.97035881435,50001.00026392188,50001.01724137931,50001.98495645289,50001.99242122058,50001.98517555267,50002.0,49999.53,50001.01724137931
org.joda.time.format.PeriodFormatterBuilder$Composite.<init>(Ljava/util/List;)V 50001.98468848997,50001.0,50001.03389830508,50001.01724137931,53731.0,50001.98469253101,50002.0,50062.0819122163,50000.066666666666,50133.7092335333,50003.75966902107,50001.0,50001.0,50001.969385062024,53732.0,50001.016949152545,50001.01724137931,50001.50847457627,50065.3275862069,50001.00025994281,50001.13018891098,50001.12918837186,50001.0,50001.03333333333,50001.96984663374,50001.00026392188,50001.016949152545,50001.98469253101,50001.99228723404,50001.984919396775,50002.0,49999.52,50001.016949152545
org.joda.time.format.PeriodFormatterBuilder$Composite.decompose(Ljava/util/List;Ljava/util/List;Ljava/util/List;)V 50001.98468848997,50001.0,50001.03389830508,50001.01724137931,53731.0,50001.98469253101,50002.0,50062.52235366109,50000.066666666666,50133.7092335333,50003.75966902107,50002.2,50062.52235366109,50001.99788862497,53786.0,50001.016949152545,50001.01724137931,50001.50847457627,50947.25,50001.00025994281,50001.13018891098,50001.12918837186,50001.0,50001.03333333333,50001.99789085157,50001.00026392188,50001.016949152545,50001.99894431249,50001.999471877476,50001.984919396775,50002.0,49999.52,50001.016949152545
org.joda.time.format.PeriodFormatterBuilder.append0(Lorg/joda/time/format/PeriodPrinter;Lorg/joda/time/format/PeriodParser;)Lorg/joda/time/format/PeriodFormatterBuilder; 50001.98468848997,50001.0,50001.03389830508,50001.01724137931,53731.0,50001.98469253101,50002.0,50062.0819122163,50000.066666666666,50133.7092335333,50003.75966902107,50001.0,50001.0,50001.969385062024,53732.0,50001.016949152545,50001.01724137931,50001.50847457627,50065.3275862069,50001.00025994281,50001.13018891098,50001.12918837186,50001.0,50001.03333333333,50001.96984663374,50001.00026392188,50001.016949152545,50001.98469253101,50001.99228723404,50001.984919396775,50002.0,49999.52,50001.016949152545
org.joda.time.format.PeriodFormatterBuilder.toFormatter()Lorg/joda/time/format/PeriodFormatter; 50001.98468848997,50001.0,50001.03389830508,50001.01724137931,53731.0,50001.98469253101,50002.0,50062.0819122163,50000.066666666666,50133.7092335333,50003.75966902107,50001.0,50001.0,50001.969385062024,53732.0,50001.016949152545,50001.01724137931,50001.50847457627,50065.3275862069,50001.00025994281,50001.13018891098,50001.12918837186,50001.0,50001.03333333333,50001.96984663374,50001.00026392188,50001.016949152545,50001.98469253101,50001.99228723404,50001.984919396775,50002.0,49999.52,50001.016949152545
org.joda.time.format.PeriodFormatterBuilder.<init>()V 50001.9828405491,50001.0,50001.030303030304,50001.015384615384,53724.0,50001.98284507786,50002.0,50062.02458520957,50000.05970149254,50134.15571817573,50003.83941151443,50001.0,50001.0,50001.96569015572,53725.0,50001.01515151515,50001.015384615384,50001.507575757576,50058.29230769231,50001.00025947068,50001.12309149098,50001.12203083,50001.0,50001.02985074627,50001.96626881162,50001.00026392188,50001.01515151515,50001.98284507786,50001.99134832956,50001.98313002855,50002.0,49999.45,50001.01515151515
org.joda.time.format.PeriodFormatterBuilder.clear()V 50001.9828405491,50001.0,50001.030303030304,50001.015384615384,53724.0,50001.98284507786,50002.0,50062.53860576906,50000.05970149254,50134.15571817573,50003.83941151443,50002.333333333336,50062.53860576906,50001.99894431249,53788.0,50001.01515151515,50001.015384615384,50001.507575757576,51894.5,50001.00025947068,50001.12309149098,50001.12203083,50001.0,50001.02985074627,50001.998944869425,50001.00026392188,50001.01515151515,50001.99947215624,50001.999736008445,50001.98313002855,50002.0,50000.0,50001.01515151515
org.joda.time.MutablePeriod.<init>(JLorg/joda/time/PeriodType;)V 50001.98257655755,50001.0,50001.02985074627,50001.01515151515,53723.0,50001.98258115598,50002.0,50062.01639124039,50000.05882352941,50134.21749883207,50003.85026988277,50001.0,50001.0,50001.96516231196,53724.0,50001.014925373136,50001.01515151515,50001.50746268657,50057.40909090909,50001.00025940337,50001.12216944436,50001.121100461416,50001.0,50001.029411764706,50001.965758754865,50001.00026392188,50001.014925373136,50001.98258115598,50001.99121405751,50001.98287493513,50002.0,49999.44,50001.014925373136
org.joda.time.format.FormatUtils.createErrorMessage(Ljava/lang/String;I)Ljava/lang/String; 50001.97993664203,50001.0,50001.02597402597,50001.01315789474,53713.0,50001.979941937185,50002.0,50062.465437442515,50000.05128205128,50136.19296536579,50004.17797182781,50002.083333333336,50062.465437442515,50001.99419371866,53779.0,50001.01298701299,50001.01315789474,50001.506493506495,50344.454545454544,50001.00025873221,50001.11396057646,50001.1128115681,50001.0,50001.02564102564,50001.99421052632,50001.00026392188,50001.01298701299,50001.997096859326,50001.99854631955,50001.98033126294,50002.0,49999.34,50001.01298701299
org.joda.time.base.AbstractPeriod.<init>()V 50001.86826821542,50001.0,50001.004,50001.00200400801,53290.0,50001.868302982315,50002.0,50058.3585215988,50000.00798403194,50148.431768331124,50005.72634191566,50001.0,50001.0,50001.73660596464,53291.0,50001.002,50001.00200400801,50001.501,50007.593186372746,50001.00023320896,50001.04472135955,50001.04167177019,50001.0,50001.00399201597,50001.767257462685,50001.00026392188,50001.002,50001.868302982315,50001.92950981777,50001.88360158619,50002.0,49995.11,50001.002
org.joda.time.format.PeriodFormatter.parseMutablePeriod(Ljava/lang/String;)Lorg/joda/time/MutablePeriod; 500001.9984160507,500001.0,500001.28571428574,500001.1666666667,503783.0,500001.99841646873,500002.0,500062.5060972587,500000.5,500132.94911502785,500003.6183304987,500001.0,500001.0,500001.99683293747,503784.0,500001.14285714284,500001.1666666667,500001.5714285714,500631.5,500001.0002635046,500001.377964473,500001.3776650161,500001.0,500001.25,500001.99683794467,500001.00026392186,500001.14285714284,500001.99841646873,500001.99920760695,500001.9984185556,500002.0,499999.68,500001.14285714284
org.joda.time.format.PeriodFormatterBuilder$FieldFormatter.parseInto(Lorg/joda/time/ReadWritablePeriod;Ljava/lang/String;ILjava/util/Locale;)I 500001.99815205915,500001.0,500001.25,500001.14285714284,503782.0,500001.9981525468,500002.0,500062.53860576905,500000.44444444444,500133.7746061753,500003.7714880025,500002.3333333333,500062.53860576905,500001.9989443125,503788.0,500001.125,500001.14285714284,500001.5625,501894.5,500001.0002634352,500001.3535533906,500001.3532265666,500001.0,500001.22222222225,500001.99894486944,500001.00026392186,500001.125,500001.9994721562,500001.99973600847,500001.99815546774,500002.0,500000.0,500001.125
org.joda.time.format.PeriodFormatterBuilder$Separator.<init>(Ljava/lang/String;Ljava/lang/String;[Ljava/lang/String;Lorg/joda/time/format/PeriodPrinter;Lorg/joda/time/format/PeriodParser;ZZ)V 5013.997888067582,5013.0,5013.222222222223,5013.125,8793.0,5013.997888624967,5014.0,5074.497967446087,5012.4,5141.96644377364,5014.967989671265,5014.125,5074.497967446087,5013.996305093692,8795.0,5013.111111111111,5013.125,5013.555555555556,5553.285714285715,5013.000263365815,5013.333333333333,5013.332981158556,5013.0,5013.2,5013.996311907271,5013.000263921879,5013.111111111111,5013.9981525468465,5013.999075419363,5013.9978925184405,5014.0,5011.95,5013.111111111111
org.joda.time.format.PeriodFormatterBuilder$SimpleAffix.<init>(Ljava/lang/String;)V 5013.997360084477,5013.0,5013.181818181818,5013.1,8791.0,5013.997360781209,5014.0,5074.473571557215,5012.333333333333,5141.2557380876015,5014.7782794100385,5013.0,5013.0,5013.994721562418,8792.0,5013.090909090909,5013.1,5013.545454545455,5390.9,5013.000263227165,5013.301511344578,5013.301113099331,5013.0,5013.166666666667,5013.994735456699,5013.000263921879,5013.090909090909,5013.997360781209,5013.998678646934,5013.997367035282,5014.0,5011.2,5013.090909090909
org.joda.time.format.PeriodFormatterBuilder$Separator.finish(Lorg/joda/time/format/PeriodPrinter;Lorg/joda/time/format/PeriodParser;)Lorg/joda/time/format/PeriodFormatterBuilder$Separator; 5013.996040126716,5013.0,5013.125,5013.066666666667,8786.0,5013.996041171813,5014.0,5074.43289021363,5012.235294117647,5141.96644377364,5014.967989671265,5013.0,5013.0,5013.992082343626,8787.0,5013.0625,5013.066666666667,5013.53125,5264.6,5013.000262881178,5013.25,5013.249504524848,5013.0,5013.117647058823,5013.992113564669,5013.000263921879,5013.0625,5013.996041171813,5013.998016660055,5013.996055745464,5014.0,5011.95,5013.0625
org.joda.time.format.PeriodFormatterBuilder$Literal.<init>(Ljava/lang/String;)V 5013.9952481520595,5013.0,5013.105263157895,5013.055555555556,8783.0,5013.995249406175,5014.0,5074.408468471376,5012.2,5142.336101114553,5015.059767143907,5013.0,5013.0,5013.990498812352,8784.0,5013.0526315789475,5013.055555555556,5013.526315789473,5222.5,5013.0002626740215,5013.22941573387,5013.228870010458,5013.0,5013.1,5013.9905437352245,5013.000263921879,5013.0526315789475,5013.995249406175,5013.997619047619,5013.995270625328,5014.0,5011.92,5013.0526315789475
org.joda.time.format.PeriodFormatterBuilder$FieldFormatter.setFieldValue(Lorg/joda/time/ReadWritablePeriod;II)V 5013.99419218585,5013.0,5013.086956521739,5013.045454545455,8779.0,5013.9941937186595,5014.0,5074.400325732035,5012.166666666667,5145.576775200981,5015.735564799735,5014.05,5074.400325732035,5013.989970968593,8783.0,5013.04347826087,5013.045454545455,5013.521739130435,5211.421052631579,5013.000262398321,5013.208514414057,5013.207908025845,5013.0,5013.083333333333,5013.990021008403,5013.000263921879,5013.04347826087,5013.994985484296,5013.997486440006,5013.9942257217845,5014.0,5011.88,5013.04347826087
org.joda.time.MutablePeriod.setMillis(I)V 5013.993928194298,5013.0,5013.083333333333,5013.04347826087,8778.0,5013.99392979678,5014.0,5074.367743970265,5012.16,5142.889291950745,5015.189938703094,5013.0,5013.0,5013.987859593561,8779.0,5013.041666666667,5013.04347826087,5013.520833333333,5176.739130434783,5013.000262329486,5013.204124145232,5013.203503500615,5013.0,5013.08,5013.987932843652,5013.000263921879,5013.041666666667,5013.99392979678,5013.996955658505,5013.993964838625,5014.0,5011.87,5013.041666666667
org.joda.time.MutablePeriod.setSeconds(I)V 5013.993928194298,5013.0,5013.083333333333,5013.04347826087,8778.0,5013.99392979678,5014.0,5074.367743970265,5012.16,5142.889291950745,5015.189938703094,5013.0,5013.0,5013.987859593561,8779.0,5013.041666666667,5013.04347826087,5013.520833333333,5176.739130434783,5013.000262329486,5013.204124145232,5013.203503500615,5013.0,5013.08,5013.987932843652,5013.000263921879,5013.041666666667,5013.99392979678,5013.996955658505,5013.993964838625,5014.0,5011.87,5013.041666666667
org.joda.time.format.PeriodFormatterBuilder$SimpleAffix.scan(Ljava/lang/String;I)I 500001.9918162619,500001.0,500001.0625,500001.03225806454,503758.0,500001.99181842175,500002.0,500062.30252849596,500000.1212121212,500132.72671000817,500003.5755095769,500001.0,500001.0,500001.9836368435,503759.0,500001.03125,500001.03225806454,500001.515625,500122.22580645164,500001.0002617801,500001.1767766953,500001.1760518622,500001.0,500001.0606060606,500001.9837696335,500001.00026392186,500001.03125,500001.99181842175,500001.9958924076,500001.9918826918,500002.0,499999.79,500001.03125
org.joda.time.base.AbstractPeriod.toPeriod()Lorg/joda/time/Period; 5013.988912354805,5013.0,5013.046511627907,5013.023809523809,8759.0,5013.9889152810765,5014.0,5074.2127437712115,5012.090909090909,5144.574201125841,5015.545729895021,5013.0,5013.0,5013.977830562154,8760.0,5013.023255813953,5013.023809523809,5013.511627906977,5102.214285714285,5013.000261028452,5013.152498570333,5013.151650788786,5013.0,5013.045454545455,5013.978073610024,5013.000263921879,5013.023255813953,5013.9889152810765,5013.994426751592,5013.989033942558,5014.0,5011.68,5013.023255813953
org.joda.time.format.PeriodFormatterBuilder$SimpleAffix.parse(Ljava/lang/String;I)I 5013.988912354805,5013.0,5013.046511627907,5013.023809523809,8759.0,5013.9889152810765,5014.0,5074.2127437712115,5012.090909090909,5144.574201125841,5015.545729895021,5013.0,5013.0,5013.977830562154,8760.0,5013.023255813953,5013.023809523809,5013.511627906977,5102.214285714285,5013.000261028452,5013.152498570333,5013.151650788786,5013.0,5013.045454545455,5013.978073610024,5013.000263921879,5013.023255813953,5013.9889152810765,5013.994426751592,5013.989033942558,5014.0,5011.68,5013.023255813953
org.joda.time.format.PeriodFormatterBuilder$Literal.parseInto(Lorg/joda/time/ReadWritablePeriod;Ljava/lang/String;ILjava/util/Locale;)I 500001.9878563886,500001.0,500001.0425531915,500001.02173913043,503743.0,500001.9878595936,500002.0,500062.5142259969,500000.0833333333,500132.87579041056,500003.60429068713,500002.1666666667,500062.5142259969,500001.9973607812,503785.0,500001.02127659577,500001.02173913043,500001.5106382979,500757.8,500001.0002607562,500001.1458649915,500001.14497662237,500001.0,500001.0416666667,500001.9973642594,500001.00026392186,500001.02127659577,500001.9986803906,500001.9993397597,500001.9880020866,500002.0,499999.64,500001.02127659577
org.joda.time.convert.ReadablePeriodConverter.getPeriodType(Ljava/lang/Object;)Lorg/joda/time/PeriodType; 5013.986536430834,5013.0,5013.038461538462,5013.019607843137,8750.0,5013.986539984165,5014.0,5074.139185470531,5012.075471698113,5145.234888855975,5015.672345117784,5013.0,5013.0,5013.973079968329,8751.0,5013.0192307692305,5013.019607843137,5013.509615384615,5086.294117647059,5013.000260416667,5013.1386750490565,5013.137738355003,5013.0,5013.037735849057,5013.9734375,5013.000263921879,5013.0192307692305,5013.986539984165,5013.9932243921885,5013.98671529044,5014.0,5011.59,5013.0192307692305
org.joda.time.convert.ReadablePeriodConverter.setInto(Lorg/joda/time/ReadWritablePeriod;Ljava/lang/Object;Lorg/joda/time/Chronology;)V 5013.985216473073,5013.0,5013.035087719299,5013.017857142857,8745.0,5013.985220374769,5014.0,5074.098281481561,5012.068965517241,5145.576775200981,5015.735564799735,5013.0,5013.0,5013.970440749538,8746.0,5013.017543859649,5013.017857142857,5013.508771929824,5079.660714285715,5013.0002600780235,5013.132453235707,5013.131470527221,5013.0,5013.0344827586205,5013.970871261378,5013.000263921879,5013.017543859649,5013.985220374769,5013.992555171497,5013.985431841831,5014.0,5011.54,5013.017543859649
org.joda.time.base.BasePeriod.<init>(Ljava/lang/Object;Lorg/joda/time/PeriodType;Lorg/joda/time/Chronology;)V 5013.984952481521,5013.0,5013.0344827586205,5013.017543859649,8744.0,5013.9849564528895,5014.0,5074.090097397205,5012.067796610169,5146.400084290351,5015.882121417102,5013.0,5013.0,5013.96991290578,8745.0,5013.017241379311,5013.017543859649,5013.508620689655,5078.473684210527,5013.000260010401,5013.13130643286,5013.1303147702165,5013.0,5013.033898305085,5013.970358814353,5013.000263921879,5013.017241379311,5013.9849564528895,5013.992421220582,5013.985175552666,5014.0,5011.53,5013.017241379311
org.joda.time.format.PeriodFormatterBuilder$FieldFormatter.<init>(IIIZI[Lorg/joda/time/format/PeriodFormatterBuilder$FieldFormatter;Lorg/joda/time/format/PeriodFormatterBuilder$PeriodFieldAffix;Lorg/joda/time/format/PeriodFormatterBuilder$PeriodFieldAffix;)V 5013.984952481521,5013.0,5013.0344827586205,5013.017543859649,8744.0,5013.9849564528895,5014.0,5074.090097397205,5012.067796610169,5145.643294862703,5015.747696205054,5013.0,5013.0,5013.96991290578,8745.0,5013.017241379311,5013.017543859649,5013.508620689655,5078.473684210527,5013.000260010401,5013.13130643286,5013.1303147702165,5013.0,5013.033898305085,5013.970358814353,5013.000263921879,5013.017241379311,5013.9849564528895,5013.992421220582,5013.985175552666,5014.0,5011.53,5013.017241379311
org.joda.time.base.BasePeriod.setPeriodInternal(Lorg/joda/time/ReadablePeriod;)V 5013.984688489968,5013.0,5013.033898305085,5013.017241379311,8743.0,5013.984692531011,5014.0,5074.081912216302,5012.066666666667,5145.839427119848,5015.783157683713,5013.0,5013.0,5013.9693850620215,8744.0,5013.016949152542,5013.017241379311,5013.5084745762715,5077.327586206897,5013.000259942813,5013.130188910981,5013.129188371858,5013.0,5013.033333333334,5013.96984663374,5013.000263921879,5013.016949152542,5013.984692531011,5013.992287234042,5013.984919396776,5014.0,5011.52,5013.016949152542
org.joda.time.format.PeriodFormatter.<init>(Lorg/joda/time/format/PeriodPrinter;Lorg/joda/time/format/PeriodParser;)V 5013.984424498416,5013.0,5013.033333333334,5013.016949152542,8742.0,5013.984428609132,5014.0,5074.07372593841,5012.065573770492,5145.774606175301,5015.771488002476,5013.0,5013.0,5013.968857218263,8743.0,5013.016666666666,5013.016949152542,5013.508333333333,5076.220338983051,5013.00025987526,5013.129099444874,5013.128090104901,5013.0,5013.0327868852455,5013.969334719335,5013.000263921879,5013.016666666666,5013.984428609132,5013.992153211863,5013.984663374058,5014.0,5011.51,5013.016666666666
org.joda.time.format.PeriodFormatter.checkParser()V 5013.984424498416,5013.0,5013.033333333334,5013.016949152542,8742.0,5013.984428609132,5014.0,5074.53048025166,5012.065573770492,5145.839427119848,5015.783157683713,5014.25,5074.53048025166,5013.998416468725,8799.0,5013.016666666666,5013.016949152542,5013.508333333333,6275.0,5013.00025987526,5013.129099444874,5013.128090104901,5013.0,5013.0327868852455,5013.998417721519,5013.000263921879,5013.016666666666,5013.999208234362,5013.999603960396,5013.984663374058,5014.0,5011.51,5013.016666666666
org.joda.time.format.PeriodFormatterBuilder$Composite.parseInto(Lorg/joda/time/ReadWritablePeriod;Ljava/lang/String;ILjava/util/Locale;)I 5013.984424498416,5013.0,5013.033333333334,5013.016949152542,8742.0,5013.984428609132,5014.0,5074.07372593841,5012.065573770492,5145.774606175301,5015.771488002476,5013.0,5013.0,5013.968857218263,8743.0,5013.016666666666,5013.016949152542,5013.508333333333,5076.220338983051,5013.00025987526,5013.129099444874,5013.128090104901,5013.0,5013.0327868852455,5013.969334719335,5013.000263921879,5013.016666666666,5013.984428609132,5013.992153211863,5013.984663374058,5014.0,5011.51,5013.016666666666
org.joda.time.base.BasePeriod.setPeriod(Lorg/joda/time/ReadablePeriod;)V 5013.984160506864,5013.0,5013.0327868852455,5013.016666666666,8741.0,5013.984164687253,5014.0,5074.497967446087,5012.064516129032,5146.2174988320685,5015.8502698827715,5014.125,5074.497967446087,5013.996305093692,8795.0,5013.016393442623,5013.016666666666,5013.508196721312,5553.285714285715,5013.000259807743,5013.128036879933,5013.127018812784,5013.0,5013.032258064516,5013.996311907271,5013.000263921879,5013.016393442623,5013.9981525468465,5013.999075419363,5013.984407484408,5014.0,5011.5,5013.016393442623
org.joda.time.format.ISOPeriodFormat.standard()Lorg/joda/time/format/PeriodFormatter; 50001.98310454065,50001.0,50001.03076923077,50001.015625,53725.0,50001.98310899974,50002.0,50062.53860576906,50000.06060606061,50134.09346042743,50003.82842712475,50002.333333333336,50062.53860576906,50001.99894431249,53788.0,50001.015384615384,50001.015625,50001.50769230769,51894.5,50001.00025953802,50001.12403473459,50001.12298245908,50001.0,50001.030303030304,50001.998944869425,50001.00026392188,50001.015384615384,50001.99947215624,50001.999736008445,50001.98338525441,50002.0,50000.0,50001.015384615384
org.joda.time.base.BasePeriod.setField(Lorg/joda/time/DurationFieldType;I)V 5013.982840549103,5013.0,5013.030303030303,5013.015384615384,8736.0,5013.982845077857,5014.0,5074.0245852095695,5012.059701492537,5146.155718175732,5015.839411514434,5013.0,5013.0,5013.965690155714,8737.0,5013.015151515152,5013.015384615384,5013.507575757576,5070.292307692308,5013.00025947068,5013.123091490979,5013.1220308300035,5013.0,5013.0298507462685,5013.966268811624,5013.000263921879,5013.015151515152,5013.982845077857,5013.991348329562,5013.98313002855,5014.0,5011.45,5013.015151515152
org.joda.time.MutablePeriod.setPeriod(Lorg/joda/time/ReadablePeriod;)V 5013.982576557551,5013.0,5013.0298507462685,5013.015151515152,8735.0,5013.982581155978,5014.0,5074.016391240387,5012.058823529412,5146.2174988320685,5015.8502698827715,5013.0,5013.0,5013.965162311955,8736.0,5013.014925373134,5013.015151515152,5013.507462686567,5069.409090909091,5013.000259403372,5013.122169444357,5013.121100461413,5013.0,5013.029411764706,5013.965758754864,5013.000263921879,5013.014925373134,5013.982581155978,5013.991214057508,5013.982874935133,5014.0,5011.44,5013.014925373134
org.joda.time.base.BasePeriod.setFieldInto([ILorg/joda/time/DurationFieldType;I)V 5013.982576557551,5013.0,5013.0298507462685,5013.015151515152,8735.0,5013.982581155978,5014.0,5074.457302251238,5012.058823529412,5146.339671678668,5015.871621711026,5014.076923076923,5074.457302251238,5013.993665874901,8790.0,5013.014925373134,5013.015151515152,5013.507462686567,5327.75,5013.000259403372,5013.122169444357,5013.121100461413,5013.0,5013.029411764706,5013.9936858721385,5013.000263921879,5013.014925373134,5013.996832937451,5013.998413957177,5013.982874935133,5014.0,5011.44,5013.014925373134
org.joda.time.convert.ConverterManager.getPeriodConverter(Ljava/lang/Object;)Lorg/joda/time/convert/PeriodConverter; 5013.980992608236,5013.0,5013.027397260274,5013.013888888889,8729.0,5013.980997624703,5014.0,5074.53048025166,5012.054054054054,5146.637464172751,5015.923012785692,5014.25,5074.53048025166,5013.998416468725,8799.0,5013.013698630137,5013.013888888889,5013.506849315068,6275.0,5013.000259000259,5013.117041147196,5013.1159234872985,5013.0,5013.027027027027,5013.998417721519,5013.000263921879,5013.013698630137,5013.999208234362,5013.999603960396,5013.981347150259,5014.0,5011.38,5013.013698630137
org.joda.time.format.PeriodFormatter.getParser()Lorg/joda/time/format/PeriodParser; 5013.979408658923,5013.0,5013.025316455696,5013.01282051282,8723.0,5013.979414093428,5014.0,5073.917977642072,5012.05,5146.925221293761,5015.971827866201,5013.0,5013.0,5013.958828186856,8724.0,5013.012658227848,5013.01282051282,5013.506329113924,5060.576923076923,5013.000258598397,5013.112508790093,5013.11134441145,5013.0,5013.025,5013.959658650117,5013.000263921879,5013.012658227848,5013.979414093428,5013.9896,5013.979824107605,5014.0,5011.32,5013.012658227848
org.joda.time.format.PeriodFormatter.getPrinter()Lorg/joda/time/format/PeriodPrinter; 5013.977824709609,5013.0,5013.023529411765,5013.011904761905,8717.0,5013.977830562154,5014.0,5073.868711174133,5012.046511627907,5147.258611817345,5016.027400104035,5013.0,5013.0,5013.955661124307,8718.0,5013.011764705882,5013.011904761905,5013.505882352942,5057.107142857143,5013.00025819778,5013.108465228909,5013.1072558628375,5013.0,5013.023255813953,5013.956622773044,5013.000263921879,5013.011764705882,5013.977830562154,5013.988791032826,5013.978305785124,5014.0,5011.26,5013.011764705882
org.joda.time.base.AbstractPeriod.getValues()[I 5013.972280887012,5013.0,5013.018867924528,5013.009523809524,8696.0,5013.972288202692,5014.0,5073.695963621974,5012.0373831775705,5148.340411193392,5016.201085872944,5013.0,5013.0,5013.944576405384,8697.0,5013.009433962264,5013.009523809524,5013.504716981132,5048.085714285714,5013.000256805341,5013.097128586236,5013.095772966949,5013.0,5013.018691588785,5013.946070878274,5013.000263921879,5013.009433962264,5013.972288202692,5013.9859494179045,5013.973028512715,5014.0,5011.05,5013.009433962264
org.joda.time.DateTimeUtils.getPeriodType(Lorg/joda/time/PeriodType;)Lorg/joda/time/PeriodType; 5013.959609292503,5013.0,5013.012987012987,5013.006535947712,8648.0,5013.959619952494,5014.0,5073.2992537267255,5012.025806451613,5159.164767933138,5017.590349388195,5013.0,5013.0,5013.919239904988,8649.0,5013.006493506494,5013.006535947712,5013.5032467532465,5036.764705882353,5013.000253678336,5013.080582296402,5013.078938135094,5013.0,5013.012903225806,5013.922374429224,5013.000263921879,5013.006493506494,5013.959619952494,5013.979393939394,5013.961177366151,5014.0,5010.57,5013.006493506494
org.joda.time.base.BasePeriod.<init>(JLorg/joda/time/PeriodType;Lorg/joda/time/Chronology;)V 5013.951425554383,5013.0,5013.010810810811,5013.005434782609,8617.0,5013.951438374242,5014.0,5073.041652209113,5012.021505376344,5151.658120393684,5016.683023210116,5013.0,5013.0,5013.902876748482,8618.0,5013.005405405405,5013.005434782609,5013.502702702703,5032.592391304348,5013.000251698968,5013.073521462209,5013.071713602855,5013.0,5013.010752688172,5013.907374779764,5013.000263921879,5013.005405405405,5013.951438374242,5013.975114958074,5013.953675730111,5014.0,5010.26,5013.005405405405
org.joda.time.chrono.BaseChronology.get(Lorg/joda/time/ReadablePeriod;J)[I 5013.949841605068,5013.0,5013.010471204188,5013.005263157895,8611.0,5013.9498548429665,5014.0,5073.720671933041,5012.020833333333,5151.949866887984,5016.722419436408,5014.0097087378645,5073.720671933041,5013.946159936659,8700.0,5013.005235602094,5013.005263157895,5013.502617801048,5049.14705882353,5013.000251319427,5013.072357460529,5013.0705194490665,5013.0,5013.010416666667,5013.947571318427,5013.000263921879,5013.005235602094,5013.973079968329,5013.986356340289,5013.952237305179,5014.0,5010.2,5013.005235602094
org.joda.time.base.BasePeriod.checkAndUpdate(Lorg/joda/time/DurationFieldType;[II)V 5013.931362196409,5013.0,5013.007662835249,5013.003846153846,8541.0,5013.931380311428,5014.0,5074.481704595758,5012.015267175572,5154.31073516766,5017.027067759577,5014.1,5074.481704595758,5013.995249406175,8793.0,5013.0038314176245,5013.003846153846,5013.501915708813,5433.0,5013.000246974561,5013.061898446059,5013.059736400412,5013.0,5013.007633587787,5013.995260663507,5013.000263921879,5013.0038314176245,5013.997624703088,5013.998810939358,5013.935770750988,5014.0,5010.63,5013.0038314176245
org.joda.time.PeriodType.indexOf(Lorg/joda/time/DurationFieldType;)I 5013.91631467793,5013.0,5013.006289308176,5013.003154574132,8484.0,5013.916336764318,5014.0,5073.991802727907,5012.012539184953,5155.982004247431,5017.229485053762,5014.0142857142855,5073.991802727907,5013.963578780681,8733.0,5013.003144654088,5013.003154574132,5013.501572327044,5066.913043478261,5013.00024354603,5013.0560772154095,5013.05367953705,5013.0,5013.006269592476,5013.964230171073,5013.000263921879,5013.003144654088,5013.98178939034,5013.990811026768,5013.9227771010965,5014.0,5010.42,5013.003144654088
org.joda.time.base.AbstractPeriod.indexOf(Lorg/joda/time/DurationFieldType;)I 5013.916050686378,5013.0,5013.006269592476,5013.003144654088,8483.0,5013.916072842439,5014.0,5071.915193286622,5012.0125,5155.92601492756,5017.222860937815,5013.0,5013.0,5013.832145684877,8484.0,5013.003134796239,5013.003144654088,5013.501567398119,5023.915094339623,5013.00024348673,5013.0559892510955,5013.053587612801,5013.0,5013.00625,5013.845142439737,5013.000263921879,5013.003134796239,5013.916072842439,5013.956198347108,5013.922552362396,5014.0,5008.92,5013.003134796239
org.joda.time.base.BasePeriod.getFieldType(I)Lorg/joda/time/DurationFieldType; 5013.916050686378,5013.0,5013.006269592476,5013.003144654088,8483.0,5013.916072842439,5014.0,5071.915193286622,5012.0125,5155.92601492756,5017.222860937815,5013.0,5013.0,5013.832145684877,8484.0,5013.003134796239,5013.003144654088,5013.501567398119,5023.915094339623,5013.00024348673,5013.0559892510955,5013.053587612801,5013.0,5013.00625,5013.845142439737,5013.000263921879,5013.003134796239,5013.916072842439,5013.956198347108,5013.922552362396,5014.0,5008.92,5013.003134796239
org.joda.time.DurationFieldType.millis()Lorg/joda/time/DurationFieldType; 5013.908658922915,5013.008849557522,5013.00576368876,5013.00289017341,8455.0,5013.908683029823,5014.0,5071.6770824087225,5012.0114942528735,5156.694535665171,5017.312896386158,5013.0,5013.0,5013.817366059647,8456.0,5013.002881844381,5013.00289017341,5013.50144092219,5022.950867052024,5013.000241837968,5013.05368281271,5013.051172391099,5013.0,5013.005747126437,5013.832648125755,5013.000263921879,5013.002881844381,5013.908683029823,5013.952157079646,5013.916303821964,5014.0,5008.64,5013.002881844381
org.joda.time.PeriodType.getFieldType(I)Lorg/joda/time/DurationFieldType; 5013.908658922915,5013.0,5013.00576368876,5013.00289017341,8455.0,5013.908683029823,5014.0,5071.6770824087225,5012.0114942528735,5156.694535665171,5017.312896386158,5013.0,5013.0,5013.817366059647,8456.0,5013.002881844381,5013.00289017341,5013.50144092219,5022.950867052024,5013.000241837968,5013.05368281271,5013.051172391099,5013.0,5013.005747126437,5013.832648125755,5013.000263921879,5013.002881844381,5013.908683029823,5013.952157079646,5013.916303821964,5014.0,5008.64,5013.002881844381
org.joda.time.convert.ConverterSet.select(Ljava/lang/Class;)Lorg/joda/time/convert/Converter; 5013.906810982048,5013.0,5013.005649717514,5013.00283286119,8448.0,5013.906835576669,5014.0,5074.538605769062,5012.011267605634,5157.8671803607185,5017.44676510885,5014.333333333333,5074.538605769062,5013.998944312483,8800.0,5013.002824858757,5013.00283286119,5013.501412429378,6906.5,5013.000241429261,5013.053149400345,5013.050612379352,5013.0,5013.005633802817,5013.998944869428,5013.000263921879,5013.002824858757,5013.999472156242,5013.999736008448,5013.914754890123,5014.0,5012.0,5013.002824858757
org.joda.time.convert.ConverterManager.getInstance()Lorg/joda/time/convert/ConverterManager; 5013.889651531151,5013.0,5013.004773269689,5013.002392344498,8383.0,5013.889680654526,5014.0,5074.538605769062,5012.009523809524,5158.538508727694,5017.5216200968525,5014.333333333333,5074.538605769062,5013.998944312483,8800.0,5013.002386634845,5013.002392344498,5013.501193317423,6906.5,5013.000237699073,5013.048853196875,5013.046078990267,5013.0,5013.004761904762,5013.998944869428,5013.000263921879,5013.002386634845,5013.999472156242,5013.999736008448,5013.900618164527,5014.0,5012.0,5013.002386634845
org.joda.time.DurationFieldType.seconds()Lorg/joda/time/DurationFieldType; 5013.888067581837,5013.008849557522,5013.004705882353,5013.002358490566,8377.0,5013.888097123251,5014.0,5071.008620049092,5012.0093896713615,5158.684720709407,5017.537759390048,5013.0,5013.0,5013.776194246503,8378.0,5013.0023529411765,5013.002358490566,5013.501176470589,5020.936320754717,5013.00023736055,5013.048507125007,5013.045711823206,5013.0,5013.00469483568,5013.798718253026,5013.000263921879,5013.0023529411765,5013.888097123251,5013.940732457367,5013.899335232669,5014.0,5007.86,5013.0023529411765
org.joda.time.base.BasePeriod.checkPeriodType(Lorg/joda/time/PeriodType;)Lorg/joda/time/PeriodType; 5013.883051742344,5013.0,5013.004504504504,5013.002257336343,8358.0,5013.883082607548,5014.0,5070.844619455918,5012.008988764045,5159.141025607282,5017.587762546149,5013.0,5013.0,5013.766165215096,8359.0,5013.002252252252,5013.002257336343,5013.501126126126,5020.553047404063,5013.000236294896,5013.047457899787,5013.044596583676,5013.0,5013.004494382022,5013.790642722117,5013.000263921879,5013.002252252252,5013.883082607548,5013.937911702873,5013.895296620184,5014.0,5007.67,5013.002252252252
org.joda.time.PeriodType.standard()Lorg/joda/time/PeriodType; 5013.88146779303,5013.0,5013.004444444445,5013.002227171492,8352.0,5013.881499076273,5014.0,5070.7927331072,5012.008869179601,5159.28308052785,5017.603218450216,5013.0,5013.0,5013.762998152547,8353.0,5013.002222222222,5013.002227171492,5013.501111111111,5020.438752783964,5013.000235960359,5013.0471404520795,5013.0442585281935,5013.0,5013.0044345898,5013.788107597924,5013.000263921879,5013.002222222222,5013.881499076273,5013.93701781456,5013.894028793958,5014.0,5007.61,5013.002222222222
org.joda.time.base.BasePeriod.getPeriodType()Lorg/joda/time/PeriodType; 5013.878827877508,5013.0,5013.004347826087,5013.002178649237,8342.0,5013.878859857482,5014.0,5070.706152185014,5012.008676789588,5159.517745713061,5017.62863751936,5013.0,5013.0,5013.757719714964,8343.0,5013.002173913043,5013.002178649237,5013.501086956522,5020.254901960784,5013.000235404897,5013.046625240412,5013.04370921397,5013.0,5013.004338394794,5013.783898305085,5013.000263921879,5013.002173913043,5013.878859857482,5013.935524652339,5013.891923710855,5014.0,5007.51,5013.002173913043
org.joda.time.base.BasePeriod.size()I 5013.873548046463,5013.0,5013.004166666667,5013.002087682672,8322.0,5013.8735814199,5014.0,5070.53259945457,5012.008316008316,5159.979529055672,5017.678254869953,5013.0,5013.0,5013.7471628398,8323.0,5013.002083333334,5013.002087682672,5013.501041666666,5019.910229645094,5013.00023430178,5013.045643546458,5013.042660189445,5013.0,5013.004158004158,5013.775538894096,5013.000263921879,5013.002083333334,5013.8735814199,5013.932525707846,5013.887743145066,5014.0,5007.31,5013.002083333334
org.joda.time.base.BasePeriod.getValue(I)I 5013.872756071805,5013.0,5013.004140786749,5013.002074688797,8319.0,5013.872789654262,5014.0,5070.50652136932,5012.00826446281,5160.047958827533,5017.685562762369,5013.0,5013.0,5013.745579308525,8320.0,5013.002070393375,5013.002074688797,5013.501035196688,5019.860995850622,5013.000234137205,5013.04550157552,5013.042508215545,5013.0,5013.004132231405,5013.774291734957,5013.000263921879,5013.002070393375,5013.872789654262,5013.932074408117,5013.887119437939,5014.0,5007.28,5013.002070393375
org.joda.time.PeriodType.size()I 5013.8627243928195,5013.0,5013.003838771593,5013.001923076923,8281.0,5013.862760622856,5014.0,5070.175169435691,5012.007662835249,5160.896968929415,5017.775301927835,5013.0,5013.0,5013.725521245711,8282.0,5013.001919385796,5013.001923076923,5013.5009596928985,5019.286538461539,5013.000232072407,5013.043810795434,5013.04069276282,5013.0,5013.0038314176245,5013.758644697145,5013.000263921879,5013.001919385796,5013.862760622856,5013.926324737886,5013.879294336119,5014.0,5006.9,5013.001919385796
org.joda.time.DateTimeUtils.getChronology(Lorg/joda/time/Chronology;)Lorg/joda/time/Chronology; 5013.71172122492,5013.0,5013.001829826167,5013.000915750916,7709.0,5013.711797307997,5014.0,5064.932648690396,5012.00365630713,5190.932839681925,5020.269070040555,5014.000412371134,5049.945906403822,5013.423594615993,7710.0,5013.000914913083,5013.000915750916,5013.500457456542,5015.469780219781,5013.00020487605,5013.0302475302005,5013.025517896863,5013.0,5013.001828153565,5013.552550706822,5013.000263921879,5013.000914913083,5013.711797307997,5013.831637372803,5013.776229508197,5014.0,5001.18,5013.000914913083
org.joda.time.chrono.ISOChronology.getInstance()Lorg/joda/time/chrono/ISOChronology; 5013.517951425554,5013.0,5013.00109469075,5013.000547645126,6975.0,5013.51807864872,5014.0,5057.305755833751,5012.002188183807,5180.825181665876,5019.53695045403,5013.0,5013.0,5013.03615729744,6976.0,5013.000547345375,5013.000547645126,5013.500273672687,5014.075027382256,5013.00017809439,5013.023395413545,5013.016837408269,5013.0,5013.001094091904,5013.349599287622,5013.000263921879,5013.000547345375,5013.51807864872,5013.682545201669,5013.6747417171355,5014.0,4993.84,5013.000547345375
org.joda.time.chrono.ISOChronology.getInstance(Lorg/joda/time/DateTimeZone;)Lorg/joda/time/chrono/ISOChronology; 5013.4429778247095,5013.0,5013.000947418285,5013.000473933649,6691.0,5013.443124835049,5014.0,5074.392181912684,5012.001893939394,5184.353594452315,5019.801480281886,5014.047619047619,5074.392181912684,5013.989443124835,8782.0,5013.000473709142,5013.000473933649,5013.500236854571,5201.45,5013.000169520257,5013.02176486027,5013.014485946484,5013.0,5013.000946969697,5013.989498556051,5013.000263921879,5013.000473709142,5013.994721562418,5013.997353797301,5013.642251610716,5014.0,5010.91,5013.000473709142
org.joda.time.chrono.AssembledChronology.getParam()Ljava/lang/Object; 5013.435322069694,5013.0,5013.00093457944,5013.000467508182,6662.0,5013.435471100554,5014.0,5053.62019202318,5012.001868285848,5184.342784746822,5019.80068557716,5013.0,5013.0,5012.870942201109,6663.0,5013.000467289719,5013.000467508182,5013.50023364486,5013.771388499299,5013.000168690958,5013.021616885058,5013.014262591907,5013.0,5013.000934142924,5013.278340080971,5013.000263921879,5013.000467289719,5013.435471100554,5013.606729178157,5013.639109161464,5014.0,4990.71,5013.000467289719
org.joda.time.chrono.ZonedChronology.getZone()Lorg/joda/time/DateTimeZone; 5013.435322069694,5013.0,5013.00093457944,5013.000467508182,6662.0,5013.435471100554,5014.0,5053.62019202318,5012.001868285848,5184.342784746822,5019.80068557716,5013.0,5013.0,5012.870942201109,6663.0,5013.000467289719,5013.000467508182,5013.50023364486,5013.771388499299,5013.000168690958,5013.021616885058,5013.014262591907,5013.0,5013.000934142924,5013.278340080971,5013.000263921879,5013.000467289719,5013.435471100554,5013.606729178157,5013.639109161464,5014.0,4990.71,5013.000467289719
org.joda.time.chrono.AssembledChronology.getZone()Lorg/joda/time/DateTimeZone; 5013.368268215417,5013.0,5013.000835421888,5013.0004178855,6408.0,5013.368434943257,5014.0,5050.363083384539,5012.001670146138,5187.011759661973,5019.994161796423,5013.0,5013.0,5012.736869886514,6409.0,5013.000417710944,5013.0004178855,5013.500208855472,5013.583368157125,5013.000161759948,5013.0204379779825,5013.012402808711,5013.0,5013.000835073069,5013.225816887739,5013.000263921879,5013.000417710944,5013.368434943257,5013.538476374156,5013.612845817829,5014.0,4988.17,5013.000417710944
org.joda.time.DateTimeUtils$FixedMillisProvider.<init>(J)V 5013.290126715945,5013.0,5013.000743494424,5013.00037188546,6112.0,5013.290314067036,5014.0,5046.166247903554,5012.001486436269,5189.94902907729,5020.201081075079,5013.0,5013.0,5012.580628134072,6113.0,5013.000371747212,5013.00037188546,5013.500185873606,5013.409074005206,5013.000154368632,5013.019280747182,5013.010385268304,5013.0,5013.000743218135,5013.169805495523,5013.000263921879,5013.000371747212,5013.290314067036,5013.449989772959,5013.584838659874,5014.0,4985.21,5013.000371747212
org.joda.time.DateTimeUtils.setCurrentMillisFixed(J)V 5013.290126715945,5013.0,5013.000743494424,5013.00037188546,6112.0,5013.290314067036,5014.0,5046.166247903554,5012.001486436269,5189.94902907729,5020.201081075079,5013.0,5013.0,5012.580628134072,6113.0,5013.000371747212,5013.00037188546,5013.500185873606,5013.409074005206,5013.000154368632,5013.019280747182,5013.010385268304,5013.0,5013.000743218135,5013.169805495523,5013.000263921879,5013.000371747212,5013.290314067036,5013.449989772959,5013.584838659874,5014.0,4985.21,5013.000371747212
org.joda.time.DateTimeUtils.checkPermission()V 5013.289334741288,5013.0,5013.000742666171,5013.000371471026,6109.0,5013.289522301398,5014.0,5046.1209903233585,5012.001484780994,5189.977947511725,5020.203088718341,5013.0,5013.0,5012.579044602798,6110.0,5013.000371333086,5013.000371471026,5013.500185666543,5013.40750371471,5013.000154297177,5013.01927000482,5013.010365305702,5013.0,5013.000742390497,5013.1692640024685,5013.000263921879,5013.000371333086,5013.289522301398,5013.449038067949,5013.584567901235,5014.0,4985.18,5013.000371333086
org.joda.time.DateTimeUtils.setCurrentMillisSystem()V 5013.289334741288,5013.0,5013.000742666171,5013.000371471026,6109.0,5013.289522301398,5014.0,5046.1209903233585,5012.001484780994,5189.977947511725,5020.203088718341,5013.0,5013.0,5012.579044602798,6110.0,5013.000371333086,5013.000371471026,5013.500185666543,5013.40750371471,5013.000154297177,5013.01927000482,5013.010365305702,5013.0,5013.000742390497,5013.1692640024685,5013.000263921879,5013.000371333086,5013.289522301398,5013.449038067949,5013.584567901235,5014.0,4985.18,5013.000371333086
org.joda.time.DateTimeZone.setDefault(Lorg/joda/time/DateTimeZone;)V 5013.248944033791,5013.0,5013.000702740689,5013.000351493849,5956.0,5013.249142253893,5014.0,5074.538605769062,5012.001404987706,5191.432001839811,5020.303323997495,5014.333333333333,5074.538605769062,5013.998944312483,8800.0,5013.000351370344,5013.000351493849,5013.5001756851725,6906.5,5013.00015073862,5013.0187448751485,5013.009352622674,5013.0,5013.000702493853,5013.998944869428,5013.000263921879,5013.000351370344,5013.999472156242,5013.999736008448,5013.571083974069,5014.0,5012.0,5013.000351370344
org.joda.time.DateTimeZone.getDefault()Lorg/joda/time/DateTimeZone; 5013.171858500528,5013.0,5013.000637348629,5013.0003187759,5664.0,5013.172077065189,5014.0,5038.534290669608,5012.001274291176,5194.102388287195,5020.483911267496,5013.0,5013.0,5012.344154130377,5665.0,5013.000318674315,5013.0003187759,5013.500159337157,5013.207841887153,5013.000144383483,5013.017851451337,5013.00740046552,5013.0,5013.0006371455875,5013.094138030609,5013.000263921879,5013.000318674315,5013.172077065189,5013.29362756136,5013.547003610109,5014.0,4980.73,5013.000318674315
