org.joda.time.MutableDateTime.add(Lorg/joda/time/DurationFieldType;I)V 500001.19950409123,500001.0,500001.28571428574,500001.1666666667,500000.0,500001.99950421415,500001.0,500064.49803146557,500000.5,500132.01181047445,500005.8565199925,500006.4166666667,500318.450783587,500001.9970282318,504033.0,500001.14285714284,500001.1666666667,500001.26666666666,500673.0,500001.00024727994,500001.2581988897,500001.25800688064,500002.0,500001.25,500001.99703264097,500001.00024764735,500001.3333333333,500001.9985141159,500001.9992565056,500001.99752658914,500002.0,500000.0,500001.00001249893
org.joda.time.MutableDateTime.addDays(I)V 500001.19950409123,500001.0,500001.28571428574,500001.1666666667,500000.0,500001.99950421415,500001.0,500064.49803146557,500000.5,500131.42602403683,500004.8191342524,500005.4,500254.9291239697,500001.9970282318,504033.0,500001.14285714284,500001.1666666667,500001.26666666666,500673.0,500001.00024727994,500001.2581988897,500001.25800688064,500002.0,500001.25,500001.99703264097,500001.00024764735,500001.3333333333,500001.9985141159,500001.9992565056,500001.99752658914,500002.0,500000.0,500001.00001249893
org.joda.time.MutableDateTime.addMonths(I)V 500001.19950409123,500001.0,500001.28571428574,500001.1666666667,500000.0,500001.99950421415,500001.0,500064.49803146557,500000.5,500131.42602403683,500004.8191342524,500005.4,500254.9291239697,500001.9970282318,504033.0,500001.14285714284,500001.1666666667,500001.26666666666,500673.0,500001.00024727994,500001.2581988897,500001.25800688064,500002.0,500001.25,500001.99703264097,500001.00024764735,500001.3333333333,500001.9985141159,500001.9992565056,500001.99752658914,500002.0,500000.0,500001.00001249893
org.joda.time.MutableDateTime.addWeeks(I)V 500001.19950409123,500001.0,500001.28571428574,500001.1666666667,500000.0,500001.99950421415,500001.0,500064.49803146557,500000.5,500131.42602403683,500004.8191342524,500005.4,500254.9291239697,500001.9970282318,504033.0,500001.14285714284,500001.1666666667,500001.26666666666,500673.0,500001.00024727994,500001.2581988897,500001.25800688064,500002.0,500001.25,500001.99703264097,500001.00024764735,500001.3333333333,500001.9985141159,500001.9992565056,500001.99752658914,500002.0,500000.0,500001.00001249893
org.joda.time.MutableDateTime.addYears(I)V 500001.19950409123,500001.0,500001.28571428574,500001.1666666667,500000.0,500001.99950421415,500001.0,500064.49803146557,500000.5,500131.42602403683,500004.8191342524,500005.4,500254.9291239697,500001.9970282318,504033.0,500001.14285714284,500001.1666666667,500001.26666666666,500673.0,500001.00024727994,500001.2581988897,500001.25800688064,500002.0,500001.25,500001.99703264097,500001.00024764735,500001.3333333333,500001.9985141159,500001.9992565056,500001.99752658914,500002.0,500000.0,500001.00001249893
org.joda.time.chrono.ZonedChronology$ZonedDurationField.getOffsetFromLocalToSubtract(J)I 500001.9625588892,500001.0,500001.0641025641,500001.1655629139,503883.0,500005.96256817057,500002.0,500063.34580980305,500000.12422360247,500150.3000162019,500004.5054537121,500001.0,500001.0,500001.92521050025,503888.0,500001.03205128206,500001.0331125828,500001.516025641,500026.7417218543,500001.0011936023,500001.1790287185,500001.17564522894,500001.0,500001.06211180124,500001.9279064216,500001.0012382367,500001.03205128206,500001.9626052501,500001.98094637226,500001.96391013387,500006.0,500002.59,500001.03205128206
org.joda.time.chrono.ZonedChronology$ZonedDurationField.add(JI)J 500001.94173072156,500001.0,500001.0416666667,500001.10638297873,503799.0,500005.9417451661,500002.0,500062.66846844216,500000.0816326531,500153.3415201912,500004.91531732003,500001.0,500001.0,500001.88360574545,503804.0,500001.0208333333,500001.02127659577,500001.5104166667,500017.18297872343,500001.0011701381,500001.1443375673,500001.140069233,500001.0,500001.0408163265,500001.89000702085,500001.0012382367,500001.0208333333,500001.9418028727,500001.97002933297,500001.94493908156,500006.0,500001.75,500001.0208333333
org.joda.time.chrono.AssembledChronology.getParam()Ljava/lang/Object; 500001.43937515497,500001.0,500001.00441306265,500001.0110570544,501773.0,500005.4395141299,500002.0,500043.1544778167,500000.0088066931,500185.56178418634,500007.8956488971,500001.0,500001.0,500000.8801386825,501778.0,500001.00220653135,500001.0022114109,500001.5011032657,500001.78593542683,500001.00079377677,500001.04697373026,500001.0311367154,500001.0,500001.00440334657,500001.28210827115,500001.0012382367,500001.00220653135,500001.4400693413,500001.61117798794,500001.6407689863,500006.0,499981.49,500001.00220653135
org.joda.time.chrono.AssembledChronology.years()Lorg/joda/time/DurationField; 500001.26064964046,500001.0,500001.00705467374,500001.007079646,500000.0,500002.8606841844,500001.0,500059.9321643926,500000.014059754,500155.71834965673,500004.83491058333,500004.00528169016,500177.6946518715,500001.7201584943,503474.0,500001.00352733687,500001.003539823,500001.20177304966,500007.14690265484,500001.00043449923,500001.03766217886,500001.03492456756,500002.0,500001.007029877,500001.7545079296,500001.0004952947,500001.0035460993,500001.86007924716,500001.92477699375,500001.7416329533,500003.0,499995.48,500001.00000023725
org.joda.time.DurationFieldType$StandardDurationFieldType.getField(Lorg/joda/time/Chronology;)Lorg/joda/time/DurationField; 500001.14594594593,500001.0,500001.00896860985,500001.0045045045,500000.0,500001.94595934555,500001.0,500064.49803146557,500000.01785714284,500157.9939476337,500005.89897948556,500006.45454545453,500318.49015732773,500001.9970282318,504033.0,500001.0044843049,500001.0045045045,500001.102283105,500673.0,500001.0002347418,500001.03021989425,500001.02937639796,500002.0,500001.0089285714,500001.99703264097,500001.00024764735,500001.00456621003,500001.9985141159,500001.9992565056,500001.78723404254,500002.0,500000.0,500001.00000011467
org.joda.time.chrono.AssembledChronology.weeks()Lorg/joda/time/DurationField; 500001.1258616415,500001.0,500001.00657894736,500001.00330033,500000.0,500001.92588001984,500001.0,500062.1146463624,500000.0131147541,500147.3034269402,500002.13649305573,500005.013029316,500245.39312592626,500001.8499257058,503736.0,500001.0032894737,500001.00330033,500001.1016666667,500013.3267326733,500001.00023036165,500001.025819889,500001.0248310409,500002.0,500001.00655737706,500001.8604008293,500001.00024764735,500001.00333333336,500001.9249628529,500001.9610189116,500001.7295586107,500002.0,499997.11,500001.0000000836
org.joda.time.DurationFieldType.years()Lorg/joda/time/DurationFieldType; 500001.1013141582,500001.0,500001.0049627792,500001.0024875622,500000.0,500001.90133862174,500001.0,500061.2992537267,500000.0099009901,500149.9617478177,500002.9874449284,500005.00985221675,500242.1306699696,500001.80089153047,503637.0,500001.00248138956,500001.0024875622,500001.10125313286,500010.0447761194,500001.00022522523,500001.02238868317,500001.02124358586,500002.0,500001.00495049503,500001.8189189189,500001.00024764735,500001.00250626565,500001.90044576523,500001.94761532446,500001.6695998672,500002.0,499996.12,500001.0000000628
org.joda.time.chrono.AssembledChronology.months()Lorg/joda/time/DurationField; 500001.0395735185,500001.0,500001.00306748465,500001.0015360983,500000.0,500001.83961328707,500001.0,500059.1979381078,500000.0061255743,500155.4480051584,500004.0718389743,500005.00610687025,500233.72301132465,500001.67756315006,503388.0,500001.00153374235,500001.0015360983,500001.1007716049,500006.20276497694,500001.00021326507,500001.0175682092,500001.0160879419,500002.0,500001.0030627871,500001.7223288548,500001.00024764735,500001.0015432099,500001.83878157503,500001.91232323233,500001.5548981838,500002.0,499993.63,500001.00000003865
org.joda.time.chrono.AssembledChronology.days()Lorg/joda/time/DurationField; 500001.02767170843,500001.0056116723,500001.0028571429,500001.00143061514,500000.0,500001.8277144274,500001.0,500058.78408085275,500000.0057061341,500156.3746631274,500004.21913849545,500005.0056899004,500232.0670898246,500001.6537890045,503340.0,500001.0014285714,500001.00143061514,500001.1007183908,500005.77682403434,500001.00021110405,500001.0169515876,500001.0154127231,500002.0,500001.00285306707,500001.70487650414,500001.00024764735,500001.0014367816,500001.8268945022,500001.90524603496,500001.5371603623,500002.0,499993.15,500001.000000036
org.joda.time.MutableDateTime.addHours(I)V 50002.99776841061,50002.0,50002.71428571428,50004.77777777778,54026.0,50006.99776896381,50003.0,50065.47440429023,50002.05263157895,50142.01181047446,50003.73205080757,50002.0,50002.0,50002.9955423477,54031.0,50002.357142857145,50002.555555555555,50002.67857142857,50449.666666666664,50002.001235483076,50002.597614304665,50002.59694711737,50002.0,50002.52631578947,50002.99555226093,50002.00123823675,50002.357142857145,50002.99777117385,50002.99888434362,50002.99777337952,50007.0,50004.3,50002.357142857145
org.joda.time.DateTimeZone.getOffsetFromLocal(J)I 50001.99305727746,50001.0,50001.30303030303,50001.892857142855,54006.0,50005.993058998516,50002.0,50064.41923998283,50000.52631578947,50166.10095428483,50006.29991922678,50006.23809523809,50318.09619991416,50001.9920752848,54023.0,50001.15151515151,50001.17857142857,50001.57575757576,50252.375,50001.001229709786,50001.38924947208,50001.387895893065,50001.0,50001.26315789474,50001.99210656142,50001.00123823675,50001.15151515151,50001.9960376424,50001.99801488834,50001.99310514652,50006.0,50003.82,50001.15151515151
org.joda.time.tz.DateTimeZoneBuilder$DSTZone.equals(Ljava/lang/Object;)Z 50001.97917183238,50001.0,50001.11235955056,50001.29761904762,53950.0,50005.97917699554,50002.0,50063.88083968905,50000.21276595745,50147.176961864374,50004.02740010404,50001.0,50001.0,50001.95839524517,53955.0,50001.05617977528,50001.05952380953,50001.52808988764,50048.07142857143,50001.001213003394,50001.23702273157,50001.23454136843,50001.0,50001.10638297872,50001.95924308588,50001.00123823675,50001.05617977528,50001.97919762258,50001.98948948949,50001.97959679378,50006.0,50003.26,50001.05617977528
org.joda.time.tz.DateTimeZoneBuilder$OfYear.equals(Ljava/lang/Object;)Z 50001.97917183238,50001.0,50001.11235955056,50001.29761904762,53950.0,50005.97917699554,50002.0,50063.88083968905,50000.21276595745,50147.176961864374,50004.02740010404,50001.0,50001.0,50001.95839524517,53955.0,50001.05617977528,50001.05952380953,50001.52808988764,50048.07142857143,50001.001213003394,50001.23702273157,50001.23454136843,50001.0,50001.10638297872,50001.95924308588,50001.00123823675,50001.05617977528,50001.97919762258,50001.98948948949,50001.97959679378,50006.0,50003.26,50001.05617977528
org.joda.time.tz.DateTimeZoneBuilder$Recurrence.equals(Ljava/lang/Object;)Z 50001.97917183238,50001.0,50001.11235955056,50001.29761904762,53950.0,50005.97917699554,50002.0,50063.88083968905,50000.21276595745,50147.176961864374,50004.02740010404,50001.0,50001.0,50001.95839524517,53955.0,50001.05617977528,50001.05952380953,50001.52808988764,50048.07142857143,50001.001213003394,50001.23702273157,50001.23454136843,50001.0,50001.10638297872,50001.95924308588,50001.00123823675,50001.05617977528,50001.97919762258,50001.98948948949,50001.97959679378,50006.0,50003.26,50001.05617977528
org.joda.time.tz.CachedDateTimeZone.equals(Ljava/lang/Object;)Z 50001.97669228862,50001.0,50001.10101010101,50001.265957446805,53940.0,50005.976698066435,50002.0,50064.49803146555,50000.192307692305,50149.8861525615,50005.898979485566,50006.454545454544,50318.49015732775,50001.997028231795,54033.0,50001.0505050505,50001.05319148936,50001.52525252525,50673.0,50001.00121006776,50001.22473328749,50001.22209883693,50001.0,50001.096153846156,50001.99703264095,50001.00123823675,50001.0505050505,50001.9985141159,50001.99925650557,50001.977223164526,50006.0,50003.16,50001.0505050505
org.joda.time.tz.DateTimeZoneBuilder$PrecalculatedZone.equals(Ljava/lang/Object;)Z 50001.97644433424,50001.0,50001.1,50001.26315789474,53939.0,50005.976450173526,50002.0,50063.79331174576,50000.19047619047,50147.75860481927,50004.12198564135,50001.0,50001.0,50001.95294700347,53944.0,50001.05,50001.05263157895,50001.525,50042.505263157895,50001.00120977498,50001.22360679775,50001.22095749979,50001.0,50001.09523809524,50001.95402855069,50001.00123823675,50001.05,50001.97647350173,50001.988096729736,50001.97698643411,50006.0,50003.15,50001.05
org.joda.time.MutableDateTime.toString()Ljava/lang/String; 50001.975700471114,50001.0,50001.09708737864,50001.255102040814,53936.0,50005.97570649479,50002.0,50063.7694193059,50000.18518518518,50147.91130541107,50004.14634628365,50001.0,50001.0,50001.951461119366,53941.0,50001.04854368932,50001.051020408166,50001.52427184466,50041.204081632655,50001.00120889748,50001.22032632462,50001.21763294911,50001.0,50001.09259259259,50001.95261121857,50001.00123823675,50001.04854368932,50001.97573055968,50001.987716219606,50001.97627693052,50006.0,50003.12,50001.04854368932
org.joda.time.MutableDateTime.setMillis(J)V 50001.966030250434,50001.0,50001.07042253521,50001.18248175183,53897.0,50005.96603867129,50002.0,50064.49803146555,50000.13605442177,50149.97007121756,50005.898979485566,50006.454545454544,50318.49015732775,50001.997028231795,54033.0,50001.035211267605,50001.03649635037,50001.5176056338,50673.0,50001.00119760479,50001.18764665626,50001.184431964866,50001.0,50001.06802721089,50001.99703264095,50001.00123823675,50001.035211267605,50001.9985141159,50001.99925650557,50001.96714628297,50006.0,50002.73,50001.035211267605
org.joda.time.tz.CachedDateTimeZone$Info.getOffset(J)I 50001.96578229606,50001.0,50001.06993006993,50001.18115942029,53896.0,50005.965790778384,50002.0,50063.44997998398,50000.13513513513,50174.79495878996,50007.064911237234,50006.02659574468,50311.44323152551,50001.93164933135,53901.0,50001.03496503497,50001.036231884056,50001.51748251748,50029.260869565216,50001.00119731801,50001.186989398004,50001.183762378496,50001.0,50001.06756756757,50001.933908045976,50001.00123823675,50001.03496503497,50001.965824665676,50001.98261526833,50001.966914409015,50006.0,50002.72,50001.03496503497
org.joda.time.base.BaseDateTime.setMillis(J)V 50001.964542524176,50001.0,50001.06756756757,50001.17482517483,53891.0,50005.96455131383,50002.0,50063.40993510652,50000.13071895425,50149.97007121756,50004.458071824454,50001.0,50001.0,50001.929172857854,53896.0,50001.03378378379,50001.03496503497,50001.51689189189,50028.23776223776,50001.00119588615,50001.18380365552,50001.180515639455,50001.0,50001.06535947712,50001.931595312126,50001.00123823675,50001.03378378379,50001.96458642893,50001.981974032526,50001.96575670498,50006.0,50002.67,50001.03378378379
org.joda.time.DateTimeZone.forID(Ljava/lang/String;)Lorg/joda/time/DateTimeZone; 50001.959831391025,50001.0,50001.05988023952,50001.154320987655,53872.0,50005.95984134854,50002.0,50064.49803146555,50000.11627906977,50151.24056702978,50005.898979485566,50006.454545454544,50318.49015732775,50001.997028231795,54033.0,50001.02994011976,50001.03086419753,50001.51497005988,50673.0,50001.00119047619,50001.173032135055,50001.16952128715,50001.0,50001.058139534885,50001.99703264095,50001.00123823675,50001.02994011976,50001.9985141159,50001.99925650557,50001.96138259833,50006.0,50002.48,50001.02994011976
org.joda.time.tz.ZoneInfoProvider.getZone(Ljava/lang/String;)Lorg/joda/time/DateTimeZone; 50001.95809571039,50001.0,50001.057471264365,50001.14792899408,53865.0,50005.958106098165,50002.0,50064.4901567174,50000.11173184358,50151.42821833946,50005.85651999251,50006.416666666664,50318.450783587,50001.9965329371,54032.0,50001.028735632186,50001.02958579882,50001.51436781609,50576.857142857145,50001.001188495364,50001.1695158759,50001.165926146015,50001.0,50001.055865921786,50001.99653893696,50001.00123823675,50001.028735632186,50001.99826646855,50001.99913248234,50001.95978105664,50006.0,50002.41,50001.028735632186
org.joda.time.chrono.ISOChronology.getInstance(Lorg/joda/time/DateTimeZone;)Lorg/joda/time/chrono/ISOChronology; 50001.95685593851,50001.0,50001.055865921786,50001.14367816092,53860.0,50005.95686663361,50002.0,50064.30086887239,50000.108695652176,50185.53022795653,50007.893360391136,50006.13888888889,50317.50434436197,50001.984645864286,54008.0,50001.0279329609,50001.028735632186,50001.513966480445,50130.25806451613,50001.00118708452,50001.167131567614,50001.16348645055,50001.0,50001.05434782609,50001.98476284099,50001.00123823675,50001.0279329609,50001.99232293214,50001.99614667495,50001.9586403613,50006.0,50002.36,50001.0279329609
org.joda.time.format.DateTimeFormatterBuilder$TimeZoneOffset.printTo(Ljava/lang/StringBuffer;JLorg/joda/time/Chronology;ILorg/joda/time/DateTimeZone;Ljava/util/Locale;)V 50001.93974708654,50001.0,50001.040322580644,50001.102880658436,53791.0,50005.939762022805,50002.0,50064.36402764976,50000.0790513834,50157.0381080649,50005.556024507496,50006.17857142857,50317.82013824882,50001.988608221895,54016.0,50001.020161290326,50001.02057613169,50001.51008064516,50175.565217391304,50001.001167951414,50001.141990458564,50001.1376463361,50001.0,50001.039525691696,50001.98867274071,50001.00123823675,50001.020161290326,50001.99430411094,50001.99714392152,50001.943171188024,50006.0,50001.67,50001.020161290326
org.joda.time.chrono.BasicYearDateTimeField.add(JI)J 50001.3905777337,50001.0,50001.09302325582,50001.09756097561,50000.0,50002.99058006941,50001.0,50064.221831672294,50000.177777777775,50157.87684478721,50005.10670601733,50006.007530120485,50291.64583258667,50001.97969291729,53998.0,50001.04651162791,50001.04878048781,50001.225,50098.48780487805,50001.000490316255,50001.14142135624,50001.14070070566,50002.0,50001.08888888889,50001.97989703358,50001.0004952947,50001.05,50001.989846458644,50001.994897324206,50001.97698643411,50003.0,50000.72,50001.00000350851
org.joda.time.format.DateTimeFormatterBuilder$Fraction.printTo(Ljava/lang/StringBuffer;Ljava/io/Writer;JLorg/joda/time/Chronology;)V 50001.93602777089,50001.0,50001.038022813686,50001.09689922481,53776.0,50005.93604362915,50002.0,50064.435006108615,50000.07462686567,50157.19513656771,50005.690415759826,50006.26315789474,50318.175030543076,50001.993065874194,54025.0,50001.01901140685,50001.01937984496,50001.50950570342,50288.42857142857,50001.00116387337,50001.13788185828,50001.13339866854,50001.0,50001.03731343283,50001.99308983218,50001.00123823675,50001.01901140685,50001.9965329371,50001.9982634582,50001.93987415521,50006.0,50001.52,50001.01901140685
org.joda.time.chrono.ZonedChronology$ZonedDurationField.getOffsetToAdd(J)I 50001.92908504835,50001.0,50001.03436426117,50001.08741258741,53748.0,50005.92910262766,50002.0,50062.25357132445,50000.06756756757,50154.92334499975,50005.11236361783,50001.0,50001.0,50001.8583457157,53753.0,50001.017182130585,50001.01748251748,50001.50859106529,50014.118881118884,50001.00115633672,50001.13108062627,50001.126347380756,50001.0,50001.03378378379,50001.86771507863,50001.00123823675,50001.017182130585,50001.929172857854,50001.96328626444,50001.93378096782,50006.0,50001.24,50001.017182130585
org.joda.time.chrono.BasicMonthOfYearDateTimeField.add(JI)J 50001.82965534342,50001.0,50001.117647058825,50001.0625,53347.0,50005.82969757065,50002.0,50064.4901567174,50000.22222222222,50164.41256803935,50006.13816675137,50006.416666666664,50318.450783587,50001.9965329371,54032.0,50001.05882352941,50001.0625,50001.50361271676,50576.857142857145,50001.00105820106,50001.12403473459,50001.123788511686,50002.0,50001.11111111111,50001.99653893696,50001.00123823675,50001.07692307692,50001.99826646855,50001.99913248234,50001.9853408258,50006.0,49999.98,50001.007225433525
org.joda.time.format.DateTimeFormatterBuilder$Fraction.printTo(Ljava/lang/StringBuffer;JLorg/joda/time/Chronology;ILorg/joda/time/DateTimeZone;Ljava/util/Locale;)V 50001.912472105134,50001.0,50001.0279329609,50001.07082152974,53681.0,50005.91249380268,50002.0,50061.7042008431,50000.055096418735,50156.80010470252,50005.334546600054,50001.0,50001.0,50001.82516097078,53686.0,50001.013966480445,50001.01416430595,50001.50698324022,50011.43909348442,50001.00113869278,50001.11817986481,50001.11288943181,50001.0,50001.027548209364,50001.83921657937,50001.00123823675,50001.013966480445,50001.91258048539,50001.95429237343,50001.919516643866,50006.0,50000.57,50001.013966480445
org.joda.time.field.PreciseDurationDateTimeField.remainder(J)J 50001.90503347384,50001.0,50001.02577319588,50001.065274151435,53651.0,50005.90505701537,50002.0,50064.37980750996,50000.05089058524,50157.68412604737,50005.582575694956,50006.192307692305,50317.89903754982,50001.98959881129,54018.0,50001.012886597935,50001.013054830284,50001.50644329897,50192.28571428572,50001.001130965844,50001.1135191523,50001.107994455866,50001.0,50001.025445292624,50001.9896526238,50001.00123823675,50001.012886597935,50001.99479940565,50001.99739292365,50001.913269927536,50006.0,50000.27,50001.012886597935
org.joda.time.field.ImpreciseDateTimeField$LinkedDurationField.add(JI)J 50001.565286387304,50001.0,50001.04137931034,50001.06338028169,50000.0,50003.965294992566,50001.0,50063.417946137306,50000.08108108108,50145.84397004066,50003.79859957232,50003.01388888889,50125.739729036104,50001.92966815255,53897.0,50001.020689655175,50001.02112676056,50001.31048951049,50028.43661971831,50001.00071770335,50001.1121936388,50001.11020081225,50002.5,50001.04054054054,50001.93205741627,50001.00074294205,50001.02097902098,50001.96483407627,50001.982102344344,50001.94530822721,50004.0,50000.7,50001.00000321378
org.joda.time.format.DateTimeFormatterBuilder$Composite.printTo(Ljava/lang/StringBuffer;JLorg/joda/time/Chronology;ILorg/joda/time/DateTimeZone;Ljava/util/Locale;)V 50001.89610711629,50001.0,50001.02358490566,50001.05966587112,53615.0,50005.8961328706,50002.0,50061.15812497078,50000.04662004662,50158.964137314215,50005.57737117129,50001.0,50001.0,50001.79247152055,53620.0,50001.01179245283,50001.011933174224,50001.505896226416,50009.63723150358,50001.00112183083,50001.10859306069,50001.102797377884,50001.0,50001.02331002331,50001.811981153245,50001.00123823675,50001.01179245283,50001.89623576028,50001.94527882983,50001.90588499551,50006.0,49999.91,50001.01179245283
org.joda.time.DateTimeFieldType$StandardDateTimeFieldType.getField(Lorg/joda/time/Chronology;)Lorg/joda/time/DateTimeField; 50001.89213984627,50001.0,50001.02272727273,50001.057471264365,53599.0,50005.89216658404,50002.0,50064.49803146555,50000.04494382023,50173.08316630796,50006.92210738112,50006.454545454544,50318.49015732775,50001.997028231795,54033.0,50001.01136363636,50001.011494252874,50001.505681818184,50673.0,50001.00111781802,50001.10660035818,50001.10068740139,50001.0,50001.02247191011,50001.99703264095,50001.00123823675,50001.01136363636,50001.9985141159,50001.99925650557,50001.902641002685,50006.0,50000.0,50001.01136363636
org.joda.time.format.DateTimeFormatterBuilder$CharacterLiteral.printTo(Ljava/lang/StringBuffer;JLorg/joda/time/Chronology;ILorg/joda/time/DateTimeZone;Ljava/util/Locale;)V 50001.89213984627,50001.0,50001.02272727273,50001.057471264365,53599.0,50005.89216658404,50002.0,50061.024994793836,50000.04494382023,50158.86846408907,50005.566908540204,50001.0,50001.0,50001.78454680535,53604.0,50001.01136363636,50001.011494252874,50001.505681818184,50009.28275862069,50001.00111781802,50001.10660035818,50001.10068740139,50001.0,50001.02247191011,50001.80549966465,50001.00123823675,50001.01136363636,50001.89227340267,50001.94307027876,50001.902641002685,50006.0,49999.75,50001.01136363636
org.joda.time.format.FormatUtils.appendPaddedInteger(Ljava/lang/StringBuffer;II)V 50001.89189189189,50001.0,50001.02267573696,50001.057339449544,53598.0,50005.89191869112,50002.0,50064.482280992415,50000.04484304933,50162.60855822696,50005.95951083802,50006.38461538462,50318.41140496208,50001.9960376424,54031.0,50001.011337868484,50001.01146788991,50001.50566893424,50504.75,50001.00111756817,50001.1064794275,50001.10055920132,50001.0,50001.02242152466,50001.99604547701,50001.00123823675,50001.011337868484,50001.9980188212,50001.999008428356,50001.90243902439,50006.0,49999.74,50001.011337868484
org.joda.time.format.DateTimeFormatterBuilder$PaddedNumber.printTo(Ljava/lang/StringBuffer;JLorg/joda/time/Chronology;ILorg/joda/time/DateTimeZone;Ljava/util/Locale;)V 50001.891148028764,50001.0,50001.02252252252,50001.0569476082,53595.0,50005.891175012395,50002.0,50060.99166608788,50000.044543429845,50158.964137314215,50005.57737117129,50001.0,50001.0,50001.78256562655,53600.0,50001.011261261265,50001.01138952164,50001.50563063063,50009.19817767654,50001.0011168193,50001.10611908999,50001.100177097054,50001.0,50001.02227171492,50001.80388653116,50001.00123823675,50001.011261261265,50001.891282813274,50001.94251669504,50001.901833631484,50006.0,49999.71,50001.011261261265
org.joda.time.format.DateTimeFormatter.print(Lorg/joda/time/ReadableInstant;)Ljava/lang/String; 50001.890404165635,50001.0,50001.022371364656,50001.05656108597,53592.0,50005.89043133366,50002.0,50060.96665740226,50000.04424778761,50159.03560651609,50005.58517132086,50001.0,50001.0,50001.781079742446,53597.0,50001.01118568233,50001.0113122172,50001.50559284116,50009.135746606335,50001.00111607143,50001.10576238616,50001.09979868806,50001.0,50001.0221238938,50001.80267857143,50001.00123823675,50001.01118568233,50001.89053987122,50001.94210112654,50001.90122905028,50006.0,49999.68,50001.01118568233
org.joda.time.format.DateTimeFormatter.printTo(Ljava/lang/StringBuffer;Lorg/joda/time/ReadableInstant;)V 50001.89015621126,50001.0,50001.02232142857,50001.05643340858,53591.0,50005.89018344075,50002.0,50060.958318855686,50000.04415011038,50159.05937565431,50005.58776254615,50001.0,50001.0,50001.78058444775,53596.0,50001.01116071428,50001.011286681714,50001.505580357145,50009.1151241535,50001.001115822364,50001.105644281844,50001.09967336226,50001.0,50001.02207505519,50001.802276277616,50001.00123823675,50001.01116071428,50001.89029222387,50001.94196253111,50001.90102770331,50006.0,49999.67,50001.01116071428
org.joda.time.format.DateTimeFormatter.printTo(Ljava/lang/StringBuffer;JLorg/joda/time/Chronology;)V 50001.888420530624,50001.0,50001.02197802198,50001.055555555555,53584.0,50005.88844819038,50002.0,50060.89991652749,50000.04347826087,50159.22501391006,50005.605779351594,50001.0,50001.0,50001.777117384845,53589.0,50001.01098901099,50001.01111111111,50001.505494505494,50008.973333333335,50001.001114082,50001.10482848367,50001.09880720102,50001.0,50001.02173913043,50001.79946524064,50001.00123823675,50001.01098901099,50001.88855869242,50001.9409913454,50001.89962078965,50006.0,49999.6,50001.01098901099
org.joda.time.chrono.AssembledChronology.hours()Lorg/joda/time/DurationField; 50001.87676667493,50001.0,50001.01992031872,50001.050301810865,53537.0,50005.8767972236,50002.0,50060.50630218725,50000.03944773175,50160.30530728407,50005.721598967466,50001.0,50001.0,50001.75383853393,53542.0,50001.00996015936,50001.010060362176,50001.504980079684,50008.12474849095,50001.00110253583,50001.09980059801,50001.093449108106,50001.0,50001.01972386588,50001.78081587652,50001.00123823675,50001.00996015936,50001.876919266964,50001.9344240665,50001.890286975715,50006.0,49999.13,50001.00996015936
org.joda.time.tz.CachedDateTimeZone.hashCode()I 50001.87354326804,50001.0,50001.01941747573,50001.049019607846,53524.0,50005.87357461577,50002.0,50060.39696961967,50000.03846153846,50160.59499005573,50005.75217629947,50001.0,50001.0,50001.74739970282,53529.0,50001.00970873787,50001.009803921566,50001.50485436893,50007.91764705882,50001.001099384346,50001.09853292782,50001.09209235909,50001.0,50001.019230769234,50001.77572559367,50001.00123823675,50001.00970873787,50001.873699851414,50001.93259318002,50001.887739379265,50006.0,49999.0,50001.00970873787
org.joda.time.DateTimeZone.hashCode()I 50001.8708157699,50001.0,50001.01901140685,50001.047984644916,53513.0,50005.870847793754,50002.0,50060.30430001273,50000.03766478343,50160.83723489549,50005.77759609229,50001.0,50001.0,50001.74195146112,53518.0,50001.00950570342,50001.00959692898,50001.50475285171,50007.75047984645,50001.00109673174,50001.097497197,50001.090981956695,50001.0,50001.01883239172,50001.771441105506,50001.00123823675,50001.00950570342,50001.87097573056,50001.93103904699,50001.88559508125,50006.0,49998.89,50001.00950570342
org.joda.time.chrono.AssembledChronology.secondOfDay()Lorg/joda/time/DateTimeField; 50001.86932804364,50001.0,50001.01879699248,50001.04743833017,53507.0,50005.86936043629,50002.0,50060.2536918681,50000.03724394786,50160.96829104096,50005.79129216042,50001.0,50001.0,50001.73897969292,53512.0,50001.009398496244,50001.00948766604,50001.50469924812,50007.662239089186,50001.00109529025,50001.09694584179,50001.090390134144,50001.0,50001.018621973926,50001.769112814894,50001.00123823675,50001.009398496244,50001.86948984646,50001.93018942906,50001.88442982456,50006.0,49998.83,50001.009398496244
org.joda.time.format.DateTimeFormatterBuilder$Composite.estimatePrintedLength()I 50001.869080089265,50001.0,50001.01876172608,50001.04734848485,53506.0,50005.86911254338,50002.0,50060.2452529744,50000.03717472119,50160.99006106061,50005.79356345386,50001.0,50001.0,50001.738484398214,53511.0,50001.00938086304,50001.00946969697,50001.50469043152,50007.64772727273,50001.00109505037,50001.096854855525,50001.09029242099,50001.0,50001.018587360595,50001.76872536137,50001.00123823675,50001.00938086304,50001.86924219911,50001.930047694754,50001.884235913174,50006.0,49998.82,50001.00938086304
org.joda.time.format.DateTimeFormatter.requirePrinter()Lorg/joda/time/format/DateTimePrinter; 50001.859409868586,50001.0,50001.01748251748,50001.044091710755,53467.0,50005.85944471988,50002.0,50064.49803146555,50000.03466204506,50161.82357227404,50005.898979485566,50006.454545454544,50318.49015732775,50001.997028231795,54033.0,50001.00874125874,50001.008818342154,50001.50437062937,50673.0,50001.001085776334,50001.093494699,50001.08667366397,50001.0,50001.01733102253,50001.99703264095,50001.00123823675,50001.00874125874,50001.9985141159,50001.99925650557,50001.876739130435,50006.0,50000.0,50001.00874125874
org.joda.time.DateTimeUtils.getInstantChronology(Lorg/joda/time/ReadableInstant;)Lorg/joda/time/Chronology; 50001.854698735435,50001.00412881916,50001.016920473776,50001.042662116044,53448.0,50005.85473475458,50002.0,50064.49803146555,50000.03355704698,50162.73022466308,50005.971761678586,50006.454545454544,50318.49015732775,50001.997028231795,54033.0,50001.00846023689,50001.008532423206,50001.504230118444,50673.0,50001.00108131488,50001.09197954602,50001.085035014956,50001.0,50001.01677852349,50001.99703264095,50001.00123823675,50001.00846023689,50001.9985141159,50001.99925650557,50001.87313271271,50006.0,50000.0,50001.00846023689
org.joda.time.tz.DateTimeZoneBuilder$OfYear.previous(JII)J 50001.851227374165,50001.0,50001.01652892562,50001.041666666664,53434.0,50005.85126425384,50002.0,50064.482280992415,50000.03278688525,50162.56786879008,50005.9554069778,50006.38461538462,50318.41140496208,50001.9960376424,54031.0,50001.00826446281,50001.00833333333,50001.50413223141,50504.75,50001.00107805088,50001.09090909091,50001.083874531156,50001.0,50001.016393442624,50001.99604547701,50001.00123823675,50001.00826446281,50001.9980188212,50001.999008428356,50001.87049428016,50006.0,49998.9,50001.00826446281
org.joda.time.tz.DateTimeZoneBuilder$DSTZone.previousTransition(J)J 50001.850483511036,50001.0,50001.01644736842,50001.041459369815,53431.0,50005.85052057511,50002.0,50059.60887304837,50000.032626427404,50162.56786879008,50005.9554069778,50001.0,50001.0,50001.70133729569,53436.0,50001.00822368421,50001.008291873964,50001.50411184211,50006.69651741294,50001.00107735402,50001.090684531264,50001.083630782734,50001.0,50001.0163132137,50001.74014221073,50001.00123823675,50001.00822368421,50001.85066864784,50001.919309514255,50001.86993097498,50006.0,49998.07,50001.00822368421
org.joda.time.tz.DateTimeZoneBuilder$OfYear.setDayOfMonthPrevious(Lorg/joda/time/Chronology;J)J 50001.850483511036,50001.0,50001.01644736842,50001.041459369815,53431.0,50005.85052057511,50002.0,50059.60887304837,50000.032626427404,50162.56786879008,50005.9554069778,50001.0,50001.0,50001.70133729569,53436.0,50001.00822368421,50001.008291873964,50001.50411184211,50006.69651741294,50001.00107735402,50001.090684531264,50001.083630782734,50001.0,50001.0163132137,50001.74014221073,50001.00123823675,50001.00822368421,50001.85066864784,50001.919309514255,50001.86993097498,50006.0,49998.07,50001.00822368421
org.joda.time.tz.DateTimeZoneBuilder$PrecalculatedZone.previousTransition(J)J 50001.850483511036,50001.0,50001.01644736842,50001.041459369815,53431.0,50005.85052057511,50002.0,50064.47440429023,50000.032626427404,50163.741171135,50006.07241172033,50006.357142857145,50318.37202145117,50001.9955423477,54030.0,50001.00822368421,50001.008291873964,50001.50411184211,50448.666666666664,50001.00107735402,50001.090684531264,50001.083630782734,50001.0,50001.0163132137,50001.99555226093,50001.00123823675,50001.00822368421,50001.99777117385,50001.99888434362,50001.86993097498,50006.0,49998.8,50001.00822368421
org.joda.time.tz.DateTimeZoneBuilder$Recurrence.previous(JII)J 50001.850483511036,50001.0,50001.01644736842,50001.041459369815,53431.0,50005.85052057511,50002.0,50059.60887304837,50000.032626427404,50162.56786879008,50005.9554069778,50001.0,50001.0,50001.70133729569,53436.0,50001.00822368421,50001.008291873964,50001.50411184211,50006.69651741294,50001.00107735402,50001.090684531264,50001.083630782734,50001.0,50001.0163132137,50001.74014221073,50001.00123823675,50001.00822368421,50001.85066864784,50001.919309514255,50001.86993097498,50006.0,49998.07,50001.00822368421
org.joda.time.tz.DateTimeZoneBuilder$OfYear.setDayOfWeek(Lorg/joda/time/Chronology;J)J 50001.84676419539,50001.0,50001.016051364364,50001.040453074434,53416.0,50005.846802181455,50002.0,50064.40346993659,50000.03184713376,50163.05177852556,50006.00399520894,50006.217391304344,50318.017349682945,50001.99108469539,54021.0,50001.00802568218,50001.00809061489,50001.50401284109,50224.333333333336,50001.00107388316,50001.08958617183,50001.08243700817,50001.0,50001.015923566876,50001.991124260356,50001.00123823675,50001.00802568218,50001.9955423477,50001.99776619508,50001.86712534939,50006.0,49998.97,50001.00802568218
org.joda.time.tz.DateTimeZoneBuilder$OfYear.setDayOfMonth(Lorg/joda/time/Chronology;J)J 50001.846516241014,50001.0,50001.01602564102,50001.04038772213,53415.0,50005.846554288546,50002.0,50064.39558344238,50000.031796502386,50163.071738646744,50006.00598923014,50006.208333333336,50317.97791721191,50001.990589400695,54020.0,50001.008012820515,50001.00807754443,50001.50400641026,50212.52631578947,50001.001073652566,50001.08951435926,50001.082358865344,50001.0,50001.01589825119,50001.99063347301,50001.00123823675,50001.008012820515,50001.99529470035,50001.99764180216,50001.86693895099,50006.0,49998.96,50001.008012820515
org.joda.time.tz.DateTimeZoneBuilder$Recurrence.getSaveMillis()I 50001.84428465163,50001.0,50001.01579778831,50001.039808917194,53406.0,50005.84432325236,50002.0,50059.39520528263,50000.03134796238,50163.071738646744,50006.00598923014,50001.0,50001.0,50001.688954928184,53411.0,50001.00789889415,50001.00796178344,50001.50394944708,50006.42993630573,50001.00107158165,50001.08887572309,50001.08166342571,50001.0,50001.015673981194,50001.73081868838,50001.00123823675,50001.00789889415,50001.84447746409,50001.915682062296,50001.8652649646,50006.0,49997.82,50001.00789889415
org.joda.time.DateTimeZone.getID()Ljava/lang/String; 50001.84279692537,50001.0,50001.01564945227,50001.03943217666,53400.0,50005.842835894895,50002.0,50059.34380858326,50000.03105590062,50163.191167098485,50006.01790360848,50001.0,50001.0,50001.68598315998,53405.0,50001.00782472613,50001.007886435335,50001.50391236307,50006.3690851735,50001.00107020548,50001.088457482074,50001.08120748197,50001.0,50001.01552795031,50001.72859589041,50001.00123823675,50001.00782472613,50001.84299157999,50001.91480784735,50001.864152560534,50006.0,49997.76,50001.00782472613
org.joda.time.DateTimeUtils.getInstantMillis(Lorg/joda/time/ReadableInstant;)J 50001.84180510786,50001.0,50001.01555209953,50001.03918495298,53396.0,50005.84184432325,50002.0,50064.047601064594,50000.03086419753,50163.81878627559,50006.080056673025,50006.07352941176,50316.238005322964,50001.96879643388,53976.0,50001.007776049766,50001.0078369906,50001.50388802488,50064.09523809524,50001.00106928999,50001.08818191292,50001.08090685022,50001.0,50001.015432098764,50001.969275786396,50001.00123823675,50001.007776049766,50001.98439821694,50001.99213777611,50001.86341254549,50006.0,49998.52,50001.007776049766
org.joda.time.field.BaseDateTimeField.add(JI)J 50001.83635011158,50001.0,50001.015037593985,50001.03787878788,53374.0,50005.83639067923,50002.0,50059.12056434688,50000.02985074627,50163.70227563179,50006.06857624559,50001.0,50001.0,50001.67310549777,53379.0,50001.00751879699,50001.007575757576,50001.503759398496,50006.11818181818,50001.001064282675,50001.086710996955,50001.079299096484,50001.0,50001.014925373136,50001.7190293742,50001.00123823675,50001.00751879699,50001.836552748886,50001.911003236244,50001.85936501172,50006.0,49997.5,50001.00751879699
org.joda.time.tz.CachedDateTimeZone.previousTransition(J)J 50001.83585420283,50001.0,50001.01499250375,50001.037764350454,53372.0,50005.835894893404,50002.0,50059.10335618533,50000.02976190476,50163.741171135,50006.07241172033,50001.0,50001.0,50001.67211490837,53377.0,50001.00749625188,50001.00755287009,50001.503748125935,50006.0996978852,50001.00106382979,50001.086580897856,50001.07915663986,50001.0,50001.01488095238,50001.71829787234,50001.00123823675,50001.00749625188,50001.83605745419,50001.910709468575,50001.85899893504,50006.0,49997.48,50001.00749625188
org.joda.time.chrono.GJDayOfWeekDateTimeField.get(J)I 50001.82395239276,50001.0,50001.01398601398,50001.035211267605,53324.0,50005.823996033716,50002.0,50058.68882040742,50000.02777777778,50164.65763566341,50006.1619594331,50001.0,50001.0,50001.64834076275,53329.0,50001.006993006995,50001.00704225352,50001.503496503494,50005.68732394366,50001.00105307498,50001.083624201,50001.07590721207,50001.0,50001.01388888889,50001.700926705984,50001.00123823675,50001.006993006995,50001.82417038138,50001.903611186535,50001.850305713684,50006.0,49997.0,50001.006993006995
org.joda.time.chrono.ZonedChronology.localToUTC(J)J 50001.823704438386,50001.0,50001.013966480445,50001.035161744025,53323.0,50005.8237481408,50002.0,50064.44288770225,50000.02773925104,50164.78866615245,50006.174635801486,50006.27777777778,50318.21443851124,50001.99356116889,54026.0,50001.00698324022,50001.0070323488,50001.50349162011,50310.61538461538,50001.00105285323,50001.08356578381,50001.07584277135,50001.0,50001.01386962552,50001.993581831644,50001.00123823675,50001.00698324022,50001.99678058445,50001.99838769688,50001.85012647555,50006.0,49998.4,50001.00698324022
org.joda.time.chrono.ZonedChronology.getDateTimeMillis(IIIIIII)J 50001.82196875775,50001.0,50001.01383125864,50001.0348189415,53316.0,50005.82201289043,50002.0,50058.61944116355,50000.02747252747,50164.80733248841,50006.176439124916,50001.0,50001.0,50001.64437840515,53321.0,50001.006915629325,50001.0069637883,50001.50345781466,50005.62395543176,50001.00105130362,50001.08316026288,50001.07539516724,50001.0,50001.01373626374,50001.69806560135,50001.00123823675,50001.006915629325,50001.822189202576,50001.90241913564,50001.84887392128,50006.0,49996.92,50001.006915629325
org.joda.time.chrono.BasicChronology.getDayOfWeek(J)I 50001.81924125961,50001.0,50001.0136239782,50001.03429355281,53305.0,50005.81928606842,50002.0,50064.30876716538,50000.02706359946,50165.10424484275,50006.20503932438,50006.142857142855,50317.54383582689,50001.98514115899,54009.0,50001.0068119891,50001.00685871056,50001.503405994554,50134.6,50001.001048877704,50001.0825347751,50001.074703832106,50001.0,50001.01353179973,50001.98525073746,50001.00123823675,50001.0068119891,50001.992570579496,50001.996271439224,50001.84691306174,50006.0,49998.85,50001.0068119891
org.joda.time.format.DateTimeFormatter.selectChronology(Lorg/joda/time/Chronology;)Lorg/joda/time/Chronology; 50001.814778080836,50001.0,50001.01329787234,50001.03346720214,53287.0,50005.814823996036,50002.0,50063.577951388645,50000.02642007926,50165.34311121189,50006.227934653136,50006.03937007874,50313.88975694324,50001.939574046555,53917.0,50001.00664893617,50001.00669344043,50001.50332446808,50033.098360655735,50001.001044932076,50001.08154100913,50001.073603039695,50001.0,50001.01321003963,50001.94134615385,50001.00123823675,50001.00664893617,50001.96978702328,50001.98466180538,50001.84372384937,50006.0,49997.93,50001.00664893617
org.joda.time.chrono.AssembledChronology.dayOfWeek()Lorg/joda/time/DateTimeField; 50001.79866104637,50001.00561167228,50001.012239902084,50001.03078817734,53222.0,50005.798710956864,50002.0,50057.79788728465,50000.02433090024,50166.50742417201,50006.33812829534,50001.0,50001.0,50001.59782070332,53227.0,50001.00611995104,50001.00615763547,50001.50305997552,50004.97290640394,50001.00103092784,50001.07823011594,50001.06991256326,50001.0,50001.01216545012,50001.66515463917,50001.00123823675,50001.00611995104,50001.79891035166,50001.88821585903,50001.832404540764,50006.0,49995.98,50001.00611995104
org.joda.time.field.PreciseDurationField.add(JI)J 50001.78973468882,50001.028901734106,50001.01172332942,50001.02948113208,53186.0,50005.7897868121,50002.0,50057.48008498577,50000.02331002331,50167.13225003158,50006.39633575282,50001.0,50001.0,50001.579990094106,53191.0,50001.005861664715,50001.005896226416,50001.50293083236,50004.76179245283,50001.00102333197,50001.07656150934,50001.06803793029,50001.0,50001.01165501166,50001.65288579615,50001.00123823675,50001.005861664715,50001.78999504705,50001.882678472604,50001.82626510961,50006.0,49995.62,50001.005861664715
org.joda.time.chrono.BasicChronology.getMonthOfYear(J)I 50001.783287875034,50001.0,50001.011376564275,50001.02860411899,53160.0,50005.78334159643,50002.0,50057.2494444417,50000.02262443439,50167.57530147265,50006.43723192426,50001.0,50001.0,50001.5671124319,53165.0,50001.00568828214,50001.0057208238,50001.50284414107,50004.620137299775,50001.00101791531,50001.075420700996,50001.06674999947,50001.0,50001.0113122172,50001.644136807816,50001.00123823675,50001.00568828214,50001.783556215945,50001.878644820885,50001.821887100064,50006.0,49995.36,50001.00568828214
org.joda.time.chrono.BasicGJChronology.getDaysInMonthMaxForSet(JI)I 50001.782544011905,50001.0,50001.011337868484,50001.02850627138,53157.0,50005.7825979177,50002.0,50057.22277118748,50000.02254791432,50167.62599626438,50006.44189174735,50001.0,50001.0,50001.565626547796,53162.0,50001.00566893424,50001.005701254275,50001.50283446712,50004.60433295325,50001.001017293995,50001.075292325244,50001.06660473364,50001.0,50001.011273957156,50001.64313326551,50001.00123823675,50001.00566893424,50001.7828132739,50001.87817752465,50001.82138492872,50006.0,49995.33,50001.00566893424
org.joda.time.chrono.BasicDayOfMonthDateTimeField.getMaximumValueForSet(JI)I 50001.78130424002,50001.0,50001.011273957156,50001.0283446712,53152.0,50005.78135845315,50002.0,50057.17828762075,50000.02242152466,50167.7102952843,50006.44963162148,50001.0,50001.0,50001.5631500743,53157.0,50001.00563697858,50001.00566893424,50001.50281848929,50004.578231292515,50001.00101626016,50001.07507981473,50001.06636411127,50001.0,50001.011210762335,50001.641463414635,50001.00123823675,50001.00563697858,50001.781575037145,50001.87739783153,50001.82054933876,50006.0,49995.28,50001.00563697858
org.joda.time.chrono.BasicChronology.getDayOfMonth(JI)I 50001.77684106125,50001.0,50001.011049723755,50001.02777777778,53134.0,50005.77689638076,50002.0,50057.017854296646,50000.02197802198,50168.01181047446,50006.47722557505,50001.0,50001.0,50001.55423476969,53139.0,50001.00552486188,50001.00555555556,50001.50276243094,50004.486666666664,50001.00101255569,50001.07432941462,50001.06551289617,50001.0,50001.01098901099,50001.635479951394,50001.00123823675,50001.00552486188,50001.777117384845,50001.8745819398,50001.81755524022,50006.0,49995.1,50001.00552486188
org.joda.time.chrono.BasicMonthOfYearDateTimeField.set(JI)J 50001.77684106125,50001.0,50001.011049723755,50001.02777777778,53134.0,50005.77689638076,50002.0,50064.387695966965,50000.02197802198,50168.04512530982,50006.48026594568,50006.2,50317.93847983481,50001.99009410599,54019.0,50001.00552486188,50001.00555555556,50001.50276243094,50201.9,50001.00101255569,50001.07432941462,50001.06551289617,50001.0,50001.01098901099,50001.99014292755,50001.00123823675,50001.00552486188,50001.995047052995,50001.99751737835,50001.81755524022,50006.0,49998.95,50001.00552486188
org.joda.time.field.PreciseDurationDateTimeField.set(JI)J 50001.7721299281,50001.0,50001.01082251082,50001.027203482045,53115.0,50005.77218641547,50002.0,50056.84800802177,50000.02152852529,50168.32682325691,50006.505907080806,50001.0,50001.0,50001.54482417038,53120.0,50001.00541125541,50001.00544069641,50001.5027056277,50004.393906420024,50001.001008674604,50001.07356123579,50001.06463893758,50001.0,50001.010764262646,50001.62921121646,50001.00123823675,50001.00541125541,50001.77241208519,50001.8715942434,50001.8144184168,50006.0,49994.91,50001.00541125541
org.joda.time.base.BaseDateTime.<init>(IIIIIIILorg/joda/time/Chronology;)V 50001.76766674932,50001.0,50001.01061571125,50001.02668089648,53097.0,50005.76772434308,50002.0,50056.686623169306,50000.021119324185,50168.62226620449,50006.53267166295,50001.0,50001.0,50001.53590886578,53102.0,50001.00530785562,50001.005336179296,50001.50265392781,50004.30949839915,50001.00100502512,50001.072855031576,50001.06383309702,50001.0,50001.01055966209,50001.62331658292,50001.00123823675,50001.00530785562,50001.767954432886,50001.86874912453,50001.81146881288,50006.0,49994.73,50001.00530785562
org.joda.time.chrono.BasicMonthOfYearDateTimeField.get(J)I 50001.76692288619,50001.0,50001.01058201058,50001.02659574468,53094.0,50005.76698066435,50002.0,50056.659680200304,50000.02105263158,50168.67122990797,50006.53709485502,50001.0,50001.0,50001.53442298168,53099.0,50001.00529100529,50001.005319148935,50001.502645502645,50004.29574468085,50001.00100441944,50001.072739296746,50001.06370080885,50001.0,50001.01052631579,50001.62233828847,50001.00123823675,50001.00529100529,50001.767211490835,50001.8682735426,50001.81097928816,50006.0,49994.7,50001.00529100529
org.joda.time.chrono.AssembledChronology.millisOfDay()Lorg/joda/time/DateTimeField; 50001.764691296805,50001.0,50001.010482180296,50001.026343519494,53085.0,50005.76474962816,50002.0,50056.57877292636,50000.02085505735,50168.81765407596,50006.55030121718,50001.0,50001.0,50001.52996532937,53090.0,50001.00524109015,50001.0052687039,50001.50262054507,50004.25500526871,50001.001002606776,50001.07239537379,50001.06330731412,50001.0,50001.01042752867,50001.61941046722,50001.00123823675,50001.00524109015,50001.76498266469,50001.86684439456,50001.809514251305,50006.0,49994.61,50001.00524109015
org.joda.time.chrono.AssembledChronology.getDateTimeMillis(IIIIIII)J 50001.75700471114,50001.0,50001.01015228427,50001.02551020408,53054.0,50005.757064947946,50002.0,50063.912637840105,50000.020202020205,50169.491962951855,50006.61071764371,50006.05882352941,50315.56318920052,50001.96037642397,53959.0,50001.00507614213,50001.005102040814,50001.502538071065,50050.475,50001.00099641291,50001.071247049986,50001.06198922091,50001.0,50001.0101010101,50001.96114618747,50001.00123823675,50001.00507614213,50001.98018821199,50001.9899949975,50001.804508278474,50006.0,49998.35,50001.00507614213
org.joda.time.chrono.BasicChronology.getDateTimeMillis(IIIIIII)J 50001.75055789735,50001.0,50001.00989119684,50001.02485089463,53028.0,50005.75061973227,50002.0,50063.86493458201,50000.01968503937,50169.72931352877,50006.631829458915,50006.054945054944,50315.324672910036,50001.95740465577,53953.0,50001.00494559842,50001.004970178925,50001.502472799206,50046.95348837209,50001.000991276764,50001.070324948756,50001.06092583975,50001.0,50001.009842519685,50001.958292919495,50001.00123823675,50001.00494559842,50001.978702327884,50001.98923654568,50001.80035721373,50006.0,49998.29,50001.00494559842
org.joda.time.field.PreciseDateTimeField.set(JI)J 50001.74807835358,50001.00412881916,50001.009794319296,50001.024606299216,53018.0,50005.748140803174,50002.0,50055.97272050754,50000.01949317739,50169.88656537548,50006.645773188946,50001.0,50001.0,50001.49678058445,53023.0,50001.00489715965,50001.004921259846,50001.50244857982,50003.97440944882,50001.00098931539,50001.069979708824,50001.060526515896,50001.0,50001.009746588694,50001.59794222398,50001.00123823675,50001.00489715965,50001.748390292225,50001.856090651556,50001.79877203407,50006.0,49993.94,50001.00489715965
org.joda.time.chrono.AssembledChronology.secondOfMinute()Lorg/joda/time/DateTimeField; 50001.703694520205,50001.0,50001.00833333333,50001.020920502095,52839.0,50005.703767972234,50002.0,50054.319789947076,50000.016597510374,50172.58058250935,50006.87952141206,50001.0,50001.0,50001.40812283308,52844.0,50001.004166666666,50001.00418410042,50001.50208333333,50003.37907949791,50001.00095547487,50001.06454972244,50001.05414850414,50001.0,50001.00829875519,50001.543283011655,50001.00123823675,50001.004166666666,50001.704061416545,50001.826333381774,50001.77142310635,50006.0,49992.15,50001.004166666666
org.joda.time.base.BaseDateTime.getChronology()Lorg/joda/time/Chronology; 50001.70195883957,50001.0,50001.00828500414,50001.020798668884,52832.0,50005.70203272186,50002.0,50054.25410782278,50000.01650165016,50172.681682121176,50006.88811274066,50001.0,50001.0,50001.40465577018,52837.0,50001.00414250207,50001.00415973378,50001.50207125104,50003.359400998335,50001.00095419848,50001.06436227211,50001.0539246321,50001.0,50001.008250825085,50001.54122137405,50001.00123823675,50001.00414250207,50001.70232788509,50001.82513820192,50001.77039159503,50006.0,49992.08,50001.00414250207
org.joda.time.chrono.BasicGJChronology.getDaysInYearMonth(II)I 50001.69799156955,50001.0,50001.00817661488,50001.02052545156,52816.0,50005.6980664353,50002.0,50058.41080037763,50000.016286644954,50175.694697837294,50007.1386388852,50006.00669344043,50288.054001888144,50001.63249133234,53297.0,50001.00408830744,50001.00410509031,50001.50204415372,50005.44204851752,50001.00095129376,50001.06393987364,50001.05341913634,50001.0,50001.00814332248,50001.68953974896,50001.00123823675,50001.00408830744,50001.816245666174,50001.89882737933,50001.76804418206,50006.0,49991.92,50001.00408830744
org.joda.time.chrono.AssembledChronology.minuteOfHour()Lorg/joda/time/DateTimeField; 50001.692784527644,50001.0,50001.00803858521,50001.020177562554,52795.0,50005.69286068418,50002.0,50053.90557626564,50000.01601281025,50173.21124228805,50006.93291090558,50001.0,50001.0,50001.38632986627,52800.0,50001.0040192926,50001.00403551251,50001.502009646305,50003.259079903146,50001.00094750805,50001.063397891165,50001.052768397065,50001.0,50001.00800640512,50001.53041500853,50001.00123823675,50001.0040192926,50001.69316493314,50001.81878016674,50001.764984825495,50006.0,49991.71,50001.0040192926
org.joda.time.chrono.BasicChronology.getMaxMonth(I)I 50001.69080089263,50001.0,50001.007987220444,50001.020048115475,52787.0,50005.6908775409,50002.0,50053.82991576749,50000.01591089897,50173.32469764048,50006.942464738306,50001.0,50001.0,50001.38236750867,52792.0,50001.003993610226,50001.004009623095,50001.50199680511,50003.23817161187,50001.00094607379,50001.0631950174,50001.05252418022,50001.0,50001.00795544948,50001.528098391675,50001.00123823675,50001.003993610226,50001.69118375433,50001.81739639772,50001.763825757575,50006.0,49991.63,50001.003993610226
org.joda.time.chrono.BasicChronology.getDateMidnightMillis(III)J 50001.69055293826,50001.0,50001.00798084597,50001.02003205128,52786.0,50005.690629647994,50002.0,50053.82045058498,50000.01589825119,50173.33885393977,50006.9436557324,50001.0,50001.0,50001.38187221397,52791.0,50001.003990422985,50001.00400641026,50001.50199521149,50003.23557692308,50001.00094589482,50001.06316979488,50001.052493793126,50001.0,50001.0079491256,50001.527809307605,50001.00123823675,50001.003990422985,50001.690936106985,50001.817223198595,50001.763681121,50006.0,49991.62,50001.003990422985
org.joda.time.chrono.AssembledChronology.hourOfDay()Lorg/joda/time/DateTimeField; 50001.68261839821,50001.0,50001.007782101166,50001.01953125,52754.0,50005.682697074866,50002.0,50053.516664022005,50000.01550387597,50173.78889811446,50006.98139512489,50001.0,50001.0,50001.36602278356,52759.0,50001.00389105058,50001.00390625,50001.50194552529,50003.1546875,50001.000940203085,50001.06237828616,50001.051537391446,50001.0,50001.007751937985,50001.51861602106,50001.00123823675,50001.00389105058,50001.683011391775,50001.81165391407,50001.75908149821,50006.0,49991.3,50001.00389105058
org.joda.time.field.PreciseDateTimeField.getMaximumValue()I 50001.67716340193,50001.00412881916,50001.00765110941,50001.019201228875,52732.0,50005.67724343084,50002.0,50053.306787322486,50000.01524390244,50174.095047579794,50007.006932420576,50001.0,50001.0,50001.35512630015,52737.0,50001.003825554704,50001.00384024577,50001.501912777356,50003.10138248848,50001.00093632959,50001.06185106875,50001.05089720659,50001.0,50001.00762195122,50001.512359550565,50001.00123823675,50001.003825554704,50001.67756315007,50001.807794508415,50001.75595126523,50006.0,49991.08,50001.003825554704
org.joda.time.chrono.BasicChronology.getDayOfMonth(J)I 50001.6754277213,50001.0,50001.007610350076,50001.01909854851,52725.0,50005.675508180466,50002.0,50053.23983154644,50000.015163002274,50174.19191550471,50007.01499002744,50001.0,50001.0,50001.35165923725,52730.0,50001.00380517504,50001.0038197097,50001.50190258752,50003.084797555384,50001.000935103795,50001.06168610085,50001.05069635791,50001.0,50001.00758150114,50001.51037965214,50001.00123823675,50001.00380517504,50001.67582961862,50001.80656125314,50001.75496068888,50006.0,49991.01,50001.00380517504
org.joda.time.chrono.BasicGJChronology.getTotalMillisByYearMonth(II)J 50001.66947681626,50001.0,50001.00747384156,50001.018754688674,52701.0,50005.66955875062,50002.0,50058.61944116355,50000.01489203276,50176.806139957,50007.22850941097,50006.006915629325,50289.09720581776,50001.64437840515,53321.0,50001.00373692078,50001.003750937736,50001.501868460386,50005.62395543176,50001.00093092534,50001.06113035888,50001.05001781507,50001.0,50001.00744601638,50001.69806560135,50001.00123823675,50001.00373692078,50001.822189202576,50001.90241913564,50001.751584047706,50006.0,49991.97,50001.00373692078
org.joda.time.chrono.BasicDayOfMonthDateTimeField.get(J)I 50001.66575750062,50001.0,50001.007390983,50001.01854599406,52686.0,50005.66584035697,50002.0,50052.86520991956,50000.0147275405,50174.72692997583,50007.05930024849,50001.0,50001.0,50001.33234274393,52691.0,50001.0036954915,50001.00370919881,50001.50184774575,50002.99554896142,50001.000928332716,50001.060790554366,50001.04960142321,50001.0,50001.00736377025,50001.49944300037,50001.00123823675,50001.0036954915,50001.666171371966,50001.79964328181,50001.74948894257,50006.0,49990.62,50001.0036954915
org.joda.time.tz.CachedDateTimeZone.getOffset(J)I 50001.664517728736,50001.0,50001.00736377025,50001.0184774575,52681.0,50005.664600892414,50002.0,50052.816985632126,50000.014673514306,50174.79495878996,50007.064911237234,50001.0,50001.0,50001.32986627043,52686.0,50001.00368188512,50001.0036954915,50001.50184094256,50002.9844789357,50001.00092747171,50001.060678539245,50001.04946390544,50001.0,50001.00733675715,50001.498052309405,50001.00123823675,50001.00368188512,50001.66493313522,50001.798750557784,50001.74879316747,50006.0,49990.57,50001.00368188512
org.joda.time.field.PreciseDateTimeField.get(J)I 50001.66426977436,50001.0,50001.00735835173,50001.01846381093,52680.0,50005.664352999505,50002.0,50063.16108107168,50000.0146627566,50176.24791906307,50007.18353528239,50006.0279329609,50311.8054053584,50001.91381872214,53865.0,50001.00367917586,50001.003692762184,50001.50183958793,50023.206896551725,50001.000927299705,50001.06065621044,50001.04943647764,50001.0,50001.0073313783,50001.91737891738,50001.00123823675,50001.00367917586,50001.95690936107,50001.97798025816,50001.74865416744,50006.0,49997.41,50001.00367917586
org.joda.time.tz.CachedDateTimeZone.getInfo(J)Lorg/joda/time/tz/CachedDateTimeZone$Info; 50001.66327795685,50001.0,50001.00733675715,50001.018409425626,52676.0,50005.66336142786,50002.0,50063.1047502209,50000.01461988304,50174.862862019836,50007.070506695934,50006.02688172043,50311.52375110448,50001.91035165924,53858.0,50001.00366837858,50001.00368188512,50001.50183418929,50022.3093922652,50001.00092661231,50001.06056714107,50001.04932701742,50001.0,50001.007309941524,50001.91419767717,50001.00123823675,50001.00366837858,50001.95517582962,50001.97707409753,50001.74809868299,50006.0,49997.34,50001.00366837858
org.joda.time.chrono.BasicChronology.getDayOfMonth(JII)I 50001.66079841309,50001.0,50001.007283321196,50001.0182748538,52666.0,50005.66088249876,50002.0,50052.67204273106,50000.0145137881,50174.998294492274,50007.081651421926,50001.0,50001.0,50001.32243684993,52671.0,50001.003641660594,50001.00365497076,50001.5018208303,50002.95175438596,50001.00092489826,50001.06034617301,50001.049055107214,50001.0,50001.00725689405,50001.493895671476,50001.00123823675,50001.003641660594,50001.66121842496,50001.79606440072,50001.74671357156,50006.0,49990.42,50001.003641660594
org.joda.time.chrono.BasicGJChronology.getMonthOfYear(JI)I 50001.655591371185,50001.0,50001.007173601145,50001.01799856011,52645.0,50005.65567674764,50002.0,50052.468436929834,50000.01429592566,50175.28110078163,50007.10485792686,50001.0,50001.0,50001.31203566122,52650.0,50001.00358680057,50001.00359971202,50001.50179340029,50002.907127429804,50001.000921319326,50001.05988990377,50001.048492014874,50001.0,50001.00714796283,50001.48811498065,50001.00123823675,50001.00358680057,50001.65601783061,50001.792283535215,50001.743821468095,50006.0,49990.21,50001.00358680057
org.joda.time.chrono.BasicChronology.getYearMonthDayMillis(III)J 50001.6533597818,50001.0,50001.00712758375,50001.01788268956,52636.0,50005.653445711454,50002.0,50052.38093031466,50000.014204545456,50175.40164866614,50007.114723067454,50001.0,50001.0,50001.30757800891,52641.0,50001.00356379188,50001.003576537914,50001.50178189594,50002.888412017164,50001.000919793965,50001.059697503086,50001.048253893954,50001.0,50001.00710227273,50001.48565121413,50001.00123823675,50001.00356379188,50001.65378900446,50001.79065588499,50001.74258884184,50006.0,49990.12,50001.00356379188
org.joda.time.base.AbstractDateTime.<init>()V 50001.65187205554,50001.0,50001.00709723208,50001.01780626781,52630.0,50005.65195835399,50002.0,50052.32250968143,50000.01414427157,50175.48179846485,50007.12127339615,50001.0,50001.0,50001.304606240716,52635.0,50001.00354861604,50001.003561253565,50001.50177430802,50002.87606837607,50001.00091877986,50001.05957026137,50001.04809619145,50001.0,50001.007072135784,50001.48401323043,50001.00123823675,50001.00354861604,50001.652303120354,50001.789568345324,50001.7417693581,50006.0,49990.06,50001.00354861604
org.joda.time.chrono.BasicYearDateTimeField.get(J)I 50001.65112819241,50001.0,50001.00708215297,50001.01776830135,52627.0,50005.65121467526,50002.0,50052.29327441293,50000.01411432604,50175.52180914148,50007.12454069029,50001.0,50001.0,50001.30312035661,52632.0,50001.00354107649,50001.00355366027,50001.50177053824,50002.86993603411,50001.00091827365,50001.05950694487,50001.04801765022,50001.0,50001.00705716302,50001.483195592285,50001.00123823675,50001.00354107649,50001.6515601783,50001.78902384166,50001.741360294116,50006.0,49990.03,50001.00354107649
org.joda.time.base.BaseDateTime.getMillis()J 50001.6407141086,50001.0,50001.00687757909,50001.01725327812,52585.0,50005.64080317303,50002.0,50051.882216932834,50000.01370801919,50176.07754309581,50007.16974331892,50001.0,50001.0,50001.282317979196,52590.0,50001.00343878954,50001.003450655626,50001.50171939477,50002.7867494824,50001.00091124476,50001.05864119325,50001.046939119915,50001.0,50001.006854009596,50001.47184253691,50001.00123823675,50001.00343878954,50001.6411589896,50001.78134902671,50001.73568040861,50006.0,49989.61,50001.00343878954
org.joda.time.chrono.GregorianChronology.getApproxMillisAtEpochDividedByTwo()J 50001.638482519214,50001.0,50001.00683527,50001.01714677641,52576.0,50005.638572136835,50002.0,50051.7937003968,50000.0136239782,50176.19557665853,50007.17930143172,50001.0,50001.0,50001.277860326896,52581.0,50001.003417634995,50001.00342935528,50001.5017088175,50002.7695473251,50001.00090975255,50001.05846054222,50001.0467129554,50001.0,50001.0068119891,50001.469432314414,50001.00123823675,50001.003417634995,50001.63893016345,50001.779691749776,50001.73447459479,50006.0,49989.52,50001.003417634995
org.joda.time.chrono.GregorianChronology.getAverageMillisPerYearDividedByTwo()J 50001.638482519214,50001.0,50001.00683527,50001.01714677641,52576.0,50005.638572136835,50002.0,50051.7937003968,50000.0136239782,50176.19557665853,50007.17930143172,50001.0,50001.0,50001.277860326896,52581.0,50001.003417634995,50001.00342935528,50001.5017088175,50002.7695473251,50001.00090975255,50001.05846054222,50001.0467129554,50001.0,50001.0068119891,50001.469432314414,50001.00123823675,50001.003417634995,50001.63893016345,50001.779691749776,50001.73447459479,50006.0,49989.52,50001.003417634995
org.joda.time.base.AbstractInstant.<init>()V 50001.63030002479,50001.0,50001.00668449198,50001.01676727029,52543.0,50005.6303916708,50002.0,50051.467811523784,50000.01332445037,50176.62527962708,50007.21397370067,50001.0,50001.0,50001.261515601786,52548.0,50001.00334224599,50001.003353454056,50001.501671123,50002.70824949698,50001.00090432266,50001.057812161256,50001.045897905504,50001.0,50001.00666222518,50001.460661964185,50001.00123823675,50001.00334224599,50001.63075780089,50001.773576309795,50001.730086893556,50006.0,49989.19,50001.00334224599
org.joda.time.chrono.BasicChronology.getYear(J)I 50001.62509298289,50001.0,50001.00659195781,50001.016534391536,52522.0,50005.625185919685,50002.0,50064.387695966965,50000.01314060447,50176.90911115201,50007.236770051684,50006.2,50317.93847983481,50001.99009410599,54019.0,50001.0032959789,50001.00330687831,50001.501647989455,50201.9,50001.0009009009,50001.05741061666,50001.045390453684,50001.0,50001.006570302234,50001.99014292755,50001.00123823675,50001.0032959789,50001.995047052995,50001.99751737835,50001.72732191163,50006.0,49998.95,50001.0032959789
org.joda.time.chrono.ISOChronology.withUTC()Lorg/joda/time/Chronology; 50001.61120753781,50001.0,50001.00635727908,50001.01594387755,52466.0,50005.61130391671,50002.0,50050.69909455915,50000.01267427123,50177.60979022091,50007.292692567295,50001.0,50001.0,50001.22337790985,52471.0,50001.00317863954,50001.00318877551,50001.50158931977,50002.57525510204,50001.00089190153,50001.056379424816,50001.04407730083,50001.0,50001.006337135615,50001.44059935783,50001.00123823675,50001.00317863954,50001.61168895493,50001.75906576521,50001.720049991076,50006.0,49988.42,50001.00317863954
org.joda.time.chrono.GregorianChronology.isLeapYear(I)Z 50001.60376890652,50001.0,50001.00623830318,50001.01564455569,52436.0,50005.6038671294,50002.0,50050.39635614091,50000.01243781095,50177.98680265707,50007.32257796967,50001.0,50001.0,50001.208519068845,52441.0,50001.00311915159,50001.003128911136,50001.501559575794,50002.526908635795,50001.00088715401,50001.05584936518,50001.04339639092,50001.0,50001.00621890547,50001.43293115685,50001.00123823675,50001.00311915159,50001.604259534426,50001.75331892559,50001.71621381638,50006.0,49988.12,50001.00311915159
org.joda.time.chrono.BasicChronology.getYearInfo(I)Lorg/joda/time/chrono/BasicChronology$YearInfo; 50001.59880981899,50001.0,50001.006161429454,50001.01545117429,52416.0,50005.5989092712,50002.0,50063.79331174576,50000.012285012286,50178.2361811967,50007.34226857853,50006.05,50314.96655872879,50001.95294700347,53944.0,50001.00308071473,50001.00309023486,50001.50154035736,50042.505263157895,50001.000884016976,50001.05550418656,50001.04295069531,50001.0,50001.00614250614,50001.95402855069,50001.00123823675,50001.00308071473,50001.97647350173,50001.988096729736,50001.71367899487,50006.0,49998.2,50001.00308071473
org.joda.time.chrono.BasicChronology.getYearMillis(I)J 50001.59880981899,50001.0,50001.006161429454,50001.01545117429,52416.0,50005.5989092712,50002.0,50050.193495504995,50000.012285012286,50178.2361811967,50007.34226857853,50001.0,50001.0,50001.19861317484,52421.0,50001.00308071473,50001.00309023486,50001.50154035736,50002.4956736712,50001.000884016976,50001.05550418656,50001.04295069531,50001.0,50001.00614250614,50001.427864214995,50001.00123823675,50001.00308071473,50001.59930658742,50001.749458036546,50001.71367899487,50006.0,49987.92,50001.00308071473
org.joda.time.chrono.AssembledChronology.year()Lorg/joda/time/DateTimeField; 50001.59459459459,50001.0,50001.006097560974,50001.01529051988,52399.0,50005.59469509172,50002.0,50050.02040391511,50000.01215805471,50178.44694371277,50007.358862574256,50001.0,50001.0,50001.19019316493,52404.0,50001.00304878049,50001.003058103975,50001.501524390245,50002.46972477064,50001.00088136788,50001.05521576304,50001.042576852844,50001.0,50001.00607902736,50001.42358540455,50001.00123823675,50001.00304878049,50001.59509658247,50001.74615742897,50001.71153846154,50006.0,49987.75,50001.00304878049
org.joda.time.chrono.AssembledChronology.getBase()Lorg/joda/time/Chronology; 50001.586164145796,50001.0,50001.00597371565,50001.01497902936,52365.0,50005.586266732775,50002.0,50049.67237409455,50000.01191185229,50178.86520690609,50007.391666170224,50001.0,50001.0,50001.173353145125,52370.0,50001.00298685783,50001.00299580587,50001.501493428914,50002.41941282205,50001.00087611705,50001.05465215298,50001.04184243021,50001.0,50001.00595592615,50001.41510425793,50001.00123823675,50001.00298685783,50001.58667657256,50001.739503667864,50001.70729568572,50006.0,49987.41,50001.00298685783
org.joda.time.chrono.AssembledChronology.monthOfYear()Lorg/joda/time/DateTimeField; 50001.582196875774,50001.0,50001.00591715976,50001.01483679525,52349.0,50005.58230044621,50002.0,50049.50773134254,50000.01179941003,50179.060561978,50007.40692995931,50001.0,50001.0,50001.165428429915,52354.0,50001.002958579884,50001.00296735905,50001.50147928994,50002.39643916914,50001.000873667654,50001.05439282932,50001.041502722364,50001.0,50001.005899705015,50001.4111479993,50001.00123823675,50001.002958579884,50001.58271421496,50001.73634798936,50001.70531654425,50006.0,49987.25,50001.002958579884
org.joda.time.chrono.AssembledChronology.dayOfMonth()Lorg/joda/time/DateTimeField; 50001.58120505827,50001.00561167228,50001.005903187724,50001.01480165779,52345.0,50005.58130887456,50002.0,50049.46648326421,50000.01177163037,50179.10925565053,50007.41072891145,50001.0,50001.0,50001.163447251114,52350.0,50001.00295159386,50001.002960331556,50001.50147579693,50002.39076376554,50001.00087305745,50001.054328573155,50001.04141836889,50001.0,50001.00588581518,50001.41016238868,50001.00123823675,50001.00295159386,50001.58172362556,50001.73555659934,50001.70482348829,50006.0,49987.21,50001.00295159386
org.joda.time.chrono.ZonedChronology.getZone()Lorg/joda/time/DateTimeZone; 50001.43962310935,50001.0,50001.00441501104,50001.011061946905,51774.0,50005.439762022805,50002.0,50043.166337284616,50000.00881057269,50185.551267770476,50007.89488631494,50001.0,50001.0,50000.88063397722,51779.0,50001.00220750552,50001.00221238938,50001.50110375276,50001.78672566372,50001.00079390283,50001.046984098575,50001.03115237455,50001.0,50001.004405286345,50001.28231184503,50001.00123823675,50001.00220750552,50001.440316988606,50001.61141678129,50001.640870808835,50006.0,49981.5,50001.00220750552
org.joda.time.chrono.AssembledChronology.getZone()Lorg/joda/time/DateTimeZone; 50001.376642697745,50001.0,50001.0039698293,50001.00994431185,51520.0,50005.3767972236,50002.0,50040.03844259189,50000.00792393027,50188.15161502134,50008.08094658551,50001.0,50001.0,50000.754829123325,51525.0,50001.00198491465,50001.00198886237,50001.500992457324,50001.606205250595,50001.00076312576,50001.044552380954,50001.02734234094,50001.0,50001.003961965136,50001.2326007326,50001.00123823675,50001.00198491465,50001.37741456166,50001.548004314995,50001.6160073316,50006.0,49978.96,50001.00198491465
org.joda.time.DateTimeUtils.setCurrentMillisFixed(J)V 50001.29134639227,50001.0,50001.00349283968,50001.00874737579,51176.0,50005.29152206247,50002.0,50035.35112807464,50000.0069735007,50191.472076092956,50008.31165272825,50001.0,50001.0,50000.58444774641,51181.0,50001.00174641984,50001.00174947516,50001.50087320992,50001.41287613716,50001.000725058,50001.04179018831,50001.0225568863,50001.0,50001.00348675035,50001.171113689095,50001.00123823675,50001.00174641984,50001.292223873206,50001.45228056727,50001.585256131184,50006.0,49975.52,50001.00174641984
org.joda.time.DateTimeUtils.checkPermission()V 50001.29060252914,50001.0,50001.00348918353,50001.008738203425,51173.0,50005.290778383736,50002.0,50035.30743359682,50000.00696621386,50191.500126955725,50008.313570706654,50001.0,50001.0,50000.58296186231,51178.0,50001.00174459176,50001.00174764069,50001.50087229588,50001.411394617266,50001.00072474271,50001.04176831054,50001.0225162781,50001.0,50001.00348310693,50001.17060443543,50001.00123823675,50001.00174459176,50001.291480931155,50001.451390220514,50001.585001450534,50006.0,49975.49,50001.00174459176
org.joda.time.DateTimeUtils.setCurrentMillisSystem()V 50001.29060252914,50001.0,50001.00348918353,50001.008738203425,51173.0,50005.290778383736,50002.0,50035.30743359682,50000.00696621386,50191.500126955725,50008.313570706654,50001.0,50001.0,50000.58296186231,51178.0,50001.00174459176,50001.00174764069,50001.50087229588,50001.411394617266,50001.00072474271,50001.04176831054,50001.0225162781,50001.0,50001.00348310693,50001.17060443543,50001.00123823675,50001.00174459176,50001.291480931155,50001.451390220514,50001.585001450534,50006.0,49975.49,50001.00174459176
org.joda.time.DateTimeZone.setDefault(Lorg/joda/time/DateTimeZone;)V 50001.24919414827,50001.0,50001.00329706561,50001.00825627477,51006.0,50005.24938026773,50002.0,50064.49803146555,50000.006583278475,50193.03907644325,50008.418036530566,50006.454545454544,50318.49015732775,50001.997028231795,54033.0,50001.00164853281,50001.001651254956,50001.500824266404,50673.0,50001.00070761392,50001.040602128094,50001.020268318345,50001.0,50001.00329163924,50001.99703264095,50001.00123823675,50001.00164853281,50001.9985141159,50001.99925650557,50001.57116555729,50006.0,50000.0,50001.00164853281
org.joda.time.DateTimeZone.getDefault()Lorg/joda/time/DateTimeZone; 50001.17654351599,50001.0,50001.003006614555,50001.00752785306,50713.0,50005.17674764502,50002.0,50027.77685567799,50000.00600420294,50195.63992861135,50008.59131860331,50001.0,50001.0,50000.35512630015,50718.0,50001.00150330728,50001.00150557061,50001.500751653635,50001.215898825656,50001.00067944014,50001.038772506705,50001.016291075844,50001.0,50001.00300210147,50001.09743171627,50001.00123823675,50001.00150330728,50001.17756315007,50001.301577287064,50001.5484090291,50006.0,49970.89,50001.00150330728
org.joda.time.format.ISODateTimeFormat$Constants.access$1500()Lorg/joda/time/format/DateTimeFormatter; 50001.91693528391,50001.0,50001.029411764706,50001.07462686567,53699.0,50005.916955875065,50002.0,50061.85228015448,50000.057971014496,50156.31481569218,50005.27820116611,50001.0,50001.0,50001.83407627539,53704.0,50001.01470588235,50001.014925373136,50001.507352941175,50012.05373134329,50001.00114337983,50001.121267812516,50001.1161221013,50001.0,50001.02898550725,50001.84678710267,50001.00123823675,50001.01470588235,50001.91703813769,50001.956723937474,50001.92330586081,50006.0,50000.75,50001.01470588235
org.joda.time.MutableDateTime.<init>(IIIIIIILorg/joda/time/DateTimeZone;)V 5013.985618646169,5013.0,5013.158730158731,5013.431034482759,8988.0,5017.985622211205,5014.0,5076.08724118235,5012.294117647059,5157.6275835803235,5015.759669021072,5013.0,5013.0,5013.97127290738,8993.0,5013.079365079365,5013.086206896552,5013.539682539683,5081.620689655172,5013.001220703125,5013.28171808491,5013.279685005098,5013.0,5013.14705882353,5013.9716796875,5013.001238236751,5013.079365079365,5013.98563645369,5013.992766275879,5013.985822537277,5018.0,5015.52,5013.079365079365
org.joda.time.format.ISODateTimeFormat.dateTime()Lorg/joda/time/format/DateTimeFormatter; 5013.916935283908,5013.0,5013.029411764706,5013.074626865671,8711.0,5017.916955875062,5014.0,5073.852280154486,5012.057971014493,5168.3148156921825,5017.278201166112,5013.0,5013.0,5013.834076275384,8716.0,5013.014705882353,5013.014925373134,5013.507352941177,5024.053731343283,5013.001143379831,5013.121267812518,5013.116122101301,5013.0,5013.028985507246,5013.846787102675,5013.001238236751,5013.014705882353,5013.917038137692,5013.9567239374755,5013.923305860806,5018.0,5012.75,5013.014705882353
org.joda.time.base.BaseDateTime.<init>(IIIIIIILorg/joda/time/DateTimeZone;)V 5013.915199603273,5013.0,5013.028818443804,5013.0730994152045,8704.0,5017.91522062469,5014.0,5073.794736614283,5012.056818181818,5168.505052483366,5017.300376961257,5013.0,5013.0,5013.830609212481,8709.0,5013.014409221902,5013.014619883041,5013.507204610951,5023.80701754386,5013.001141552511,5013.120038418442,5013.114836031664,5013.0,5013.028409090909,5013.843835616439,5013.001238236751,5013.014409221902,5013.915304606241,5013.955779674166,5013.921828571429,5018.0,5012.68,5013.014409221902
org.joda.time.field.MillisDurationField.add(JI)J 5013.81428217208,5013.0,5013.013262599469,5013.033377837116,8297.0,5017.814328210213,5014.0,5070.349803835758,5012.026350461133,5177.379674841268,5018.231430432186,5013.0,5013.0,5013.62902426944,8302.0,5013.006631299735,5013.006675567423,5013.503315649868,5017.391188251001,5013.001044495509,5013.081432792748,5013.073482985457,5013.0,5013.013175230567,5013.687069145602,5013.001238236751,5013.006631299735,5013.81451213472,5013.89777535144,5013.843370974488,5018.0,5008.61,5013.006631299735
org.joda.time.field.PreciseDurationDateTimeField.getDurationField()Lorg/joda/time/DurationField; 5013.7718819737165,5013.0,5013.010810810811,5013.027173913043,8126.0,5017.771938522558,5014.0,5068.839054433255,5012.021505376344,5180.343312250666,5018.5074042684555,5013.0,5013.0,5013.5443288756815,8131.0,5013.005405405405,5013.005434782609,5013.502702702703,5016.389130434783,5013.001008471158,5013.073521462209,5013.064593614182,5013.0,5013.010752688172,5013.628882613957,5013.001238236751,5013.005405405405,5013.772164437841,5013.871436556736,5013.8142539874825,5018.0,5006.9,5013.005405405405
org.joda.time.chrono.BasicChronology.getMillisOfDay(J)I 5013.756260848004,5013.0,5013.01012145749,5013.025432349949,8063.0,5017.756321269212,5014.0,5075.3217458035315,5012.020140986909,5181.6661940571485,5018.626222852206,5018.03144654088,5324.608729017657,5013.9237246161465,8897.0,5013.005060728745,5013.00508646999,5013.502530364372,5038.220779220779,5013.000995817566,5013.071138799153,5013.061864618419,5013.0,5013.010070493454,5013.926526717557,5013.001238236751,5013.005060728745,5013.961862308073,5013.980560464529,5013.804027113238,5018.0,5009.61,5013.005060728745
org.joda.time.field.FieldUtils.safeAdd(JJ)J 5013.751797669229,5013.0,5013.009940357852,5013.024975024975,8045.0,5017.751859196827,5014.0,5076.450768316861,5012.01978239367,5181.650394513572,5018.624818578329,5018.294117647059,5330.253841584306,5013.994056463596,9039.0,5013.004970178927,5013.004995004995,5013.502485089463,5348.5,5013.0009922603695,5013.070499495931,5013.061127480993,5013.0,5013.009891196835,5013.994074074074,5013.001238236751,5013.004970178927,5013.997028231798,5013.9985119047615,5013.801152165276,5018.0,5010.5,5013.004970178927
org.joda.time.chrono.BasicDayOfMonthDateTimeField.getMinimumValue()I 5013.737168361022,5013.0,5013.0093896713615,5013.023584905661,7986.0,5017.737233515121,5014.0,5067.571054598569,5012.018691588785,5182.569451666659,5018.705930352905,5013.0,5013.0,5013.474987617633,7991.0,5013.00469483568,5013.004716981132,5013.502347417841,5015.809433962264,5013.000980776776,5013.068518870983,5013.058829281179,5013.0,5013.009345794392,5013.5841506473125,5013.001238236751,5013.00469483568,5013.737493808816,5013.848916761687,5013.791871195759,5018.0,5005.5,5013.00469483568
org.joda.time.chrono.ISOChronology.getInstanceUTC()Lorg/joda/time/chrono/ISOChronology; 5013.7141086040165,5013.0,5013.008635578583,5013.021682567216,7893.0,5017.714179474467,5014.0,5066.712196007983,5012.017196904557,5183.967664167159,5018.827165150628,5013.0,5013.0,5013.4289252105,7898.0,5013.004317789292,5013.004336513443,5013.502158894646,5015.502168256721,5013.000963205548,5013.065709887322,5013.055528105349,5013.0,5013.008598452278,5013.555769601233,5013.001238236751,5013.004317789292,5013.71446260525,5013.833453705041,5013.777670651754,5018.0,5004.57,5013.004317789292
org.joda.time.DateTimeFieldType.millisOfSecond()Lorg/joda/time/DateTimeFieldType; 5013.70766179023,5013.0,5013.008445945946,5013.021204410517,7867.0,5017.7077342588,5014.0,5066.469617541179,5012.016820857863,5184.348379901238,5018.859741412962,5013.0,5013.0,5013.416047548291,7872.0,5013.004222972973,5013.004240882104,5013.502111486487,5015.424936386768,5013.000958405214,5013.064984405613,5013.054666595048,5013.0,5013.008410428932,5013.548016101207,5013.001238236751,5013.004222972973,5013.708023774146,5013.829056111353,5013.773791250959,5018.0,5004.31,5013.004222972973
org.joda.time.chrono.BasicChronology.getMaxMonth()I 5013.706917927101,5013.0,5013.008424599831,5013.021150592216,7864.0,5017.706990580069,5014.0,5066.4415568635495,5012.01677852349,5184.392037349801,5018.863465432263,5013.0,5013.0,5013.41456166419,7869.0,5013.004212299916,5013.004230118443,5013.502106149958,5015.416243654822,5013.000957854406,5013.064902233519,5013.054568766935,5013.0,5013.008389261745,5013.547126436782,5013.001238236751,5013.004212299916,5013.707280832095,5013.828546562228,5013.77334611697,5018.0,5004.28,5013.004212299916
org.joda.time.DateTimeFieldType.minuteOfHour()Lorg/joda/time/DateTimeFieldType; 5013.703198611455,5013.0,5013.008319467554,5013.020885547201,7849.0,5017.703272186415,5014.0,5066.301031884946,5012.016570008285,5184.609498258472,5018.881979920402,5013.0,5013.0,5013.407132243685,7854.0,5013.004159733777,5013.00417710944,5013.502079866888,5015.37343358396,5013.000955109837,5013.064495998147,5013.054084369424,5013.0,5013.008285004143,5013.542693409742,5013.001238236751,5013.004159733777,5013.703566121842,5013.825992150022,5013.771128107074,5018.0,5004.13,5013.004159733777
org.joda.time.DateTimeFieldType.hourOfDay()Lorg/joda/time/DateTimeFieldType; 5013.697991569551,5013.0,5013.008176614881,5013.02052545156,7828.0,5017.6980664353,5014.0,5066.103672189407,5012.016286644951,5184.91166720769,5018.907610069497,5013.0,5013.0,5013.396731054978,7833.0,5013.004088307441,5013.004105090312,5013.50204415372,5015.31527093596,5013.0009512937595,5013.063939873637,5013.05341913634,5013.0,5013.008143322476,5013.536529680366,5013.001238236751,5013.004088307441,5013.698365527489,5013.82239720035,5013.76804418206,5018.0,5003.92,5013.004088307441
org.joda.time.base.BaseDateTime.checkInstant(JLorg/joda/time/Chronology;)J 5013.691048847012,5013.0,5013.007993605116,5013.020064205458,7800.0,5017.691125433813,5014.0,5065.839379254491,5012.015923566879,5185.310535663905,5018.941273027681,5013.0,5013.0,5013.382862803368,7805.0,5013.003996802558,5013.004012841092,5013.501998401279,5015.24077046549,5013.000946252839,5013.063220270151,5013.052554598271,5013.0,5013.00796178344,5013.528387585163,5013.001238236751,5013.003996802558,5013.691431401684,5013.8175695461205,5013.763970448948,5018.0,5003.64,5013.003996802558
org.joda.time.field.FieldUtils.verifyValueBounds(Lorg/joda/time/DateTimeFieldType;III)V 5013.690552938259,5013.0,5013.0079808459695,5013.020032051282,7798.0,5017.690629647992,5014.0,5076.348243858847,5012.015898251192,5185.353004568604,5018.94484601097,5018.166666666667,5329.741219294237,5013.9876176324915,9026.0,5013.003990422985,5013.004006410257,5013.501995211493,5173.52,5013.000945894816,5013.0631697948775,5013.052493793129,5013.0,5013.0079491255965,5013.987693822299,5013.001238236751,5013.003990422985,5013.993808816245,5013.996894795678,5013.7636811209995,5018.0,5010.9,5013.003990422985
org.joda.time.field.PreciseDurationDateTimeField.getMinimumValue()I 5013.677907265063,5013.0,5013.007668711656,5013.019245573518,7747.0,5017.677987109569,5014.0,5065.335456432518,5012.015278838809,5186.05345305634,5019.0034692122035,5013.0,5013.0,5013.35661218425,7752.0,5013.003834355828,5013.003849114703,5013.501917177914,5015.108545034642,5013.000936855911,5013.061922175577,5013.05098370007,5013.0,5013.007639419404,5013.513209668353,5013.001238236751,5013.003834355828,5013.678306092125,5013.80832226649,5013.756376594149,5018.0,5003.11,5013.003834355828
org.joda.time.DateTimeFieldType.secondOfMinute()Lorg/joda/time/DateTimeFieldType; 5013.674435903794,5013.0,5013.007587253414,5013.019040365575,7733.0,5017.674516608825,5014.0,5065.201532544553,5012.015117157975,5186.2471523384465,5019.019579874375,5013.0,5013.0,5013.349678058445,7738.0,5013.003793626707,5013.003808073115,5013.501896813354,5015.075399847677,5013.000934404784,5013.061592424105,5013.050582191104,5013.0,5013.007558578987,5013.509250607363,5013.001238236751,5013.003793626707,5013.674839029222,5013.80585538962,5013.754395809951,5018.0,5002.97,5013.003793626707
org.joda.time.field.FieldUtils.verifyValueBounds(Lorg/joda/time/DateTimeField;III)V 5013.665261591867,5013.0,5013.007380073801,5013.018518518518,7696.0,5017.665344571145,5014.0,5075.928530890209,5012.014705882353,5186.794958789958,5019.064911237232,5018.060240963855,5327.642654451045,5013.961367013373,8973.0,5013.0036900369005,5013.003703703704,5013.50184501845,5063.7692307692305,5013.0009279881215,5013.0607456739235,5013.049546340151,5013.0,5013.007352941177,5013.962099125364,5013.001238236751,5013.0036900369005,5013.980683506687,5013.99024756189,5013.749210477429,5018.0,5010.37,5013.0036900369005
org.joda.time.base.BaseDateTime.checkChronology(Lorg/joda/time/Chronology;)Lorg/joda/time/Chronology; 5013.6570790974465,5013.0,5013.007204610951,5013.018076644975,7663.0,5017.657164105107,5014.0,5064.526692111953,5012.014357501795,5187.200518438033,5019.098254501378,5013.0,5013.0,5013.315007429421,7668.0,5013.003602305475,5013.003615328995,5013.501801152738,5014.919739696313,5013.000922339052,5013.060019209221,5013.048651820424,5013.0,5013.007178750898,5013.489762036525,5013.001238236751,5013.003602305475,5013.65750371471,5013.793366203497,5013.74464549483,5018.0,5002.27,5013.003602305475
org.joda.time.DateTimeFieldType.dayOfMonth()Lorg/joda/time/DateTimeFieldType; 5013.645921150508,5013.0,5013.006978367062,5013.017507002801,7618.0,5017.646008924145,5014.0,5064.088159097779,5012.013908205841,5187.800697729842,5019.14726664912,5013.0,5013.0,5013.292719167905,7623.0,5013.003489183531,5013.00350140056,5013.501744591766,5014.827731092437,5013.0009147457,5013.059069311245,5013.0474735446405,5013.0,5013.006954102921,5013.4774972557625,5013.001238236751,5013.003489183531,5013.646359583952,5013.785198555956,5013.738509430507,5018.0,5001.82,5013.003489183531
org.joda.time.chrono.GregorianChronology.getMinYear()I 5013.636994792958,5013.0,5013.00680735194,5013.017076502732,7582.0,5017.637084779375,5014.0,5063.734603575864,5012.013568521032,5188.274063413877,5019.185648950548,5013.0,5013.0,5013.2748885586925,7587.0,5013.00340367597,5013.003415300546,5013.501701837985,5014.758196721312,5013.00090876045,5013.058341031617,5013.046563117055,5013.0,5013.006784260516,5013.467829880044,5013.001238236751,5013.00340367597,5013.637444279346,5013.778584392015,5013.733672912498,5018.0,5001.46,5013.00340367597
org.joda.time.chrono.GregorianChronology.getMaxYear()I 5013.6367468385815,5013.0,5013.006802721088,5013.017064846416,7581.0,5017.636836886465,5014.0,5063.724747411889,5012.013559322034,5188.287128892469,5019.186704972602,5013.0,5013.0,5013.274393263992,7586.0,5013.003401360545,5013.003412969283,5013.501700680272,5014.756313993174,5013.000908595312,5013.058321184352,5013.046538216268,5013.0,5013.006779661017,5013.467563147374,5013.001238236751,5013.003401360545,5013.637196631996,5013.778399636969,5013.733539468898,5018.0,5001.45,5013.003401360545
org.joda.time.field.PreciseDurationDateTimeField.getUnitMillis()J 5013.629060252913,5013.0,5013.006662225183,5013.016711229947,7550.0,5017.6291522062465,5014.0,5063.418250663822,5012.013280212484,5188.689969686086,5019.219176731017,5013.0,5013.0,5013.259039128281,7555.0,5013.003331112592,5013.003342245989,5013.501665556296,5014.699197860962,5013.000903505602,5013.057715791527,5013.045776309696,5013.0,5013.006640106241,5013.459342247922,5013.001238236751,5013.003331112592,5013.6295195641405,5013.7726443769,5013.729426659432,5018.0,5001.14,5013.003331112592
org.joda.time.DateTimeFieldType.monthOfYear()Lorg/joda/time/DateTimeFieldType; 5013.613439127201,5013.0,5013.006393861892,5013.016035920462,7487.0,5017.6135349529,5014.0,5062.789557138019,5012.012746972594,5189.495984519259,5019.283643373457,5013.0,5013.0,5013.227835562159,7492.0,5013.003196930947,5013.003207184092,5013.501598465473,5014.590121872996,5013.000893335716,5013.056541409129,5013.044284563105,5013.0,5013.006373486297,5013.442915847776,5013.001238236751,5013.003196930947,5013.61391778108,5013.76077949977,5013.721208869814,5018.0,5000.51,5013.003196930947
org.joda.time.DateTimeFieldType.year()Lorg/joda/time/DateTimeFieldType; 5013.611703446566,5013.0,5013.006365372375,5013.015964240102,7480.0,5017.6117997025285,5014.0,5062.719211578624,5012.01269035533,5189.584528349278,5019.290685008393,5013.0,5013.0,5013.224368499257,7485.0,5013.003182686187,5013.00319284802,5013.501591343093,5014.578544061303,5013.000892219843,5013.056415301002,5013.044123237755,5013.0,5013.006345177665,5013.441113490364,5013.001238236751,5013.003182686187,5013.612184249629,5013.759447004608,5013.720307197714,5018.0,5000.44,5013.003182686187
org.joda.time.DateTimeUtils.getChronology(Lorg/joda/time/Chronology;)Lorg/joda/time/Chronology; 5013.3518472601045,5013.004128819158,5013.003818251241,5013.009563886763,6432.0,5017.3520079325735,5014.0,5066.758720222862,5012.007621951219,5204.793194173669,5020.401444703516,5018.004336513443,5281.793601114312,5013.431401684002,7903.0,5013.001909125621,5013.001912777353,5013.50095456281,5015.517421602787,5013.000751653638,5013.043693542091,5013.025917573551,5013.0,5013.00381097561,5013.557269571925,5013.001238236751,5013.001909125621,5013.715700842001,5013.83429561201,5013.6067398826535,5018.0,4999.67,5013.001909125621
org.joda.time.DateTimeUtils$FixedMillisProvider.<init>(J)V 5013.291346392264,5013.004149377593,5013.003492839679,5013.008747375788,6188.0,5017.291522062469,5014.0,5047.351128074635,5012.006973500697,5203.472076092954,5020.311652728248,5013.0,5013.0,5012.584447746409,6193.0,5013.001746419839,5013.001749475157,5013.5008732099195,5013.4128761371585,5013.000725058005,5013.041790188314,5013.022556886301,5013.0,5013.003486750349,5013.171113689095,5013.001238236751,5013.001746419839,5013.292223873204,5013.452280567267,5013.585256131186,5018.0,4987.52,5013.001746419839
