org.joda.time.field.ZeroIsMaxDateTimeField.getMaximumValue(Lorg/joda/time/ReadablePartial;[I)I 5000002.0,5000001.0,5000003.0,6000001.0,5004014.0,5000002.0,5000002.0,5000064.356136246,5000002.0,5000129.696487717,5000001.0,5000001.0,5000001.0,5000002.0,5004015.0,5000002.0,6000001.0,5000002.0,5000001.0,5000001.000249128,5000002.0,5000002.0,5000001.0,5000002.0,5000002.0,5000001.000249128,5000002.0,5000002.0,5000002.0,5000002.0,5000002.0,5000002.0,5000002.0
org.joda.time.Partial.with(Lorg/joda/time/DateTimeFieldType;I)Lorg/joda/time/Partial; 5000002.99875405,5000002.0,5000002.333333333,5000002.2,5004010.0,5000002.99875436,5000003.0,5000065.340350488,5000001.571428572,5000135.892640141,5000004.279507057,5000003.333333333,5000065.340350488,5000002.999003488,5004014.0,5000002.166666667,5000002.2,5000002.583333333,5002008.0,5000002.000248818,5000002.40824829,5000002.407993883,5000002.0,5000002.285714285,5000002.999003984,5000002.000249128,5000002.166666667,5000002.999501744,5000002.99975081,5000002.998755599,5000003.0,5000001.0,5000002.166666667
org.joda.time.field.ZeroIsMaxDateTimeField.getMaximumValue()I 500001.9977572888,500001.0,500001.2,500001.1111111111,504005.0,500001.99775784754,500002.0,500064.2850693292,500000.36363636365,500132.6964877177,500002.73205080756,500001.0,500001.0,500001.9955156951,504006.0,500001.1,500001.1111111111,500001.55,500446.0,500001.0002485707,500001.31622776604,500001.3158729632,500001.0,500001.1818181818,500001.99552572705,500001.00024912803,500001.1,500001.99775784754,500001.99887766555,500001.9977623073,500002.0,499999.3,500001.1
org.joda.time.DateTimeFieldType$StandardDateTimeFieldType.getField(Lorg/joda/time/Chronology;)Lorg/joda/time/DateTimeField; 500002.9972589085,500002.0,500002.1666666667,500002.0909090909,504004.0,500002.9972595914,500003.0,500065.34035048843,500001.3076923077,500165.48154197953,500007.89788557554,500003.3333333333,500065.34035048843,500002.9990034878,504014.0,500002.0833333333,500002.0909090909,500002.5416666667,502008.0,500002.0002484472,500002.2886751346,500002.28827922064,500002.0,500002.1538461539,500002.9990039841,500002.00024912803,500002.0833333333,500002.9995017439,500002.99975080986,500002.9972664016,500003.0,500001.0,500002.0833333333
org.joda.time.DateTimeFieldType.clockhourOfDay()Lorg/joda/time/DateTimeFieldType; 500001.99651133816,500001.0,500001.13333333336,500001.0714285714,504000.0,500001.99651220726,500002.0,500064.2455532034,500000.25,500133.43814510445,500002.93433642027,500001.0,500001.0,500001.9930244145,504001.0,500001.06666666665,500001.0714285714,500001.5333333333,500286.71428571426,500001.0002482622,500001.2581988897,500001.25774811197,500001.0,500001.125,500001.9930486594,500001.00024912803,500001.06666666665,500001.99651220726,500001.9982530571,500001.9965234666,500002.0,499999.96,500001.06666666665
org.joda.time.field.ZeroIsMaxDateTimeField.getMinimumValue()I 50002.0,50001.0,50003.0,1050001.0,54014.0,50002.0,50002.0,50064.35613624583,50002.0,50129.696487717694,50001.0,50001.0,50001.0,50002.0,54015.0,50002.0,1050001.0,50002.0,50001.0,50001.000249128054,50002.0,50002.0,50001.0,50002.0,50002.0,50001.000249128054,50002.0,50002.0,50002.0,50002.0,50002.0,50002.0,50002.0
org.joda.time.field.ZeroIsMaxDateTimeField.getMinimumValue(Lorg/joda/time/ReadablePartial;[I)I 50002.0,50001.0,50003.0,1050001.0,54014.0,50002.0,50002.0,50064.35613624583,50002.0,50129.696487717694,50001.0,50001.0,50001.0,50002.0,54015.0,50002.0,1050001.0,50002.0,50001.0,50001.000249128054,50002.0,50002.0,50001.0,50002.0,50002.0,50001.000249128054,50002.0,50002.0,50002.0,50002.0,50002.0,50002.0,50002.0
org.joda.time.DateTimeFieldType$StandardDateTimeFieldType.getRangeDurationType()Lorg/joda/time/DurationFieldType; 50001.988038873664,50001.0,50001.04081632653,50001.020833333336,53966.0,50001.98804185351,50002.0,50063.976185975334,50000.08,50136.62469094797,50003.63214802591,50001.0,50001.0,50001.97608370703,53967.0,50001.02040816326,50001.020833333336,50001.510204081635,50083.625,50001.00024618414,50001.142857142855,50001.1420002065,50001.0,50001.04,50001.97636632201,50001.000249128054,50001.02040816326,50001.98804185351,50001.993984962406,50001.988180251166,50002.0,49999.62,50001.02040816326
org.joda.time.field.BaseDurationField.compareTo(Lorg/joda/time/DurationField;)I 500001.9877896835,500001.0,500001.04,500001.02040816325,503965.0,500001.98779272544,500002.0,500063.9682459657,500000.07843137253,500150.38464858325,500005.548423998,500002.01,500063.56996084383,500001.97558545094,503966.0,500001.02,500001.02040816325,500001.51,500081.9183673469,500001.0002461235,500001.14142135624,500001.14055530465,500001.0,500001.03921568627,500001.9758798917,500001.00024912803,500001.02,500001.98779272544,500001.99385887955,500001.98793697683,500002.0,499999.61,500001.02
org.joda.time.base.AbstractPartial.indexOf(Lorg/joda/time/DateTimeFieldType;)I 50001.98255669075,50001.0,50001.028169014084,50001.014285714286,53944.0,50001.98256103637,50002.0,50063.80127387243,50000.055555555555,50144.0491878121,50004.788495756155,50002.00537634409,50062.87891401762,50001.96512207275,53945.0,50001.01408450704,50001.014285714286,50001.50704225352,50057.34285714286,50001.00024485798,50001.11867816582,50001.11763854228,50001.0,50001.02777777778,50001.96571988247,50001.000249128054,50001.01408450704,50001.98256103637,50001.99120382006,50001.98285574333,50002.0,49999.4,50001.01408450704
org.joda.time.Partial.<init>([Lorg/joda/time/DateTimeFieldType;[ILorg/joda/time/Chronology;)V 50001.96984799402,50001.0,50001.016393442624,50001.00826446281,53893.0,50001.96985550573,50002.0,50064.340350488455,50000.03252032521,50141.443827842166,50004.42743929552,50002.333333333336,50064.340350488455,50001.99900348779,54013.0,50001.00819672131,50001.00826446281,50001.50409836065,52007.0,50001.000241837966,50001.09053574604,50001.08916038202,50001.0,50001.0162601626,50001.99900398406,50001.000249128054,50001.00819672131,50001.9995017439,50001.99975080987,50001.97073052733,50002.0,50000.0,50001.00819672131
org.joda.time.Partial.getFieldType(I)Lorg/joda/time/DateTimeFieldType; 50001.96486419138,50001.0,50001.01408450704,50001.00709219858,53873.0,50001.96487294469,50002.0,50063.23343153,50000.02797202797,50141.57082980473,50004.445916726654,50001.0,50001.0,50001.929745889385,53874.0,50001.00704225352,50001.00709219858,50001.50352112676,50028.46808510638,50001.000240673886,50001.08391813583,50001.082430687544,50001.0,50001.01398601398,50001.9321299639,50001.000249128054,50001.00704225352,50001.96487294469,50001.98212248003,50001.96605681271,50002.0,49998.69,50001.00704225352
org.joda.time.Partial.getField(ILorg/joda/time/Chronology;)Lorg/joda/time/DateTimeField; 50001.962123099926,50001.0,50001.013071895424,50001.00657894737,53862.0,50001.96213253612,50002.0,50063.14499175316,50000.02597402597,50142.02531572363,50004.511243085566,50001.0,50001.0,50001.924265072244,53863.0,50001.006535947716,50001.00657894737,50001.50326797386,50026.40789473684,50001.000240038404,50001.080845208344,50001.07929934599,50001.0,50001.01298701299,50001.927028324535,50001.000249128054,50001.006535947716,50001.96213253612,50001.98070086338,50001.963505402164,50002.0,49998.58,50001.006535947716
org.joda.time.Partial.getChronology()Lorg/joda/time/Chronology; 50001.961126339396,50001.0,50001.012738853504,50001.006410256414,53858.0,50001.961136023914,50002.0,50063.112800613075,50000.0253164557,50142.18648371449,50004.53411884305,50001.0,50001.0,50001.922272047836,53859.0,50001.00636942675,50001.006410256414,50001.50318471337,50025.730769230766,50001.000239808156,50001.079808688446,50001.078242084695,50001.0,50001.012658227846,50001.925179856116,50001.000249128054,50001.00636942675,50001.961136023914,50001.98018292683,50001.96258095466,50002.0,49998.54,50001.00636942675
org.joda.time.Partial.size()I 50001.960877149264,50001.0,50001.012658227846,50001.00636942675,53857.0,50001.96088689587,50002.0,50063.1047502209,50000.0251572327,50142.226451803836,50004.53976893118,50001.0,50001.0,50001.92177379173,53858.0,50001.00632911392,50001.00636942675,50001.50316455696,50025.56687898089,50001.00023975066,50001.079555728415,50001.07798397877,50001.0,50001.012578616355,50001.924718292976,50001.000249128054,50001.00632911392,50001.96088689587,50001.980053360436,50001.9623501199,50002.0,49998.53,50001.00632911392
org.joda.time.DurationFieldType$StandardDurationFieldType.getField(Lorg/joda/time/Chronology;)Lorg/joda/time/DurationField; 50001.925741340645,50001.0,50001.00668896321,50001.0033557047,53716.0,50001.92575984056,50002.0,50064.340350488455,50000.013333333336,50157.64286494266,50006.28643331793,50002.333333333336,50064.340350488455,50001.99900348779,54013.0,50001.00334448161,50001.0033557047,50001.5016722408,52007.0,50001.00023191095,50001.0578314932,50001.055642833184,50001.0,50001.00666666667,50001.99900398406,50001.000249128054,50001.00334448161,50001.9995017439,50001.99975080987,50001.930874507074,50002.0,50000.0,50001.00334448161
org.joda.time.field.DecoratedDateTimeField.getWrappedField()Lorg/joda/time/DateTimeField; 50001.923498629454,50001.0,50001.006493506495,50001.003257328994,53707.0,50001.92351768809,50002.0,50061.88513775956,50000.01294498382,50147.21790318563,50005.185858988065,50001.0,50001.0,50001.84703537618,53708.0,50001.003246753244,50001.003257328994,50001.50162337662,50013.074918566774,50001.00023142791,50001.05698028823,50001.05475739378,50001.0,50001.00647249191,50001.85790326313,50001.000249128054,50001.003246753244,50001.92351768809,50001.9602383111,50001.928935185184,50002.0,49997.03,50001.003246753244
org.joda.time.DateTimeFieldType$StandardDateTimeFieldType.getDurationType()Lorg/joda/time/DurationFieldType; 50001.920757538,50001.0,50001.00626959248,50001.00314465409,53696.0,50001.92077727952,50002.0,50061.79473661428,50000.0125,50147.52904221782,50005.222860937814,50001.0,50001.0,50001.84155455905,53697.0,50001.003134796236,50001.00314465409,50001.50156739812,50012.622641509435,50001.00023084026,50001.055989251094,50001.053725108344,50001.0,50001.00625,50001.853185595566,50001.000249128054,50001.003134796236,50001.92077727952,50001.958754863816,50001.926575848534,50002.0,49996.92,50001.003134796236
org.joda.time.chrono.BaseChronology.validate(Lorg/joda/time/ReadablePartial;[I)V 50001.87216546225,50001.0,50001.00389105058,50001.00194931774,53501.0,50001.872197309414,50002.0,50064.32456079595,50000.00776699029,50152.434121719496,50005.76839952204,50002.2,50064.32456079595,50001.998006975584,54011.0,50001.00194552529,50001.00194931774,50001.500972762646,51003.5,50001.00022089684,50001.04410810914,50001.04119247462,50001.0,50001.00388349515,50001.99800895968,50001.000249128054,50001.00194552529,50001.99900348779,50001.99950149551,50001.886654882896,50002.0,49998.95,50001.00194552529
org.joda.time.base.AbstractPartial.getField(I)Lorg/joda/time/DateTimeField; 50001.857214054326,50001.0,50001.00348432056,50001.0017452007,53441.0,50001.85724962631,50002.0,50059.66003750425,50000.00695652174,50153.633906124865,50005.89258810929,50001.0,50001.0,50001.714499252615,53442.0,50001.001742160275,50001.0017452007,50001.50087108014,50007.0052356021,50001.000218007415,50001.041739193555,50001.038644589215,50001.0,50001.00347826087,50001.75016350556,50001.000249128054,50001.001742160275,50001.85724962631,50001.923138833,50001.87505451374,50002.0,49994.37,50001.001742160275
org.joda.time.field.PreciseDurationField.getUnitMillis()J 50001.85372539247,50001.0,50001.00340136055,50001.001703577516,53427.0,50001.85376183358,50002.0,50059.540584213006,50000.00679117148,50153.924570596864,50005.9222030514,50001.0,50001.0,50001.707523667166,53428.0,50001.001700680274,50001.001703577516,50001.50085034013,50006.838160136285,50001.00021734406,50001.04123930494,50001.03810398841,50001.0,50001.003395585736,50001.74483807868,50001.000249128054,50001.001700680274,50001.85376183358,50001.92111275366,50001.87239130435,50002.0,49994.23,50001.001700680274
org.joda.time.base.AbstractPartial.<init>()V 50001.66758036382,50001.0,50001.00149812734,50001.000749625186,52680.0,50001.66766317887,50002.0,50052.76871642218,50000.00299401198,50166.22045245319,50007.043505996975,50001.0,50001.0,50001.335326357745,52681.0,50001.00074906367,50001.000749625186,50001.50037453183,50003.00899550225,50001.00018698579,50001.02736902757,50001.0223620258,50001.0,50001.001497005986,50001.501121914735,50001.000249128054,50001.00074906367,50001.66766317887,50001.800717060054,50001.75051430709,50002.0,49986.76,50001.00074906367
org.joda.time.DateTimeUtils.setCurrentMillisFixed(J)V 50001.292798405186,50001.0,50001.00070447341,50001.00035236082,51176.0,50001.29297458894,50002.0,50035.29285639896,50000.001408450706,50182.96937012517,50008.29882746799,50001.0,50001.0,50000.585949177876,51177.0,50001.000352236704,50001.00035236082,50001.50017611835,50001.41437632135,50001.00014594279,50001.018767970134,50001.010155508106,50001.0,50001.00070422535,50001.17162872154,50001.000249128054,50001.000352236704,50001.29297458894,50001.45317919075,50001.58575390454,50002.0,49971.72,50001.000352236704
org.joda.time.DateTimeUtils.checkPermission()V 50001.29205083479,50001.0,50001.00070372977,50001.00035198874,51173.0,50001.29222720478,50002.0,50035.24908757909,50000.001406964475,50182.99751960264,50008.30075556946,50001.0,50001.0,50000.58445440957,51174.0,50001.00035186488,50001.00035198874,50001.500175932444,50001.41288278775,50001.00014587892,50001.01875806184,50001.010137180725,50001.0,50001.000703482234,50001.17111597374,50001.000249128054,50001.00035186488,50001.29222720478,50001.45228455755,50001.5854975197,50002.0,49971.69,50001.00035186488
org.joda.time.DateTimeUtils.setCurrentMillisSystem()V 50001.29205083479,50001.0,50001.00070372977,50001.00035198874,51173.0,50001.29222720478,50002.0,50035.24908757909,50000.001406964475,50182.99751960264,50008.30075556946,50001.0,50001.0,50000.58445440957,51174.0,50001.00035186488,50001.00035198874,50001.500175932444,50001.41288278775,50001.00014587892,50001.01875806184,50001.010137180725,50001.0,50001.000703482234,50001.17111597374,50001.000249128054,50001.00035186488,50001.29222720478,50001.45228455755,50001.5854975197,50002.0,49971.69,50001.00035186488
org.joda.time.Partial.<init>(Lorg/joda/time/Chronology;[Lorg/joda/time/DateTimeFieldType;[I)V 5013.992524296038,5013.0,5013.064516129032,5013.033333333334,8996.0,5013.992526158446,5014.0,5076.118935352238,5012.125,5147.1737132927465,5015.340347319321,5013.0,5013.0,5013.985052316891,8997.0,5013.032258064516,5013.033333333334,5013.5161290322585,5145.8,5013.000247279921,5013.179605302027,5013.1789327046,5013.0,5013.0625,5013.985163204748,5013.000249128052,5013.032258064516,5013.992526158446,5013.996249062266,5013.9925797675,5014.0,5011.8,5013.032258064516
org.joda.time.chrono.AssembledChronology.clockhourOfDay()Lorg/joda/time/DateTimeField; 5013.9703463742835,5013.0,5013.016666666666,5013.008403361345,8907.0,5013.970353761833,5014.0,5075.40993510652,5012.033057851239,5152.605199832331,5016.302833952023,5013.0,5013.0,5013.940707523667,8908.0,5013.008333333333,5013.008403361345,5013.504166666667,5045.731092436975,5013.000241954996,5013.091287092918,5013.0899234106655,5013.0,5013.01652892562,5013.942414710864,5013.000249128052,5013.008333333333,5013.970353761833,5013.984953850044,5013.971200387222,5014.0,5010.91,5013.008333333333
org.joda.time.chrono.AssembledChronology.minutes()Lorg/joda/time/DurationField; 5013.894343384002,5013.0,5013.004705882353,5013.002358490566,8602.0,5013.894369706029,5014.0,5072.916608715781,5012.0093896713615,5162.287747999669,5017.537759390048,5013.0,5013.0,5013.788739412058,8603.0,5013.0023529411765,5013.002358490566,5013.501176470589,5021.4669811320755,5013.000225326724,5013.048507125007,5013.04587305717,5013.0,5013.00469483568,5013.80892293826,5013.000249128052,5013.0023529411765,5013.894369706029,5013.944239873751,5013.904439936894,5014.0,5007.86,5013.0023529411765
org.joda.time.chrono.AssembledChronology.hours()Lorg/joda/time/DurationField; 5013.878395215549,5013.0,5013.00408997955,5013.002049180328,8538.0,5013.878425510712,5014.0,5072.380131357214,5012.008163265306,5163.787209752069,5017.7000768115395,5013.0,5013.0,5013.756851021425,8539.0,5013.002044989775,5013.002049180328,5013.501022494887,5020.225409836065,5013.000222123501,5013.045221563165,5013.04238288846,5013.0,5013.004081632653,5013.78320746335,5013.000249128052,5013.002044989775,5013.878425510712,5013.935278514589,5013.891579648967,5014.0,5007.22,5013.002044989775
org.joda.time.field.BaseDateTimeField.getMaximumValue(Lorg/joda/time/ReadablePartial;[I)I 5013.868178420134,5013.0,5013.0037735849055,5013.001890359168,8497.0,5013.868211260588,5014.0,5072.033888572581,5012.007532956685,5164.696487717695,5017.795831523313,5013.0,5013.0,5013.736422521176,8498.0,5013.001886792453,5013.001890359168,5013.500943396227,5019.587901701323,5013.0002201188645,5013.043437224276,5013.040473108243,5013.0,5013.003766478343,5013.76711424169,5013.000249128052,5013.001886792453,5013.868211260588,5013.929457260968,5013.883531483928,5014.0,5006.81,5013.001886792453
org.joda.time.field.BaseDateTimeField.getMaximumValue(Lorg/joda/time/ReadablePartial;)I 5013.866932469474,5013.0,5013.003738317757,5013.001872659176,8492.0,5013.866965620329,5014.0,5071.99152481501,5012.007462686567,5164.804927734278,5017.8071238819675,5013.0,5013.0,5013.7339312406575,8493.0,5013.001869158878,5013.001872659176,5013.50093457944,5019.516853932584,5013.000219876869,5013.043233770117,5013.040254621131,5013.0,5013.003731343284,5013.765171503957,5013.000249128052,5013.001869158878,5013.866965620329,5013.928742994395,5013.882559929624,5014.0,5006.76,5013.001869158878
org.joda.time.field.BaseDateTimeField.getMinimumValue(Lorg/joda/time/ReadablePartial;[I)I 5013.866683279342,5013.0,5013.003731343284,5013.001869158878,8491.0,5013.866716492277,5014.0,5071.983048412235,5012.007448789572,5164.826554730135,5017.809372829428,5013.0,5013.0,5013.733432984554,8492.0,5013.001865671642,5013.001869158878,5013.500932835821,5019.502803738318,5013.000219828534,5013.043193421279,5013.040211272259,5013.0,5013.003724394785,5013.764783468894,5013.000249128052,5013.001865671642,5013.866716492277,5013.928600026691,5013.88236587511,5014.0,5006.75,5013.001865671642
org.joda.time.field.BaseDateTimeField.getMinimumValue(Lorg/joda/time/ReadablePartial;)I 5013.865686518814,5013.0,5013.003703703704,5013.00185528757,8487.0,5013.86571998007,5014.0,5071.949130612758,5012.007393715342,5164.912861250183,5017.81833721656,5013.0,5013.0,5013.731439960139,8488.0,5013.001851851852,5013.00185528757,5013.500925925926,5019.447124304267,5013.000219635405,5013.043033148291,5013.040039020754,5013.0,5013.003696857671,5013.763233033165,5013.000249128052,5013.001851851852,5013.86571998007,5013.928027774069,5013.881590509666,5014.0,5006.71,5013.001851851852
org.joda.time.field.BaseDurationField.isSupported()Z 5013.860702716172,5013.0,5013.003571428571,5013.001788908766,8467.0,5013.860737419033,5014.0,5071.7792480387425,5012.007130124777,5165.339668552769,5017.8624254066335,5013.0,5013.0,5013.721474838067,8468.0,5013.001785714286,5013.001788908766,5013.500892857143,5019.1806797853305,5013.000218674831,5013.0422577127365,5013.0392041979385,5013.0,5013.003565062389,5013.7555215394705,5013.000249128052,5013.001785714286,5013.860737419033,5013.9251573169095,5013.877734033246,5014.0,5006.51,5013.001785714286
org.joda.time.chrono.AssembledChronology.days()Lorg/joda/time/DurationField; 5013.827311238475,5013.0,5013.002881844381,5013.001443001443,8333.0,5013.82735426009,5014.0,5070.628118136896,5012.005755395683,5168.021380879871,5018.130779001494,5013.0,5013.0,5013.654708520179,8334.0,5013.00144092219,5013.001443001443,5013.500720461095,5017.792207792208,5013.000212449543,5013.0379594809,5013.034526672613,5013.0,5013.0028776978415,5013.705544933078,5013.000249128052,5013.00144092219,5013.82735426009,5013.905521472393,5013.85274118147,5014.0,5005.17,5013.00144092219
org.joda.time.DateTimeFieldType.minuteOfHour()Lorg/joda/time/DateTimeFieldType; 5013.706703214552,5013.0,5013.001697792869,5013.000849617672,7849.0,5013.706776283009,5014.0,5066.263495942343,5012.003392705683,5176.003921314512,5018.857254783328,5013.0,5013.0,5013.413552566019,7850.0,5013.000848896435,5013.000849617672,5013.500424448217,5015.410365335599,5013.00019264111,5013.029135827337,5013.0244932202695,5013.0,5013.0016963528415,5013.546522827972,5013.000249128052,5013.000848896435,5013.706776283009,5013.828200262736,5013.773217726397,5014.0,5000.33,5013.000848896435
org.joda.time.DateTimeFieldType.hourOfDay()Lorg/joda/time/DateTimeFieldType; 5013.701470221779,5013.0,5013.001668056714,5013.000834724541,7828.0,5013.701544593921,5014.0,5066.065996645686,5012.003333333333,5176.308624317448,5018.883208019419,5013.0,5013.0,5013.403089187843,7829.0,5013.000834028357,5013.000834724541,5013.500417014178,5015.350584307179,5013.000191864927,5013.028879549113,5013.0241877253275,5013.0,5013.001666666667,5013.540291634689,5013.000249128052,5013.000834028357,5013.701544593921,5013.824597364568,5013.770101707925,5014.0,5000.12,5013.000834028357
org.joda.time.chrono.AssembledChronology.minuteOfHour()Lorg/joda/time/DateTimeField; 5013.696237229005,5013.0,5013.001639344262,5013.000820344545,7807.0,5013.696312904833,5014.0,5065.8677595515455,5012.003276003276,5176.610668217887,5018.908822259993,5013.0,5013.0,5013.392625809666,7808.0,5013.000819672131,5013.000820344545,5013.500409836066,5015.292863002461,5013.000191094974,5013.0286299167155,5013.023889040443,5013.0,5013.001638001638,5013.534110452895,5013.000249128052,5013.000819672131,5013.696312904833,5013.82097224262,5013.767010703364,5014.0,4999.91,5013.000819672131
org.joda.time.chrono.AssembledChronology.hourOfDay()Lorg/joda/time/DateTimeField; 5013.686020433591,5013.0,5013.001586042823,5013.000793650794,7766.0,5013.686098654708,5014.0,5065.478567053608,5012.003169572108,5177.192966416293,5018.957892135529,5013.0,5013.0,5013.372197309417,7767.0,5013.0007930214115,5013.000793650794,5013.500396510706,5015.185714285714,5013.0001896094045,5013.028160635852,5013.023324426951,5013.0,5013.001584786054,5013.522184300341,5013.000249128052,5013.0007930214115,5013.686098654708,5013.813829787234,5013.7610468424045,5014.0,4999.5,5013.0007930214115
org.joda.time.field.PreciseDurationDateTimeField.getMinimumValue()I 5013.6812858210815,5013.0,5013.0015625,5013.000781860829,7747.0,5013.681365221724,5014.0,5065.2972274599715,5012.0031225605,5177.45959720219,5018.980226541235,5013.0,5013.0,5013.362730443448,7748.0,5013.00078125,5013.000781860829,5013.500390625,5015.1383893666925,5013.000188928774,5013.027950849719,5013.023070642551,5013.0,5013.00156128025,5013.516720196486,5013.000249128052,5013.00078125,5013.681365221724,5013.810490443028,5013.7583144368855,5014.0,4999.31,5013.00078125
org.joda.time.field.PreciseDateTimeField.getMaximumValue()I 5013.6805382506855,5013.0,5013.001558846454,5013.000780031201,7744.0,5013.680617837568,5014.0,5065.2685373814875,5012.003115264797,5177.501515297631,5018.983730239569,5013.0,5013.0,5013.361235675137,7745.0,5013.000779423227,5013.000780031201,5013.500389711613,5015.131045241809,5013.000188821752,5013.027918152282,5013.023031007779,5013.0,5013.0015576323985,5013.51586102719,5013.000249128052,5013.000779423227,5013.680617837568,5013.809961458642,5013.757884796978,5014.0,4999.28,5013.000779423227
org.joda.time.chrono.ISOChronology.withUTC()Lorg/joda/time/Chronology; 5013.614253675554,5013.0,5013.001291155584,5013.000645994832,7478.0,5013.614349775785,5014.0,5062.658836071741,5012.002580645161,5181.041118863507,5019.272529884011,5013.0,5013.0,5013.22869955157,7479.0,5013.000645577792,5013.000645994832,5013.5003227888965,5014.593023255814,5013.000179791442,5013.025408222923,5013.019913526349,5013.0,5013.001290322581,5013.443365695793,5013.000249128052,5013.000645577792,5013.614349775785,5013.761111111111,5013.721632799856,5014.0,4996.62,5013.000645577792
org.joda.time.DateTimeUtils.getChronology(Lorg/joda/time/Chronology;)Lorg/joda/time/Chronology; 5013.353600797408,5013.0,5013.00077071291,5013.000385505012,6432.0,5013.353761833582,5014.0,5066.572380943915,5012.00154083205,5196.29502249657,5020.389082133721,5014.000873362445,5066.572380943915,5013.429995017439,7883.0,5013.000385356455,5013.000385505012,5013.500192678227,5015.508741258741,5013.000151331719,5013.019630498076,5013.01167314652,5013.0,5013.000770416024,5013.556417215975,5013.000249128052,5013.000385356455,5013.7149975087195,5013.8338175479375,5013.607386105646,5014.0,4999.67,5013.000385356455
org.joda.time.DateTimeUtils$FixedMillisProvider.<init>(J)V 5013.292798405183,5013.0,5013.000704473406,5013.0003523608175,6188.0,5013.292974588939,5014.0,5047.292856398964,5012.001408450704,5194.969370125164,5020.298827467989,5013.0,5013.0,5012.585949177877,6189.0,5013.000352236703,5013.0003523608175,5013.500176118351,5013.414376321353,5013.00014594279,5013.018767970137,5013.010155508106,5013.0,5013.000704225352,5013.171628721541,5013.000249128052,5013.000352236703,5013.292974588939,5013.453179190751,5013.585753904539,5014.0,4983.72,5013.000352236703
org.joda.time.DateTimeZone.setDefault(Lorg/joda/time/DateTimeZone;)V 5013.2504360827315,5013.0,5013.000664672649,5013.000332446809,6018.0,5013.250622820129,5014.0,5076.340350488453,5012.001328903654,5196.541724520903,5020.405757004061,5014.333333333333,5076.340350488453,5013.999003487793,9025.0,5013.000332336324,5013.000332446809,5013.500166168162,7019.0,5013.00014240957,5013.0182300939205,5013.009122993326,5013.0,5013.000664451827,5013.999003984064,5013.000249128052,5013.000332336324,5013.999501743896,5013.999750809868,5013.571571001282,5014.0,5012.0,5013.000332336324
org.joda.time.DateTimeZone.getDefault()Lorg/joda/time/DateTimeZone; 5013.177423374034,5013.0,5013.000605693519,5013.000302938503,5725.0,5013.177628300947,5014.0,5039.702059845637,5012.001211020284,5199.1508174065875,5020.579863434713,5013.0,5013.0,5012.355256601893,5726.0,5013.00030284676,5013.000302938503,5013.50015142338,5013.215995152984,5013.0001367054,5013.017402492912,5013.007330217862,5013.0,5013.000605510142,5013.097470950102,5013.000249128052,5013.00030284676,5013.177628300947,5013.301671250264,5013.548673776319,5014.0,4979.09,5013.00030284676
