org.joda.time.format.DateTimeParserBucket.computeMillis(ZLjava/lang/String;)J 500002.0,500001.0,500003.0,1500001.0,503979.0,500003.0,500002.0,500064.08724118234,500002.0,500148.74959311145,500005.19604776683,500003.3333333333,500127.1110621635,500002.0,503981.0,500002.0,1500001.0,500002.0,500995.0,500001.00050251256,500002.0,500002.0,500001.0,500002.0,500002.0,500001.00050251256,500002.0,500002.0,500002.0,500002.0,500003.0,500003.0,500002.0
org.joda.time.field.BaseDurationField.compareTo(Lorg/joda/time/DurationField;)I 500001.9881850176,500001.0,500001.0816326531,500001.08510638296,503932.0,500002.98818798695,500002.0,500063.7136348811,500000.1568627451,500151.7825436903,500005.5431010819,500003.01960784313,500125.5792920192,500001.97638190957,503934.0,500001.0408163265,500001.0425531915,500001.52040816325,500084.6808510638,500001.0004966476,500001.2020305089,500001.2008334692,500001.0,500001.07843137253,500001.97665756143,500001.00050251256,500001.0408163265,500001.9881909548,500001.9940604069,500001.98832298134,500003.0,500000.63,500001.0408163265
org.joda.time.format.DateTimeParserBucket.compareReverse(Lorg/joda/time/DurationField;Lorg/joda/time/DurationField;)I 500001.987933635,500001.0,500001.08,500001.0833333333,503931.0,500002.9879366675,500002.0,500064.0317380373,500000.1538461539,500148.3474267839,500005.1478489044,500003.22222222225,500127.06347607455,500001.99648241204,503974.0,500001.04,500001.0416666667,500001.52,500568.5714285714,500001.0004965243,500001.2,500001.19878970145,500001.0,500001.07692307694,500001.99648858793,500001.00050251256,500001.04,500001.99824120605,500001.999119829,500001.9880774963,500003.0,500000.62,500001.04
org.joda.time.chrono.BasicChronology.getYear(J)I 500001.63549522375,500001.0,500001.125,500001.06666666665,502529.0,500002.63558683085,500002.0,500063.9682459657,500000.23529411765,500169.23477015924,500007.1718711838,500003.0869565217,500126.8411697339,500001.9924623116,503966.0,500001.0625,500001.06666666665,500001.50068870524,500265.3333333333,500001.0003683241,500001.18257418583,500001.1822296467,500002.0,500001.1176470588,500001.99249061325,500001.00050251256,500001.06666666665,500001.99623115576,500001.99811202014,500001.99301048426,500003.0,499999.96,500001.0013774105
org.joda.time.field.ImpreciseDateTimeField.getDurationField()Lorg/joda/time/DurationField; 500001.92232277524,500001.0,500001.01286173635,500001.01294498384,503670.0,500002.92234229704,500002.0,500061.5887778388,500000.02555910544,500148.721172081,500005.1926597562,500001.0,500001.0,500001.84472361807,503672.0,500001.0064308682,500001.0064724919,500001.5032154341,500012.88025889965,500001.00046630914,500001.080192694,500001.0770151685,500001.0,500001.0127795527,500001.8559104686,500001.00050251256,500001.0064308682,500001.92236180906,500001.95961312245,500001.9279216235,500003.0,499998.01,500001.0064308682
org.joda.time.base.BaseDateTime.<init>(IIIIIIILorg/joda/time/DateTimeZone;)V 500001.919306184,500001.0,500001.01238390093,500001.0124610592,503658.0,500002.91932646395,500002.0,500061.4896685393,500000.02461538464,500149.0592491169,500005.2327854738,500001.0,500001.0,500001.8386934673,503660.0,500001.00619195047,500001.0062305296,500001.5030959752,500012.3987538941,500001.00046500814,500001.07868894754,500001.0754473217,500001.0,500001.0123076923,500001.8507323878,500001.00050251256,500001.00619195047,500001.91934673366,500001.957978793,500001.9253314724,500003.0,499997.89,500001.00619195047
org.joda.time.field.ImpreciseDateTimeField$LinkedDurationField.getUnitMillis()J 500001.9012066365,500001.0,500001.0101265823,500001.010178117,503586.0,500002.9012314652,500002.0,500060.89156868873,500000.0201511335,500150.9670038514,500005.45244063425,500001.0,500001.0,500001.80251256283,503588.0,500001.0050632911,500001.00508905854,500001.5025316456,500010.1272264631,500001.0004573519,500001.0711568067,500001.0675505113,500001.0,500001.01007556677,500001.8202606906,500001.00050251256,500001.0050632911,500001.9012562814,500001.9480639619,500001.91008922446,500003.0,499997.17,500001.0050632911
org.joda.time.DurationFieldType$StandardDurationFieldType.getField(Lorg/joda/time/Chronology;)Lorg/joda/time/DurationField; 500001.8728004022,500001.0,500001.0078740158,500001.00790513837,503473.0,500002.87283236993,500002.0,500064.0634601017,500000.0156862745,500159.0354276117,500006.28134938836,500003.4,500127.12692020345,500001.9984924623,503978.0,500001.00393700786,500001.00395256915,500001.50196850393,501326.6666666667,500001.00044583145,500001.0627455805,500001.05861929763,500001.0,500001.00784313725,500001.9984935978,500001.00050251256,500001.00393700786,500001.99924623116,500001.9996229735,500001.8871543265,500003.0,500000.0,500001.00393700786
org.joda.time.chrono.ZonedChronology$ZonedDateTimeField.get(J)I 500001.86802413274,500001.0,500001.0075901328,500001.0076190476,503454.0,500002.8680573008,500002.0,500059.7792480387,500000.01512287336,500154.05565472454,500005.7867398587,500001.0,500001.0,500001.7361809045,503456.0,500001.00379506644,500001.0038095238,500001.5018975332,500007.58095238096,500001.00044395117,500001.06160411035,500001.05739520217,500001.0,500001.0075614367,500001.7669256382,500001.00050251256,500001.00379506644,500001.8680904523,500001.9293880296,500001.8834110593,500003.0,499995.85,500001.00379506644
org.joda.time.chrono.AssembledChronology.months()Lorg/joda/time/DurationField; 500001.83936651587,500001.0,500001.0062402496,500001.0062597809,503340.0,500002.83940688614,500002.0,500058.80138406646,500000.0124416796,500156.4212255693,500006.02776782674,500001.0,500001.0,500001.67889447237,503342.0,500001.0031201248,500001.0031298905,500001.5015600624,500006.22848200315,500001.00043299416,500001.05585807736,500001.0511754657,500001.0,500001.0062208398,500001.72331673524,500001.00050251256,500001.0031201248,500001.83944723615,500001.91271684197,500001.86159844056,500003.0,499994.71,500001.0031201248
org.joda.time.DurationFieldType.months()Lorg/joda/time/DurationFieldType; 500001.8318250377,500001.0,500001.00596125185,500001.00597907323,503310.0,500002.83186730335,500002.0,500058.54128952324,500000.0118870728,500157.0078105625,500006.0857678194,500001.0,500001.0,500001.66381909547,503312.0,500001.00298062596,500001.0029895366,500001.501490313,500005.94917787745,500001.0004302,500001.054595109,500001.04979316494,500001.0,500001.0059435364,500001.7121961712,500001.00050251256,500001.00298062596,500001.83190954773,500001.9082430394,500001.85603615234,500003.0,499994.41,500001.00298062596
org.joda.time.chrono.AssembledChronology.days()Lorg/joda/time/DurationField; 500001.8275515334,500001.0,500001.00581395347,500001.00583090377,503293.0,500002.8275948731,500002.0,500058.3933794091,500000.0115942029,500157.3343779572,500006.11777311994,500001.0,500001.0,500001.65527638193,503295.0,500001.00290697673,500001.0029154519,500001.50145348837,500005.80174927117,500001.00042863266,500001.0539163866,500001.04904766113,500001.0,500001.0057971015,500001.705957994,500001.00050251256,500001.00290697673,500001.82763819094,500001.905691504,500001.852915952,500003.0,499994.24,500001.00290697673
org.joda.time.chrono.ZonedChronology.getDateTimeMillis(IIIIIII)J 500001.8247863248,500001.0,500001.0057224607,500001.0057388809,503282.0,500002.8248303594,500002.0,500058.2974694031,500000.0114122682,500157.54353381466,500006.13816675136,500001.0,500001.0,500001.64974874374,503284.0,500001.00286123034,500001.0028694405,500001.50143061514,500005.7101865136,500001.00042762456,500001.0534904695,500001.0485788395,500001.0,500001.0057061341,500001.70194569166,500001.00050251256,500001.00286123034,500001.8248743719,500001.90403414564,500001.8509090909,500003.0,499994.13,500001.00286123034
org.joda.time.DurationFieldType.days()Lorg/joda/time/DurationFieldType; 500001.82352941175,500001.0,500001.0056818182,500001.0056980057,503277.0,500002.82357376226,500002.0,500058.2538208332,500000.0113314448,500157.63805884874,500006.1473568556,500001.0,500001.0,500001.6472361809,503279.0,500001.0028409091,500001.00284900283,500001.50142045453,500005.6695156695,500001.00042716786,500001.0533001791,500001.04836912436,500001.0,500001.00566572236,500001.70012815035,500001.00050251256,500001.0028409091,500001.8236180905,500001.90327914024,500001.85,500003.0,499994.08,500001.0028409091
org.joda.time.chrono.BasicGJChronology.getTotalMillisByYearMonth(II)J 500001.82252388133,500001.0,500001.0056497175,500001.00566572236,503273.0,500002.8225684845,500002.0,500058.21887800365,500000.01126760565,500169.4311556879,500007.1877604542,500001.0,500001.0,500001.64522613067,503275.0,500001.00282485876,500001.0028328612,500001.5014124294,500005.6373937677,500001.00042680325,500001.05314940034,500001.04820284003,500001.0,500001.0056338028,500001.69867690996,500001.00050251256,500001.00282485876,500001.8226130653,500001.90267438657,500001.84927412466,500003.0,499994.04,500001.00282485876
org.joda.time.DateTimeZone.convertUTCToLocal(J)J 500001.79260935145,500001.0,500001.00483675936,500001.0048484848,503154.0,500002.79266147275,500002.0,500057.16938667995,500000.00965018093,500159.8655894825,500006.3593668686,500001.0,500001.0,500001.5854271357,503156.0,500001.0024183797,500001.00242424244,500001.5012091898,500004.8242424242,500001.0004162331,500001.04917702393,500001.0437816212,500001.0,500001.00482509047,500001.65660770034,500001.00050251256,500001.0024183797,500001.79271356785,500001.8843728101,500001.8282323548,500003.0,499992.85,500001.0024183797
org.joda.time.chrono.BasicGJChronology.setYear(JI)J 500001.7724987431,500001.0,500001.00518134714,500001.0044198895,503074.0,500002.77255591855,500002.0,500062.4084684714,500000.0103359173,500161.2259941627,500006.4848170355,500003.009478673,500123.81693694275,500001.8949748744,503772.0,500001.00259067357,500001.0025974026,500001.5011025358,500019.04306220094,500001.00040941656,500001.0469581906,500001.04127244954,500002.0,500001.0051679587,500001.9002148484,500001.00050251256,500001.0025974026,500001.94748743717,500001.97303573735,500001.8381795196,500003.0,499997.03,500001.0022050717
org.joda.time.base.BaseDateTime.<init>(IIIIIIILorg/joda/time/Chronology;)V 500001.7697335344,500001.0,500001.0043572985,500001.00436681224,503063.0,500002.7697914049,500002.0,500056.3534100124,500000.0086956522,500161.40826815064,500006.50140817434,500001.0,500001.0,500001.53969849244,503065.0,500001.00217864924,500001.0021834061,500001.5010893246,500004.34497816593,500001.0004084967,500001.0466760028,500001.04095093865,500001.0,500001.00434782606,500001.6258169935,500001.00050251256,500001.00217864924,500001.76984924625,500001.86996024987,500001.81283203926,500003.0,499991.94,500001.00217864924
org.joda.time.chrono.AssembledChronology.getDateTimeMillis(IIIIIII)J 500001.76018099545,500001.0028409091,500001.0041841004,500001.0041928721,503025.0,500002.76024126663,500002.0,500063.47399458976,500000.0083507307,500162.2072253838,500006.57354906085,500003.0253164557,500125.9479891795,500001.96130653267,503904.0,500001.0020920502,500001.00209643604,500001.5010460251,500051.6883116883,500001.00040535064,500001.04573893535,500001.03987902723,500001.0,500001.0041753653,500001.96204091696,500001.00050251256,500001.0020920502,500001.9806532663,500001.9902321451,500001.8065693431,500003.0,499998.35,500001.0020920502
org.joda.time.chrono.BasicChronology.getDateTimeMillis(IIIIIII)J 500001.7536450478,500001.0,500001.0040733198,500001.00408163265,502999.0,500002.7537069615,500002.0,500063.441973063,500000.0081300813,500162.44772793475,500006.59508281306,500003.0240963855,500125.883946126,500001.95929648244,503900.0,500001.00203665986,500001.00204081635,500001.50101832993,500049.13580246916,500001.00040322583,500001.04512936826,500001.0391780376,500001.0,500001.0040650407,500001.9601083477,500001.00050251256,500001.00203665986,500001.9796482412,500001.9897195076,500001.8023396531,500003.0,499998.31,500001.00203665986
org.joda.time.tz.CachedDateTimeZone$Info.getOffset(J)I 500001.6711915535,500001.0,500001.0030534351,500001.00305810396,502671.0,500002.6712741895,500002.0,500063.120849962,500000.006097561,500167.3090588898,500007.0138409224,500003.0162601626,500125.241699924,500001.9391959799,503860.0,500001.00152671756,500001.001529052,500001.5007633588,500032.8925619835,500001.0003782148,500001.03907323326,500001.0320112469,500001.0,500001.0030487805,500001.9409900024,500001.00050251256,500001.00152671756,500001.9695979899,500001.98456435767,500001.752553916,500003.0,499997.91,500001.00152671756
org.joda.time.tz.CachedDateTimeZone.getOffset(J)I 500001.6711915535,500001.0,500001.0030534351,500001.00305810396,502671.0,500002.6712741895,500002.0,500052.6913919333,500000.006097561,500167.3090588898,500007.0138409224,500001.0,500001.0,500001.34271356784,502673.0,500001.00152671756,500001.001529052,500001.5007633588,500003.0428134557,500001.0003782148,500001.03907323326,500001.0320112469,500001.0,500001.0030487805,500001.50529500755,500001.00050251256,500001.00152671756,500001.67135678395,500001.8033674083,500001.752553916,500003.0,499988.02,500001.00152671756
org.joda.time.chrono.ISOChronology.getInstance(Lorg/joda/time/DateTimeZone;)Lorg/joda/time/chrono/ISOChronology; 500001.4474610357,500001.0,500001.00181818183,500001.0018198362,501781.0,500002.4475998995,500002.0,500063.86493458203,500000.00363306084,500178.4397106113,500007.8772766675,500003.06666666665,500126.729869164,500001.9859296482,503953.0,500001.0009090909,500001.0009099181,500001.5004545454,500142.14285714284,500001.00032372936,500001.0301511345,500001.0201688562,500001.0,500001.0018165304,500001.98602794413,500001.00050251256,500001.0009090909,500001.99296482414,500001.99646999495,500001.6441062176,500003.0,499998.84,500001.0009090909
org.joda.time.DateTimeUtils.getChronology(Lorg/joda/time/Chronology;)Lorg/joda/time/Chronology; 500001.3579688286,500001.0,500001.0015649452,500001.0015661707,501425.0,500002.3581301835,500002.0,500054.2447180479,500000.0031274433,500185.3737637016,500008.36416916235,500003.00174367917,500107.4894360958,500001.42462311557,502836.0,500001.0007824726,500001.00078308536,500001.50039123633,500003.4759825328,500001.0003060912,500001.02797271195,500001.01673621236,500001.0,500001.0015637217,500001.5531707317,500001.00050251256,500001.0007824726,500001.7123115578,500001.8319882612,500001.6090018371,500003.0,499987.67,500001.0007824726
org.joda.time.IllegalFieldValueException.prependMessage(Ljava/lang/String;)V 50002.0,50001.0,50003.0,1050001.0,53979.0,50003.0,50002.0,50064.08724118235,50002.0,50131.14277624977,50001.0,50001.0,50001.0,50002.0,53981.0,50002.0,1050001.0,50002.0,50001.0,50001.000502512565,50002.0,50002.0,50001.0,50002.0,50002.0,50001.000502512565,50002.0,50002.0,50002.0,50002.0,50003.0,50003.0,50002.0
org.joda.time.format.DateTimeFormatter.parseInto(Lorg/joda/time/ReadWritableInstant;Ljava/lang/String;I)I 50001.9942182001,50001.0,50001.16,50001.17391304348,53956.0,50002.99421965318,50002.0,50064.06346010171,50000.2962962963,50135.93860777308,50003.18993870309,50003.4,50127.126920203424,50001.99849246231,53978.0,50001.08,50001.086956521736,50001.54,51326.666666666664,50001.00049962528,50001.28284271248,50001.28202385716,50001.0,50001.148148148146,50001.99849359779,50001.000502512565,50001.08,50001.99924623116,50001.99962297348,50001.99425143714,50003.0,50000.87,50001.08
org.joda.time.format.DateTimeParserBucket.sort([Lorg/joda/time/format/DateTimeParserBucket$SavedField;I)V 50001.986173956764,50001.0,50001.070175438595,50001.07272727273,53924.0,50002.986177431514,50002.0,50063.649820430706,50000.13559322034,50148.74959311143,50005.19604776685,50001.0,50001.0,50001.97236180904,53926.0,50001.0350877193,50001.03636363636,50001.51754385965,50072.36363636364,50001.00049566295,50001.187317162316,50001.18601772758,50001.0,50001.06779661017,50001.97273853779,50001.000502512565,50001.0350877193,50001.986180904525,50001.99304237824,50001.9863625093,50003.0,50000.55,50001.0350877193
org.joda.time.chrono.BasicMonthOfYearDateTimeField.set(JI)J 50001.7790346908,50001.0,50001.125,50001.066666666666,53100.0,50002.779090223674,50002.0,50063.96824596573,50000.23529411765,50160.82442040908,50006.44808628413,50002.0625,50063.952362942146,50001.99246231156,53966.0,50001.0625,50001.066666666666,50001.50113507378,50265.333333333336,50001.000411607325,50001.182574185834,50001.18222964672,50002.0,50001.117647058825,50001.992490613266,50001.000502512565,50001.066666666666,50001.996231155776,50001.99811202014,50001.99301048427,50003.0,49999.96,50001.00227014756
org.joda.time.format.ISODateTimeFormat.dateTimeNoMillis()Lorg/joda/time/format/DateTimeFormatter; 50001.98139768728,50001.0,50001.05263157895,50001.05405405405,53905.0,50002.981402362406,50002.0,50064.06346010171,50000.10256410256,50139.74510151681,50003.93297208767,50003.4,50127.126920203424,50001.99849246231,53978.0,50001.02631578947,50001.02702702703,50001.51315789474,51326.666666666664,50001.00049333991,50001.16222142113,50001.16070549128,50001.0,50001.05128205128,50001.99849359779,50001.000502512565,50001.02631578947,50001.99924623116,50001.99962297348,50001.981737413626,50003.0,50000.36,50001.02631578947
org.joda.time.format.DateTimeFormatterBuilder.appendDayOfWeekShortText()Lorg/joda/time/format/DateTimeFormatterBuilder; 50001.98114630468,50001.0,50001.05194805195,50001.05333333334,53904.0,50002.98115104298,50002.0,50063.489999199875,50000.101265822785,50139.803030287614,50003.94283095638,50001.0,50001.0,50001.96231155779,53906.0,50001.02597402597,50001.026666666665,50001.51298701299,50053.066666666666,50001.00049321825,50001.161164592806,50001.15963808945,50001.0,50001.05063291139,50001.96300863132,50001.000502512565,50001.02597402597,50001.98115577889,50001.990488268864,50001.981495188746,50003.0,50000.35,50001.02597402597
org.joda.time.format.DateTimeFormatterBuilder.appendShortText(Lorg/joda/time/DateTimeFieldType;)Lorg/joda/time/format/DateTimeFormatterBuilder; 50001.97888386124,50001.0,50001.04651162791,50001.04761904762,53895.0,50002.97888916813,50002.0,50063.417946137306,50000.09090909091,50140.30792763968,50004.02740010404,50001.0,50001.0,50001.957788944725,53897.0,50001.023255813954,50001.02380952381,50001.51162790698,50047.380952380954,50001.00049212598,50001.15249857033,50001.15087988918,50001.0,50001.045454545456,50001.958661417324,50001.000502512565,50001.023255813954,50001.97889447236,50001.989334687656,50001.979320531755,50003.0,50000.26,50001.023255813954
org.joda.time.format.DateTimeFormatterBuilder$TimeZoneOffset.estimatePrintedLength()I 50001.97762694822,50001.0,50001.043956043955,50001.04494382023,53890.0,50002.977632571,50002.0,50063.377880695,50000.086021505376,50140.99163405157,50004.13828899271,50001.0,50001.0,50001.95527638191,53892.0,50001.02197802198,50001.02247191011,50001.51098901099,50044.7191011236,50001.000491521256,50001.148249863334,50001.14658208129,50001.0,50001.04301075269,50001.95625460801,50001.000502512565,50001.02197802198,50001.977638190954,50001.98869266929,50001.97811654783,50003.0,50000.21,50001.02197802198
org.joda.time.IllegalFieldValueException.createMessage(Ljava/lang/String;Ljava/lang/Number;Ljava/lang/Number;Ljava/lang/Number;Ljava/lang/String;)Ljava/lang/String; 50001.976621417794,50001.0,50001.04210526316,50001.04301075269,53886.0,50002.97662729329,50002.0,50063.984124983996,50000.0824742268,50142.32311613727,50004.343701524886,50003.13333333333,50126.968249968,50001.99346733668,53968.0,50001.02105263158,50001.021505376346,50001.51052631579,50306.153846153844,50001.00049103855,50001.14509525002,50001.14338915894,50001.0,50001.0412371134,50001.99348860506,50001.000502512565,50001.02105263158,50001.99673366834,50001.99836416258,50001.97715549005,50003.0,50000.17,50001.02105263158
org.joda.time.format.DateTimeFormatterBuilder$Composite.decompose(Ljava/util/List;Ljava/util/List;Ljava/util/List;)V 50001.976621417794,50001.0035335689,50001.04210526316,50001.04301075269,53886.0,50002.97662729329,50002.0,50063.34580980307,50000.0824742268,50147.17399579165,50005.003900540956,50001.0,50001.0,50001.95326633166,53888.0,50001.02105263158,50001.021505376346,50001.51052631579,50042.79569892473,50001.00049103855,50001.14509525002,50001.14338915894,50001.0,50001.0412371134,50001.954333415175,50001.000502512565,50001.02105263158,50001.97663316583,50001.988178467014,50001.97715549005,50003.0,50000.17,50001.02105263158
org.joda.time.format.DateTimeFormatterBuilder$TimeZoneOffset.estimateParsedLength()I 50001.97611865259,50001.0,50001.0412371134,50001.04210526316,53884.0,50002.97612465444,50002.0,50063.32976816899,50000.080808080806,50140.88957059458,50004.12198564135,50001.0,50001.0,50001.952261306535,53886.0,50001.0206185567,50001.02105263158,50001.510309278354,50041.89473684211,50001.000490797545,50001.14359163172,50001.14186669019,50001.0,50001.0404040404,50001.953374233126,50001.000502512565,50001.0206185567,50001.97613065327,50001.98792116974,50001.97667566904,50003.0,50000.15,50001.0206185567
org.joda.time.format.DateTimeFormatter.getLocale()Ljava/util/Locale; 50001.97310206134,50001.00321543408,50001.036697247706,50001.03738317757,53872.0,50002.97310882131,50002.0,50063.23343153,50000.07207207207,50141.48685668256,50004.2162214527,50001.0,50001.0,50001.94623115578,53874.0,50001.01834862385,50001.01869158878,50001.50917431193,50037.19626168224,50001.0004893565,50001.13545709229,50001.13362291605,50001.0,50001.036036036036,50001.94763885491,50001.000502512565,50001.01834862385,50001.973115577886,50001.986374633896,50001.973806609545,50003.0,50000.03,50001.01834862385
org.joda.time.format.DateTimeFormatter.withLocale(Ljava/util/Locale;)Lorg/joda/time/format/DateTimeFormatter; 50001.97310206134,50001.00321543408,50001.036697247706,50001.03738317757,53872.0,50002.97310882131,50002.0,50063.96824596573,50000.07207207207,50141.48685668256,50004.2162214527,50003.117647058825,50126.93649193145,50001.99246231156,53966.0,50001.01834862385,50001.01869158878,50001.50917431193,50265.333333333336,50001.0004893565,50001.13545709229,50001.13362291605,50001.0,50001.036036036036,50001.992490613266,50001.000502512565,50001.01834862385,50001.996231155776,50001.99811202014,50001.973806609545,50003.0,50000.03,50001.01834862385
org.joda.time.IllegalFieldValueException.<init>(Lorg/joda/time/DateTimeFieldType;Ljava/lang/Number;Ljava/lang/Number;Ljava/lang/Number;)V 50001.97159376571,50001.0,50001.034782608695,50001.03539823009,53866.0,50002.97160090475,50002.0,50063.18520724417,50000.068376068375,50141.772922062504,50004.26039043869,50001.0,50001.0,50001.9432160804,53868.0,50001.01739130435,50001.017699115044,50001.50869565218,50035.22123893805,50001.00048863914,50001.13187609468,50001.129989549125,50001.0,50001.03418803419,50001.94478377718,50001.000502512565,50001.01739130435,50001.9716080402,50001.985599592204,50001.97237839159,50003.0,49999.97,50001.01739130435
org.joda.time.format.DateTimeFormatterBuilder.append(Lorg/joda/time/format/DateTimeFormatter;)Lorg/joda/time/format/DateTimeFormatterBuilder; 50001.971342383105,50001.0,50001.03448275862,50001.0350877193,53865.0,50002.97134958532,50002.0,50063.17716622684,50000.06779661017,50141.8198545018,50004.26757987692,50001.0,50001.0,50001.94271356784,53867.0,50001.01724137931,50001.01754385965,50001.50862068965,50034.912280701756,50001.000488519785,50001.13130643286,50001.129411291884,50001.0,50001.03389830508,50001.9443087445,50001.000502512565,50001.01724137931,50001.97135678392,50001.98547030334,50001.97214076246,50003.0,49999.96,50001.01724137931
org.joda.time.format.DateTimeFormatter.getParser()Lorg/joda/time/format/DateTimeParser; 50001.97033685269,50002.0,50001.03333333333,50001.03389830508,53861.0,50002.970344307614,50002.0,50063.14499175316,50000.065573770495,50142.00555674097,50004.29587325169,50001.0,50001.0,50001.94070351759,53863.0,50001.01666666667,50001.016949152545,50001.50833333333,50033.72881355932,50001.00048804295,50001.12909944487,50001.127170283,50001.0,50001.03278688525,50001.94241093216,50001.000502512565,50001.01666666667,50001.97035175879,50001.98495281816,50001.97119140625,50003.0,49999.92,50001.01666666667
org.joda.time.chrono.BasicChronology.getDaysInMonthMax(J)I 50001.96757164404,50001.0,50001.03053435114,50001.03100775194,53850.0,50002.96757979392,50002.0,50063.056425936404,50000.06015037594,50142.500592941375,50004.37013600491,50001.0,50001.0,50001.9351758794,53852.0,50001.01526717557,50001.01550387597,50001.50763358779,50030.8527131783,50001.00048673643,50001.12356041264,50001.12154047132,50001.0,50001.03007518797,50001.937211000244,50001.000502512565,50001.01526717557,50001.9675879397,50001.983527008044,50001.968590211836,50003.0,49999.81,50001.01526717557
org.joda.time.tz.DateTimeZoneBuilder$PrecalculatedZone.previousTransition(J)J 50001.49195575666,50001.0,50001.05882352941,50001.030303030304,50000.0,50001.99195777834,50001.0,50064.0396700499,50000.114285714284,50154.48049516841,50005.93332736788,50003.25,50127.07934009979,50001.996984924626,53975.0,50001.029411764706,50001.030303030304,50001.26515151515,50663.333333333336,50001.00024919013,50001.12309149098,50001.12257987116,50002.0,50001.05714285714,50001.99698946312,50001.00025125628,50001.030303030304,50001.99849246231,50001.99924566256,50001.98416625433,50002.0,49999.78,50001.00000312467
org.joda.time.format.DateTimeFormatter.getPrinter()Lorg/joda/time/format/DateTimePrinter; 50001.96681749623,50002.0,50001.02985074627,50001.030303030304,53847.0,50002.96682583564,50002.0,50063.03224967708,50000.05882352941,50142.631901542845,50004.38956122427,50001.0,50001.0,50001.933668341706,53849.0,50001.014925373136,50001.01515151515,50001.50746268657,50030.15151515151,50001.00048638132,50001.12216944436,50001.12012540066,50001.0,50001.029411764706,50001.93579766537,50001.000502512565,50001.014925373136,50001.96683417085,50001.98313745529,50001.96788321168,50003.0,49999.78,50001.014925373136
org.joda.time.format.DateTimeFormatterBuilder.append0(Lorg/joda/time/format/DateTimePrinter;Lorg/joda/time/format/DateTimeParser;)Lorg/joda/time/format/DateTimeFormatterBuilder; 50001.963800904974,50001.0,50001.02739726027,50001.02777777778,53835.0,50002.96381000251,50002.0,50062.93545026881,50000.05405405405,50143.14277624977,50004.464101615136,50001.0,50001.0,50001.92763819095,53837.0,50001.01369863014,50001.01388888889,50001.50684931507,50027.63888888889,50001.000484966055,50001.1170411472,50001.11490322938,50001.0,50001.02702702703,50001.93016488846,50001.000502512565,50001.01369863014,50001.96381909548,50001.981576253835,50001.96506550218,50003.0,49999.66,50001.01369863014
org.joda.time.format.DateTimeFormatterBuilder.appendLiteral(C)Lorg/joda/time/format/DateTimeFormatterBuilder; 50001.94092508798,50001.0,50001.01687763713,50001.017021276595,53744.0,50002.940939934655,50002.0,50062.19640512318,50000.03347280335,50146.47248596653,50004.91531732006,50001.0,50001.0,50001.88190954774,53746.0,50001.008438818564,50001.0085106383,50001.50421940928,50016.936170212764,50001.00047449585,50001.091863042435,50001.089108339125,50001.0,50001.016736401674,50001.88849347568,50001.000502512565,50001.008438818564,50001.94095477387,50001.96957928802,50001.94422027059,50003.0,49998.75,50001.008438818564
org.joda.time.format.DateTimeFormatterBuilder$CharacterLiteral.estimatePrintedLength()I 50001.93991955757,50001.003086419754,50001.016597510374,50001.016736401674,53740.0,50002.93993465695,50002.0,50062.16371473349,50000.0329218107,50146.60240108351,50004.931872942216,50001.0,50001.0,50001.879899497486,53742.0,50001.00829875519,50001.00836820083,50001.50414937759,50016.652719665275,50001.000474045984,50001.09109750373,50001.08831852752,50001.0,50001.016460905346,50001.88670301019,50001.000502512565,50001.00829875519,50001.93994974875,50001.969045460435,50001.94332463837,50003.0,49998.71,50001.00829875519
org.joda.time.format.DateTimeFormatterBuilder$NumberFormatter.estimateParsedLength()I 50001.939668174964,50001.0,50001.01652892562,50001.01666666667,53739.0,50002.93968333752,50002.0,50062.155539405685,50000.03278688525,50146.6347096346,50004.93597934253,50001.0,50001.0,50001.87939698492,53741.0,50001.00826446281,50001.00833333333,50001.50413223141,50016.583333333336,50001.00047393365,50001.09090909091,50001.08812407552,50001.0,50001.016393442624,50001.88625592417,50001.000502512565,50001.00826446281,50001.93969849246,50001.9689119171,50001.94310099573,50003.0,49998.7,50001.00826446281
org.joda.time.format.DateTimeFormatterBuilder$CharacterLiteral.estimateParsedLength()I 50001.93941679236,50001.0,50001.016460905346,50001.016597510374,53738.0,50002.939432018095,50002.0,50062.14736298484,50000.03265306122,50146.66695094603,50004.94007293032,50001.0,50001.0,50001.878894472364,53740.0,50001.00823045267,50001.00829875519,50001.50411522634,50016.51452282158,50001.00047382137,50001.09072184232,50001.08793079922,50001.0,50001.01632653061,50001.885809049985,50001.000502512565,50001.00823045267,50001.93944723618,50001.968778339164,50001.942877459114,50003.0,49998.69,50001.00823045267
org.joda.time.format.DateTimeFormatterBuilder$PaddedNumber.estimatePrintedLength()I 50001.93866264455,50001.0,50001.0162601626,50001.016393442624,53735.0,50002.938678059814,50002.0,50062.12282715974,50000.032258064515,50146.76327560159,50004.95227774224,50001.0,50001.0,50001.87738693468,53737.0,50001.0081300813,50001.00819672131,50001.50406504065,50016.311475409835,50001.00047348485,50001.09016696347,50001.08735790528,50001.0,50001.01612903226,50001.88446969697,50001.000502512565,50001.0081300813,50001.93869346734,50001.968377397614,50001.94220748461,50003.0,49998.66,50001.0081300813
org.joda.time.format.DateTimeFormatterBuilder.isParser(Ljava/lang/Object;)Z 50001.9358974359,50001.0,50001.01556420233,50001.01568627451,53724.0,50002.93591354612,50002.0,50063.665780135576,50000.03088803089,50148.289204449255,50005.140824579656,50003.03636363636,50126.331560271145,50001.97336683417,53928.0,50001.007782101166,50001.00784313725,50001.50389105058,50075.09433962264,50001.000472255015,50001.088216218275,50001.08534195058,50001.0,50001.015444015444,50001.9737168361,50001.000502512565,50001.007782101166,50001.98668341708,50001.99329707854,50001.93975903615,50003.0,49998.59,50001.007782101166
org.joda.time.format.DateTimeFormatterBuilder.isPrinter(Ljava/lang/Object;)Z 50001.9358974359,50001.0,50001.01556420233,50001.01568627451,53724.0,50002.93591354612,50002.0,50064.06346010171,50000.03088803089,50148.289204449255,50005.140824579656,50003.4,50127.126920203424,50001.99849246231,53978.0,50001.007782101166,50001.00784313725,50001.50389105058,51326.666666666664,50001.000472255015,50001.088216218275,50001.08534195058,50001.0,50001.015444015444,50001.99849359779,50001.000502512565,50001.007782101166,50001.99924623116,50001.99962297348,50001.93975903615,50003.0,50000.0,50001.007782101166
org.joda.time.chrono.BasicMonthOfYearDateTimeField.getRangeDurationField()Lorg/joda/time/DurationField; 50001.93539467069,50001.0,50001.015444015444,50001.01556420233,53722.0,50002.93541090727,50002.0,50062.01639124039,50000.030651340996,50147.17399579165,50005.003900540956,50001.0,50001.0,50001.87085427136,53724.0,50001.00772200772,50001.007782101166,50001.50386100386,50015.48638132296,50001.0004720321,50001.08787495503,50001.08498896911,50001.0,50001.0153256705,50001.87868775077,50001.000502512565,50001.00772200772,50001.93542713568,50001.96663637544,50001.93931523022,50003.0,49998.53,50001.00772200772
org.joda.time.format.DateTimeFormatterBuilder.getFormatter()Ljava/lang/Object; 50001.93539467069,50001.0,50001.015444015444,50001.01556420233,53722.0,50002.93541090727,50002.0,50064.06346010171,50000.030651340996,50148.37646418939,50005.151347725696,50003.4,50127.126920203424,50001.99849246231,53978.0,50001.00772200772,50001.007782101166,50001.50386100386,51326.666666666664,50001.0004720321,50001.08787495503,50001.08498896911,50001.0,50001.0153256705,50001.99849359779,50001.000502512565,50001.00772200772,50001.99924623116,50001.99962297348,50001.93931523022,50003.0,50000.0,50001.00772200772
org.joda.time.format.DateTimeFormatterBuilder.append0(Ljava/lang/Object;)Lorg/joda/time/format/DateTimeFormatterBuilder; 50001.93187531423,50001.0,50001.01465201465,50001.0147601476,53708.0,50002.931892435285,50002.0,50061.90155991434,50000.02909090909,50147.60485388293,50005.057348596456,50001.0,50001.0,50001.86381909548,53710.0,50001.007326007326,50001.0073800738,50001.50366300366,50014.68634686347,50001.000470477535,50001.085592098505,50001.082625210314,50001.0,50001.01454545455,50001.8725005881,50001.000502512565,50001.007326007326,50001.93190954774,50001.96475484459,50001.93622028713,50003.0,49998.39,50001.007326007326
org.joda.time.format.DateTimeFormatterBuilder.toFormatter()Lorg/joda/time/format/DateTimeFormatter; 50001.92911010558,50001.0,50001.01408450704,50001.014184397165,53697.0,50002.92912792159,50002.0,50064.06346010171,50000.02797202797,50148.11333899825,50005.11953428781,50003.4,50127.126920203424,50001.99849246231,53978.0,50001.00704225352,50001.00709219858,50001.50352112676,51326.666666666664,50001.00046926326,50001.08391813583,50001.080888991295,50001.0,50001.01398601398,50001.99849359779,50001.000502512565,50001.00704225352,50001.99924623116,50001.99962297348,50001.9338028169,50003.0,50000.0,50001.00704225352
org.joda.time.format.DateTimeParserBucket$SavedField.compareTo(Lorg/joda/time/format/DateTimeParserBucket$SavedField;)I 50001.92860734037,50001.0,50001.01398601398,50001.01408450704,53695.0,50002.92862528274,50002.0,50063.952362942146,50000.02777777778,50148.08385059587,50005.115953637505,50003.10526315789,50126.9047258843,50001.99145728643,53964.0,50001.006993006995,50001.00704225352,50001.503496503494,50234.117647058825,50001.00046904315,50001.083624201,50001.080583854615,50001.0,50001.01388888889,50001.99149362022,50001.000502512565,50001.006993006995,50001.99572864322,50001.99785975072,50001.93336461755,50003.0,49998.95,50001.006993006995
org.joda.time.format.DateTimeFormatter.<init>(Lorg/joda/time/format/DateTimePrinter;Lorg/joda/time/format/DateTimeParser;)V 50001.927601809955,50002.0,50001.01379310345,50001.01388888889,53691.0,50002.92762000503,50002.0,50061.761830123854,50000.02739726027,50148.11333899825,50005.11953428781,50001.0,50001.0,50001.85527638191,53693.0,50001.00689655173,50001.006944444445,50001.503448275864,50013.819444444445,50001.00046860356,50001.083045479856,50001.079982834795,50001.0,50001.01369863014,50001.86504217432,50001.000502512565,50001.00689655173,50001.92763819095,50001.962460896764,50001.93248945148,50003.0,49998.22,50001.00689655173
org.joda.time.format.DateTimeFormatterBuilder$CharacterLiteral.parseInto(Lorg/joda/time/format/DateTimeParserBucket;Ljava/lang/String;I)I 50001.92735042735,50001.0,50001.01374570447,50001.01384083045,53690.0,50002.927368685596,50002.0,50063.34580980307,50000.027303754265,50148.9191650844,50005.21620550194,50003.02105263158,50125.69161960613,50001.95326633166,53888.0,50001.00687285223,50001.006920415224,50001.503436426116,50042.79569892473,50001.000468493796,50001.08290266723,50001.0798344691,50001.0,50001.01365187713,50001.954333415175,50001.000502512565,50001.00687285223,50001.97663316583,50001.988178467014,50001.93227091633,50003.0,49998.21,50001.00687285223
org.joda.time.format.DateTimeParserBucket$SavedField.set(JZ)J 50001.92559074912,50001.0,50001.01342281879,50001.01351351351,53683.0,50002.92560944961,50002.0,50063.87288763847,50000.026666666665,50148.347426783854,50005.147848904446,50003.06896551724,50126.74577527695,50001.986432160804,53954.0,50001.0067114094,50001.00675675676,50001.5033557047,50147.40740740741,50001.000467726844,50001.081923192054,50001.078816359026,50001.0,50001.013333333336,50001.98652358373,50001.000502512565,50001.0067114094,50001.9932160804,50001.99659649565,50001.93074403369,50003.0,49998.85,50001.0067114094
org.joda.time.format.DateTimeFormatterBuilder.<init>()V 50001.9243338361,50001.0,50001.01320132013,50001.01328903654,53678.0,50002.924352852475,50002.0,50061.654760736485,50000.0262295082,50148.49212782267,50005.16525528304,50001.0,50001.0,50001.84874371859,53680.0,50001.00660066007,50001.006644518275,50001.503300330034,50013.22259136213,50001.000467180565,50001.08124444637,50001.07811026462,50001.0,50001.013114754096,50001.859378649846,50001.000502512565,50001.00660066007,50001.9243718593,50001.96069983026,50001.92965646179,50003.0,49998.09,50001.00660066007
org.joda.time.format.DateTimeFormatterBuilder$NumberFormatter.parseInto(Lorg/joda/time/format/DateTimeParserBucket;Ljava/lang/String;I)I 50001.920814479636,50001.0,50001.01261829653,50001.0126984127,53664.0,50002.9208343805,50002.0,50064.06346010171,50000.02507836991,50149.36364340806,50005.2685907696,50003.4,50127.126920203424,50001.99849246231,53978.0,50001.006309148266,50001.00634920635,50001.50315457413,51326.666666666664,50001.000465657744,50001.07943014708,50001.0762204374,50001.0,50001.01253918495,50001.99849359779,50001.000502512565,50001.006309148266,50001.99924623116,50001.99962297348,50001.92662473794,50003.0,50000.0,50001.006309148266
org.joda.time.format.DateTimeParserBucket$SavedField.<init>(Lorg/joda/time/DateTimeField;I)V 50001.918803418805,50001.0,50001.012307692305,50001.01238390093,53656.0,50002.91882382508,50002.0,50061.47313453096,50000.024464831804,50149.11497700538,50005.23936324884,50001.0,50001.0,50001.83768844221,53658.0,50001.00615384615,50001.006191950466,50001.50307692308,50012.321981424146,50001.00046479201,50001.078446454056,50001.075194247685,50001.0,50001.0122324159,50001.849872182196,50001.000502512565,50001.00615384615,50001.91884422111,50001.95770590546,50001.92490118577,50003.0,49997.87,50001.00615384615
org.joda.time.format.DateTimeParserBucket.saveField(Lorg/joda/time/DateTimeFieldType;I)V 50001.918803418805,50001.0,50001.012307692305,50001.01238390093,53656.0,50002.91882382508,50002.0,50061.47313453096,50000.024464831804,50149.11497700538,50005.23936324884,50001.0,50001.0,50001.83768844221,53658.0,50001.00615384615,50001.006191950466,50001.50307692308,50012.321981424146,50001.00046479201,50001.078446454056,50001.075194247685,50001.0,50001.0122324159,50001.849872182196,50001.000502512565,50001.00615384615,50001.91884422111,50001.95770590546,50001.92490118577,50003.0,49997.87,50001.00615384615
org.joda.time.format.DateTimeParserBucket.saveField(Lorg/joda/time/format/DateTimeParserBucket$SavedField;)V 50001.918803418805,50001.0,50001.012307692305,50001.01238390093,53656.0,50002.91882382508,50002.0,50063.15303693304,50000.024464831804,50149.11497700538,50005.23936324884,50003.01680672269,50125.306073866086,50001.94120603015,53864.0,50001.00615384615,50001.006191950466,50001.50307692308,50034.017094017094,50001.00046479201,50001.078446454056,50001.075194247685,50001.0,50001.0122324159,50001.94288503783,50001.000502512565,50001.00615384615,50001.97060301508,50001.98508223894,50001.92490118577,50003.0,49997.95,50001.00615384615
org.joda.time.format.DateTimeFormatter.requireParser()Lorg/joda/time/format/DateTimeParser; 50001.91176470588,50001.0,50001.01133144476,50001.011396011396,53628.0,50002.91178688112,50002.0,50064.047601064594,50000.02253521127,50149.931070477825,50005.334546600054,50003.28571428572,50127.09520212918,50001.997487437184,53976.0,50001.00566572238,50001.0056980057,50001.50283286119,50796.0,50001.00046178712,50001.07527099295,50001.07187353963,50001.0,50001.01126760563,50001.99749058971,50001.000502512565,50001.00566572238,50001.99874371859,50001.99937146449,50001.91891891892,50003.0,49998.9,50001.00566572238
org.joda.time.format.DateTimeParserBucket.<init>(JLorg/joda/time/Chronology;Ljava/util/Locale;Ljava/lang/Integer;I)V 50001.91176470588,50001.0,50001.01133144476,50001.011396011396,53628.0,50002.91178688112,50002.0,50061.24118192732,50000.02253521127,50149.877770244966,50005.32839392791,50001.0,50001.0,50001.82361809045,53630.0,50001.00566572238,50001.0056980057,50001.50283286119,50011.339031339034,50001.00046178712,50001.07527099295,50001.07187353963,50001.0,50001.01126760563,50001.837912722236,50001.000502512565,50001.00566572238,50001.911809045225,50001.95387041661,50001.91891891892,50003.0,49997.59,50001.00566572238
org.joda.time.chrono.AssembledChronology.years()Lorg/joda/time/DurationField; 50001.86324786325,50001.0,50001.007326007326,50001.007352941175,53435.0,50002.863282231716,50002.0,50059.61740355901,50000.01459854015,50154.466583829155,50005.82947280553,50001.0,50001.0,50001.72663316583,53437.0,50001.00366300366,50001.00367647059,50001.50183150183,50007.31617647059,50001.000442086646,50001.060522753265,50001.05623237578,50001.0,50001.00729927007,50001.75950486295,50001.000502512565,50001.00366300366,50001.863316582916,50001.92664509169,50001.87969924812,50003.0,49995.66,50001.00366300366
org.joda.time.field.PreciseDurationField.getUnitMillis()J 50001.85243841126,50001.0,50001.00679117148,50001.00681431005,53392.0,50002.85247549636,50002.0,50059.24946351684,50000.01353637902,50155.37085912895,50005.9222030514,50001.0,50001.0,50001.70502512563,53394.0,50001.003395585736,50001.003407155025,50001.50169779287,50006.780238500854,50001.00043792424,50001.05827165468,50001.05380081516,50001.0,50001.00676818951,50001.742938471645,50001.000502512565,50001.003395585736,50001.852512562815,50001.9203851892,50001.871412924425,50003.0,49995.23,50001.003395585736
org.joda.time.chrono.ZonedChronology.localToUTC(J)J 50001.826546003016,50001.0,50001.00578034682,50001.00579710145,53289.0,50002.826589595374,50002.0,50064.00793600809,50000.01152737752,50157.524588166314,50006.136322801045,50003.166666666664,50127.015872016185,50001.994974874375,53971.0,50001.00289017341,50001.00289855072,50001.5014450867,50398.0,50001.00042826553,50001.05376033306,50001.04887597856,50001.0,50001.00576368876,50001.99498746867,50001.000502512565,50001.00289017341,50001.997487437184,50001.99874213836,50001.85218508998,50003.0,49998.4,50001.00289017341
org.joda.time.format.DateTimeFormatter.selectChronology(Lorg/joda/time/Chronology;)Lorg/joda/time/Chronology; 50001.81749622926,50001.0,50001.005494505494,50001.00550964187,53253.0,50002.817542096,50002.0,50063.13694553162,50000.01095890411,50158.08716342039,50006.19079831727,50003.01652892562,50125.27389106325,50001.940201005025,53862.0,50001.00274725275,50001.00275482094,50001.50137362637,50033.445378151264,50001.000424989375,50001.052414241836,50001.04739059782,50001.0,50001.005479452055,50001.94193705782,50001.000502512565,50001.00274725275,50001.97010050251,50001.984823364364,50001.8456632653,50003.0,49997.93,50001.00274725275
org.joda.time.chrono.BasicGJChronology.getDaysInYearMonth(II)I 50001.816490698846,50001.0,50001.00546448088,50001.005479452055,53249.0,50002.816536818296,50002.0,50058.00877125496,50000.01089918256,50168.304584601894,50007.09604858512,50001.0,50001.0,50001.633165829146,53251.0,50001.002732240435,50001.00273972603,50001.50136612022,50005.45205479452,50001.00042462845,50001.05227083735,50001.04723186323,50001.0,50001.00544959128,50001.69002123142,50001.000502512565,50001.002732240435,50001.81658291457,50001.899031811896,50001.84494477485,50003.0,49993.8,50001.002732240435
org.joda.time.DateTimeFieldType$StandardDateTimeFieldType.getField(Lorg/joda/time/Chronology;)Lorg/joda/time/DateTimeField; 50001.812971342384,50001.0,50001.00536193029,50001.00537634409,53235.0,50002.81301834632,50002.0,50064.06346010171,50000.010695187164,50165.89907064374,50006.89544692063,50003.4,50127.126920203424,50001.99849246231,53978.0,50001.002680965146,50001.00268817204,50001.50134048257,51326.666666666664,50001.000423370024,50001.051778037305,50001.04668562771,50001.0,50001.005347593586,50001.99849359779,50001.000502512565,50001.002680965146,50001.99924623116,50001.99962297348,50001.84243964422,50003.0,50000.0,50001.002680965146
org.joda.time.DateTimeZone.getOffsetFromLocal(J)I 50001.81121166415,50001.0,50001.00531208499,50001.005326231694,53228.0,50002.81125911033,50002.0,50064.0,50000.01059602649,50158.855589170875,50006.26429605181,50003.153846153844,50127.0,50001.99447236181,53970.0,50001.002656042496,50001.00266311585,50001.50132802125,50361.818181818184,50001.00042274361,50001.0515368072,50001.04641780535,50002.0,50001.005298013246,50001.99448759709,50001.000502512565,50001.002656042496,50001.997236180905,50001.998616178134,50001.84119264115,50003.0,49998.99,50001.002656042496
org.joda.time.chrono.BasicGJChronology.getDaysInMonthMaxForSet(JI)I 50001.7848164907,50001.0,50001.00466200466,50001.004672897194,53123.0,50002.7848705705,50002.0,50056.89275444993,50000.00930232558,50160.400253926426,50006.40901818047,50001.0,50001.0,50001.56984924623,53125.0,50001.00233100233,50001.0023364486,50001.50116550116,50004.64953271028,50001.00041356493,50001.04828045496,50001.04277159185,50001.0,50001.00465116279,50001.64598842018,50001.000502512565,50001.00233100233,50001.78492462311,50001.879504504504,50001.82292097642,50003.0,49992.54,50001.00233100233
org.joda.time.chrono.BasicChronology.getDayOfMonth(JI)I 50001.7790346908,50001.0,50001.00454029512,50001.00455062571,53100.0,50002.779090223674,50002.0,50056.686623169306,50000.00906002265,50160.79071041052,50006.44499165846,50001.0,50001.0,50001.55829145729,53102.0,50001.00227014756,50001.00227531286,50001.50113507378,50004.52787258248,50001.000411607325,50001.04764606552,50001.04205381912,50001.0,50001.00453001133,50001.63819715991,50001.000502512565,50001.00227014756,50001.779145728644,50001.87586499082,50001.819024088945,50003.0,49992.31,50001.00227014756
org.joda.time.field.PreciseDurationDateTimeField.set(JI)J 50001.77476118653,50001.0,50001.00445434298,50001.00446428572,53083.0,50002.77481779342,50002.0,50056.53377350766,50000.008888888886,50161.07603534396,50006.47112959947,50001.0,50001.0,50001.54974874372,53085.0,50001.00222717149,50001.002232142855,50001.50111358575,50004.44196428572,50001.00041017227,50001.04719291782,50001.041539451464,50001.0,50001.00444444444,50001.63248564397,50001.000502512565,50001.00222717149,50001.77487437186,50001.8731596829,50001.816167418954,50003.0,49992.14,50001.00222717149
org.joda.time.chrono.BasicYearDateTimeField.set(JI)J 50001.7732528909,50001.0,50001.00442477876,50001.0044345898,53077.0,50002.77330987685,50002.0,50056.47972602672,50000.008830022074,50161.17609108514,50006.48026594568,50001.0,50001.0,50001.54673366834,53079.0,50001.00221238938,50001.0022172949,50001.50110619469,50004.41241685144,50001.000409668166,50001.04703604342,50001.04136105033,50001.0,50001.00441501104,50001.63047931176,50001.000502512565,50001.00221238938,50001.77336683417,50001.87220175687,50001.81516393443,50003.0,49992.08,50001.00221238938
org.joda.time.chrono.BasicChronology.getDayOfYear(JI)I 50001.75289089995,50001.0,50001.00406091371,50001.00406917599,52996.0,50002.75295300327,50002.0,50055.744862772684,50000.00810536981,50162.495607062956,50006.59935985745,50001.0,50001.0,50001.506030150755,52998.0,50001.00203045685,50001.002034588,50001.50101522842,50004.048830111904,50001.00040298207,50001.045060590906,50001.03909875301,50001.0,50001.004052684904,50001.60386862785,50001.000502512565,50001.00203045685,50001.753015075374,50001.85910849935,50001.80185446482,50003.0,49991.27,50001.00203045685
org.joda.time.base.BaseDateTime.getChronology()Lorg/joda/time/Chronology; 50001.703117144294,50001.0,50001.00338123415,50001.003386960205,52798.0,50002.70319175672,50002.0,50053.90557626564,50000.006751054854,50165.50845680465,50006.862224880955,50001.0,50001.0,50001.40653266331,52800.0,50001.00169061708,50001.0016934801,50001.50084530854,50003.370025402204,50001.000387521795,50001.04111711414,50001.034477555746,50001.0,50001.00337552743,50001.54233675644,50001.000502512565,50001.00169061708,50001.70326633166,50001.82578551409,50001.7710796666,50003.0,49989.29,50001.00169061708
org.joda.time.chrono.BasicChronology.getMaxMonth(I)I 50001.696329813974,50001.0,50001.003305785125,50001.003311258275,52771.0,50002.69640613219,50002.0,50053.64978632435,50000.00660066007,50165.89907064374,50006.89544692063,50001.0,50001.0,50001.39296482412,52773.0,50001.00165289256,50001.00165562914,50001.50082644628,50003.29470198676,50001.00038550501,50001.040655781406,50001.033925777374,50001.0,50001.003300330034,50001.53430994603,50001.000502512565,50001.00165289256,50001.69648241206,50001.82109004739,50001.767065175474,50003.0,49989.02,50001.00165289256
org.joda.time.chrono.BasicChronology.getDateMidnightMillis(III)J 50001.69607843137,50001.0,50001.003303055324,50001.00330851944,52770.0,50002.696154812766,50002.0,50053.640288753006,50000.00659521847,50165.9134535512,50006.89666662628,50001.0,50001.0,50001.39246231156,52772.0,50001.001651527666,50001.00165425972,50001.50082576383,50003.291976840366,50001.00038543072,50001.04063899191,50001.03390564533,50001.0,50001.00329760923,50001.534014260935,50001.000502512565,50001.001651527666,50001.69623115578,50001.820915419936,50001.76691729324,50003.0,49989.01,50001.001651527666
org.joda.time.tz.CachedDateTimeZone.getInfo(J)Lorg/joda/time/tz/CachedDateTimeZone$Info; 50001.66993464052,50001.0,50001.0030418251,50001.00304645849,52666.0,50002.67001759236,50002.0,50062.70089140361,50000.00607441154,50167.37811811376,50007.01957987437,50003.01142857143,50124.40178280722,50001.91306532663,53808.0,50001.00152091255,50001.00152322924,50001.50076045627,50023.00578034682,50001.00037785755,50001.0389988788,50001.031920401016,50001.0,50001.00303720577,50001.91668673248,50001.000502512565,50001.00152091255,50001.95653266332,50001.977783485294,50001.751842751844,50003.0,49997.39,50001.00152091255
org.joda.time.chrono.BasicChronology.getDayOfMonth(JII)I 50001.66365007542,50001.0,50001.00298507463,50001.002989536624,52641.0,50002.663734606685,50002.0,50052.40038910358,50000.00596125186,50167.72145856611,50007.04803127607,50001.0,50001.0,50001.32763819095,52643.0,50001.00149253731,50001.00149476831,50001.500746268655,50002.97458893871,50001.00037608123,50001.03863337047,50001.03147256743,50001.0,50001.00298062593,50001.496803309514,50001.000502512565,50001.00149253731,50001.663819095476,50001.79794623981,50001.748306997746,50003.0,49987.72,50001.00149253731
org.joda.time.chrono.BasicYearDateTimeField.get(J)I 50001.662644544995,50001.0,50001.00297619047,50001.00298062593,52637.0,50002.66272932898,50002.0,50052.36146415358,50000.0059435364,50167.7760944178,50007.05254642015,50001.0,50001.0,50001.3256281407,52639.0,50001.00148809524,50001.00149031296,50001.50074404762,50002.96572280179,50001.00037579857,50001.03857583749,50001.031401881984,50001.0,50001.002971768205,50001.49567831642,50001.000502512565,50001.00148809524,50001.662814070354,50001.79721970384,50001.7477443609,50003.0,49987.68,50001.00148809524
org.joda.time.chrono.BasicChronology.getYearMonthDayMillis(III)J 50001.65837104072,50001.0,50001.00293901543,50001.00294334069,52620.0,50002.65845689872,50002.0,50052.19570294468,50000.00586940572,50168.007393432104,50007.07162393288,50001.0,50001.0,50001.31708542714,52622.0,50001.00146950771,50001.001471670344,50001.500734753856,50002.92862398823,50001.00037460199,50001.03833415859,50001.03110436181,50001.0,50001.00293470286,50001.49091590186,50001.000502512565,50001.00146950771,50001.658542713565,50001.794122102714,50001.74536256324,50003.0,49987.51,50001.00146950771
org.joda.time.chrono.BasicGJChronology.getMonthOfYear(JI)I 50001.65837104072,50001.0,50001.00293901543,50001.00294334069,52620.0,50002.65845689872,50002.0,50052.19570294468,50000.00586940572,50168.007393432104,50007.07162393288,50001.0,50001.0,50001.31708542714,52622.0,50001.00146950771,50001.001471670344,50001.500734753856,50002.92862398823,50001.00037460199,50001.03833415859,50001.03110436181,50001.0,50001.00293470286,50001.49091590186,50001.000502512565,50001.00146950771,50001.658542713565,50001.794122102714,50001.74536256324,50003.0,49987.51,50001.00146950771
org.joda.time.base.AbstractDateTime.<init>()V 50001.652589240824,50001.0,50001.00289017341,50001.002894356,52597.0,50002.6526765519,50002.0,50051.9705797495,50000.005772005774,50168.318036840654,50007.09715184253,50001.0,50001.0,50001.30552763819,52599.0,50001.0014450867,50001.001447178,50001.50072254335,50002.87988422576,50001.00037299515,50001.038014296064,50001.03070908719,50001.0,50001.00288600288,50001.48452070123,50001.000502512565,50001.0014450867,50001.6527638191,50001.78990574643,50001.74216417911,50003.0,49987.28,50001.0014450867
org.joda.time.chrono.GregorianChronology.getApproxMillisAtEpochDividedByTwo()J 50001.647310206135,50001.0,50001.00284697509,50001.0028510335,52576.0,50002.64739884393,50002.0,50051.76416058599,50000.005685856435,50168.599417850426,50007.12018313457,50001.0,50001.0,50001.29497487437,52578.0,50001.00142348754,50001.00142551675,50001.50071174377,50002.836778332145,50001.00037154003,50001.037729133895,50001.03035519751,50001.0,50001.00284292822,50001.47872933309,50001.000502512565,50001.00142348754,50001.647487437185,50001.78603019674,50001.73926779409,50003.0,49987.07,50001.00142348754
org.joda.time.chrono.GregorianChronology.getAverageMillisPerYearDividedByTwo()J 50001.647310206135,50001.0,50001.00284697509,50001.0028510335,52576.0,50002.64739884393,50002.0,50051.76416058599,50000.005685856435,50168.599417850426,50007.12018313457,50001.0,50001.0,50001.29497487437,52578.0,50001.00142348754,50001.00142551675,50001.50071174377,50002.836778332145,50001.00037154003,50001.037729133895,50001.03035519751,50001.0,50001.00284292822,50001.47872933309,50001.000502512565,50001.00142348754,50001.647487437185,50001.78603019674,50001.73926779409,50003.0,49987.07,50001.00142348754
org.joda.time.base.BaseDateTime.getMillis()J 50001.641779788835,50001.0,50001.00280308339,50001.00280701755,52554.0,50002.641869816536,50002.0,50051.5470078244,50000.0055983205,50168.89194842613,50007.14403549602,50001.0,50001.0,50001.28391959799,52556.0,50001.0014015417,50001.00140350877,50001.50070077085,50002.79298245614,50001.00037002775,50001.03743716998,50001.02999135098,50001.0,50001.002799160255,50001.47271045329,50001.000502512565,50001.0014015417,50001.641959798995,50001.78194338179,50001.73625763465,50003.0,49986.85,50001.0014015417
org.joda.time.base.AbstractInstant.<init>()V 50001.63071895425,50001.0,50001.00271923861,50001.00272294078,52510.0,50002.63081176175,50002.0,50051.10987926547,50000.005431093006,50169.470312043246,50007.19092366238,50001.0,50001.0,50001.26180904522,52512.0,50001.00135961931,50001.001361470386,50001.50067980965,50002.70932607216,50001.00036703982,50001.03687301597,50001.02928374408,50001.0,50001.00271554651,50001.46081849881,50001.000502512565,50001.00135961931,50001.630904522615,50001.77368664304,50001.73031026253,50003.0,49986.41,50001.00135961931
org.joda.time.chrono.ISOChronology.withUTC()Lorg/joda/time/Chronology; 50001.612870789344,50001.0,50001.00259403372,50001.0025974026,52439.0,50002.61296808243,50002.0,50050.39635614091,50000.00518134715,50170.385609990466,50007.264410087206,50001.0,50001.0,50001.22613065327,52441.0,50001.00129701686,50001.001298701296,50001.50064850843,50002.58441558442,50001.00036231884,50001.036014120305,50001.02819403745,50001.0,50001.002590673575,50001.442028985504,50001.000502512565,50001.00129701686,50001.61306532663,50001.76012461059,50001.72091337441,50003.0,49985.7,50001.00129701686
org.joda.time.chrono.BasicChronology.getYearInfo(I)Lorg/joda/time/chrono/BasicChronology$YearInfo; 50001.60859728507,50001.0,50001.00256574727,50001.002569043034,52422.0,50002.608695652176,50002.0,50063.417946137306,50000.005124919924,50170.60161556367,50007.28162712312,50003.023255813954,50125.83589227462,50001.957788944725,53897.0,50001.001282873636,50001.00128452152,50001.50064143682,50047.380952380954,50001.00036120643,50001.03581722542,50001.02794196508,50001.0,50001.00256245996,50001.958661417324,50001.000502512565,50001.001282873636,50001.97889447236,50001.989334687656,50001.71869918699,50003.0,49998.28,50001.001282873636
org.joda.time.chrono.BasicChronology.getYearMillis(I)J 50001.60859728507,50001.0,50001.00256574727,50001.002569043034,52422.0,50002.608695652176,50002.0,50050.22397789695,50000.005124919924,50170.60161556367,50007.28162712312,50001.0,50001.0,50001.2175879397,52424.0,50001.001282873636,50001.00128452152,50001.50064143682,50002.55619781632,50001.00036120643,50001.03581722542,50001.02794196508,50001.0,50001.00256245996,50001.43760158931,50001.000502512565,50001.001282873636,50001.60879396985,50001.75683273465,50001.71869918699,50003.0,49985.53,50001.001282873636
org.joda.time.chrono.GregorianChronology.isLeapYear(I)Z 50001.60809451986,50001.010309278354,50001.00256245996,50001.00256574727,52420.0,50002.60819301332,50002.0,50050.20365840057,50000.005118362125,50170.62695029457,50007.283643373456,50001.0,50001.0,50001.216582914574,52422.0,50001.00128122998,50001.001282873636,50001.50064061499,50002.55291853753,50001.000361076,50001.03579427302,50001.02791252282,50001.0,50001.00255918106,50001.437082505865,50001.000502512565,50001.00128122998,50001.60829145728,50001.756444305574,50001.71843958822,50003.0,49985.51,50001.00128122998
org.joda.time.chrono.AssembledChronology.year()Lorg/joda/time/DateTimeField; 50001.602061337355,50001.0,50001.00252365931,50001.002526847755,52396.0,50002.60216134707,50002.0,50049.95916665957,50000.00504095778,50170.92970877793,50007.30768836644,50001.0,50001.0,50001.204522613065,52398.0,50001.00126182965,50001.00126342388,50001.50063091482,50002.51421351863,50001.00035951824,50001.03552224167,50001.027562635005,50001.0,50001.00252047889,50001.43088261729,50001.000502512565,50001.00126182965,50001.602261306536,50001.751764152425,50001.71533896781,50003.0,49985.27,50001.00126182965
org.joda.time.chrono.AssembledChronology.dayOfMonth()Lorg/joda/time/DateTimeField; 50001.589994972346,50001.0,50001.002449479485,50001.00245248314,52348.0,50002.590098014574,50002.0,50049.46648326421,50000.00489296636,50171.52841726239,50007.35496978849,50001.0,50001.0,50001.18040201005,52350.0,50001.001224739746,50001.00122624157,50001.50061236987,50002.44022072348,50001.0003564427,50001.03499628184,50001.026881039616,50001.0,50001.00244648318,50001.41864195331,50001.000502512565,50001.001224739746,50001.59020100503,50001.74229736135,50001.70921732929,50003.0,49984.79,50001.001224739746
org.joda.time.chrono.AssembledChronology.getBase()Lorg/joda/time/Chronology; 50001.58974358974,50001.0,50001.00244798042,50001.00245098039,52347.0,50002.58984669515,50002.0,50049.45616575834,50000.00488997555,50171.54079600322,50007.355943655624,50001.0,50001.0,50001.17989949749,52349.0,50001.001223990206,50001.001225490196,50001.50061199511,50002.438725490196,50001.00035637919,50001.03498557143,50001.02686708728,50001.0,50001.002444987775,50001.41838916607,50001.000502512565,50001.001223990206,50001.58994974874,50001.74209860936,50001.70909090909,50003.0,49984.78,50001.001223990206
org.joda.time.chrono.AssembledChronology.monthOfYear()Lorg/joda/time/DateTimeField; 50001.58371040724,50001.0,50001.00241254523,50001.002415458934,52323.0,50002.5838150289,50002.0,50049.20788317278,50000.00481927711,50171.83675614852,50007.37918332538,50001.0,50001.0,50001.16783919598,52325.0,50001.00120627262,50001.00120772947,50001.50060313631,50002.403381642514,50001.0003548616,50001.03473143558,50001.02653514426,50001.0,50001.00240963855,50001.41234918382,50001.000502512565,50001.00120627262,50001.58391959799,50001.73730964467,50001.70607028754,50003.0,49984.54,50001.00120627262
org.joda.time.chrono.ZonedChronology.getZone()Lorg/joda/time/DateTimeZone; 50001.4361488185,50001.0,50001.00178173719,50001.001783325904,51736.0,50002.43629052526,50002.0,50042.67733196835,50000.003560302626,50178.50309719463,50007.88188353177,50001.0,50001.0,50000.87286432161,51738.0,50001.0008908686,50001.00089166295,50001.5004454343,50001.7744092733,50001.0003213884,50001.029847421945,50001.01971170429,50001.0,50001.00178015131,50001.27912582356,50001.000502512565,50001.0008908686,50001.4364321608,50001.60766136085,50001.63944703424,50003.0,49978.67,50001.0008908686
org.joda.time.chrono.AssembledChronology.getParam()Ljava/lang/Object; 50001.4358974359,50001.0,50001.0017809439,50001.001782531195,51735.0,50002.43603920583,50002.0,50042.665333312,50000.00355871886,50178.51365337908,50007.88265044364,50001.0,50001.0,50000.872361809044,51737.0,50001.00089047195,50001.0008912656,50001.50044523597,50001.773618538326,50001.00032133676,50001.02984077663,50001.01970163546,50001.0,50001.00177935943,50001.27892030848,50001.000502512565,50001.00089047195,50001.43618090452,50001.60741777467,50001.639344262294,50003.0,49978.66,50001.00089047195
org.joda.time.chrono.AssembledChronology.getZone()Lorg/joda/time/DateTimeZone; 50001.373554550024,50001.0,50001.00160384924,50001.00160513644,51487.0,50002.37371198794,50002.0,50039.57460304397,50000.0032051282,50181.06271214717,50008.06540415669,50001.0,50001.0,50000.74773869347,51489.0,50001.000801924616,50001.00080256822,50001.50040096231,50001.59711075442,50001.00030902348,50001.02831827359,50001.01730787654,50001.0,50001.0016025641,50001.22991347343,50001.000502512565,50001.000801924616,50001.37386934673,50001.54425749817,50001.61483771252,50003.0,49976.18,50001.000801924616
org.joda.time.tz.CachedDateTimeZone.previousTransition(J)J 50001.338612368025,50001.0,50001.00310559006,50001.00155520995,50000.0,50001.83865292787,50001.0,50058.76677245615,50000.006201550386,50154.48049516841,50005.93332736788,50002.00155279503,50058.74945887192,50001.67688442211,53338.0,50001.00155279503,50001.00155520995,50001.250777604975,50006.18973561431,50001.00021630975,50001.027885569325,50001.02553260138,50002.0,50001.0031007752,50001.721825654335,50001.00025125628,50001.00155520995,50001.838442211054,50001.91212245456,50001.75598631699,50002.0,49993.68,50001.00000015575
org.joda.time.DateTimeUtils.setCurrentMillisFixed(J)V 50001.29135243841,50001.0,50001.0014179369,50001.00141894289,51160.0,50002.29153053531,50002.0,50035.0734500748,50000.00283386468,50184.2370320596,50008.28658052929,50001.0,50001.0,50000.58341708543,51162.0,50001.00070896845,50001.000709471446,50001.500354484226,50001.41184817311,50001.000294160905,50001.02662646148,50001.01437218449,50001.0,50001.00141693234,50001.17076040594,50001.000502512565,50001.00070896845,50001.29170854271,50001.45166310056,50001.58525820215,50003.0,49972.91,50001.00070896845
org.joda.time.DateTimeUtils.checkPermission()V 50001.2905982906,50001.0,50001.0014164306,50001.00141743445,51157.0,50002.29077657703,50002.0,50035.02939905435,50000.002830856334,50184.26527619095,50008.288518363916,50001.0,50001.0,50000.58190954774,51159.0,50001.000708215295,50001.00070871722,50001.50035410765,50001.41034727144,50001.00029403117,50001.026612314774,50001.01434594559,50001.0,50001.00141542817,50001.17024404587,50001.000502512565,50001.000708215295,50001.29095477387,50001.45075905021,50001.585,50003.0,49972.88,50001.000708215295
org.joda.time.DateTimeUtils.setCurrentMillisSystem()V 50001.2905982906,50001.0,50001.0014164306,50001.00141743445,51157.0,50002.29077657703,50002.0,50035.02939905435,50000.002830856334,50184.26527619095,50008.288518363916,50001.0,50001.0,50000.58190954774,51159.0,50001.000708215295,50001.00070871722,50001.50035410765,50001.41034727144,50001.00029403117,50001.026612314774,50001.01434594559,50001.0,50001.00141542817,50001.17024404587,50001.000502512565,50001.000708215295,50001.29095477387,50001.45075905021,50001.585,50003.0,49972.88,50001.000708215295
org.joda.time.DateTimeZone.setDefault(Lorg/joda/time/DateTimeZone;)V 50001.24912016089,50001.0,50001.00133824022,50001.00133913626,50992.0,50002.24930887158,50002.0,50064.06346010171,50000.00267469074,50185.79622993753,50008.392797419634,50003.4,50127.126920203424,50001.99849246231,53978.0,50001.000669120105,50001.00066956813,50001.500334560056,51326.666666666664,50001.0002870676,50001.02586735601,50001.01291089883,50001.0,50001.00133734537,50001.99849359779,50001.000502512565,50001.000669120105,50001.99924623116,50001.99962297348,50001.571141421395,50003.0,50000.0,50001.000669120105
org.joda.time.DateTimeZone.getDefault()Lorg/joda/time/DateTimeZone; 50001.175465057815,50001.0,50001.001218769044,50001.001219512196,50699.0,50002.17567227947,50002.0,50027.45751311065,50000.00243605359,50188.41406050288,50008.56777934754,50001.0,50001.0,50000.35175879397,50701.0,50001.00060938452,50001.0006097561,50001.50030469226,50001.21341463415,50001.000275482096,50001.02468571493,50001.01034048791,50001.0,50001.001218026795,50001.096418732785,50001.000502512565,50001.00060938452,50001.175879396986,50001.29914529915,50001.548084871865,50003.0,49968.3,50001.00060938452
org.joda.time.MutableDateTime.<init>(IIIIIIILorg/joda/time/DateTimeZone;)V 5013.99069884364,5013.0,5013.102564102564,5013.108108108108,8954.0,5014.990701181201,5014.0,5075.793311745759,5012.195121951219,5149.22553878007,5015.466325714559,5013.0,5013.0,5013.981407035176,8956.0,5013.051282051282,5013.054054054054,5013.525641025641,5119.5675675675675,5013.000497883993,5013.226455406829,5013.225399797925,5013.0,5013.09756097561,5013.981578292258,5013.000502512563,5013.051282051282,5013.990703517588,5013.995330051748,5013.990784557908,5015.0,5012.73,5013.051282051282
org.joda.time.field.FieldUtils.verifyValueBounds(Lorg/joda/time/DateTimeField;III)V 5013.981649069884,5013.0,5013.053333333333,5013.054794520548,8918.0,5014.98165368183,5014.0,5075.505999712028,5012.103896103896,5179.474580498942,5019.027586934186,5013.0,5013.0,5013.963316582915,8920.0,5013.026666666667,5013.027397260274,5013.513333333333,5066.520547945205,5013.000493461634,5013.163299316186,5013.161794031194,5013.0,5013.051948051948,5013.963977300765,5013.000502512563,5013.026666666667,5013.981658291457,5013.990744262711,5013.981979758084,5015.0,5012.37,5013.026666666667
org.joda.time.format.DateTimeFormatterBuilder$Composite.addArrayToList(Ljava/util/List;[Ljava/lang/Object;)V 5013.9758672699845,5013.0035335689045,5013.040816326531,5013.041666666667,8895.0,5014.975873335009,5014.0,5075.3217458035315,5012.08,5152.940735220905,5016.130169160147,5013.0,5013.0,5013.95175879397,8897.0,5013.0204081632655,5013.020833333333,5013.510204081633,5053.458333333333,5013.000490677135,5013.142857142857,5013.141122849217,5013.0,5013.04,5013.952894995094,5013.000502512563,5013.0204081632655,5013.975879396985,5013.987792472024,5013.976435935198,5015.0,5012.14,5013.0204081632655
org.joda.time.format.DateTimeFormatterBuilder$TextField.estimateParsedLength()I 5013.974610356963,5013.0,5013.038834951456,5013.039603960396,8890.0,5014.9746167378735,5014.0,5075.28161847608,5012.07619047619,5153.192651870892,5016.170153879722,5013.0,5013.0,5013.9492462311555,8892.0,5013.019417475728,5013.019801980198,5013.5097087378645,5051.40594059406,5013.000490075961,5013.1393466028585,5013.137566249316,5013.0,5013.038095238096,5013.950502327861,5013.000502512563,5013.019417475728,5013.974623115578,5013.987148492174,5013.975239029174,5015.0,5012.09,5013.019417475728
org.joda.time.format.DateTimeFormatterBuilder$TextField.<init>(Lorg/joda/time/DateTimeFieldType;Z)V 5013.973102061337,5013.0,5013.036697247707,5013.0373831775705,8884.0,5014.973108821312,5014.0,5075.233431530007,5012.072072072072,5153.486856682561,5016.216221452697,5013.0,5013.0,5013.946231155779,8886.0,5013.018348623853,5013.018691588785,5013.5091743119265,5049.196261682243,5013.0004893564965,5013.135457092296,5013.133622916052,5013.0,5013.036036036036,5013.947638854906,5013.000502512563,5013.018348623853,5013.973115577889,5013.986374633898,5013.973806609547,5015.0,5012.03,5013.018348623853
org.joda.time.format.DateTimeFormatterBuilder$TextField.estimatePrintedLength()I 5013.971845148316,5013.0,5013.035087719299,5013.035714285715,8879.0,5014.971852224177,5014.0,5075.193247221865,5012.068965517241,5153.72578149403,5016.253153123395,5013.0,5013.0,5013.943718592965,8881.0,5013.017543859649,5013.017857142857,5013.508771929824,5047.535714285715,5013.000488758554,5013.132453235707,5013.130575322641,5013.0,5013.0344827586205,5013.945259042033,5013.000502512563,5013.017543859649,5013.971859296483,5013.985728848114,5013.972616136919,5015.0,5011.98,5013.017543859649
org.joda.time.format.DateTimeFormat.createFormatterForPattern(Ljava/lang/String;)Lorg/joda/time/format/DateTimeFormatter; 5013.956762192056,5013.0,5013.022988505747,5013.023255813953,8819.0,5014.956773058558,5014.0,5076.06346010171,5012.045454545455,5156.295722687738,5016.626699110481,5015.4,5139.126920203421,5013.998492462311,8990.0,5013.0114942528735,5013.011627906977,5013.505747126437,6338.666666666667,5013.000481695569,5013.107211253484,5013.104867852917,5013.0,5013.022727272727,5013.998493597791,5013.000502512563,5013.0114942528735,5013.999246231156,5013.9996229734825,5013.958554216868,5015.0,5012.0,5013.0114942528735
org.joda.time.format.DateTimeFormat.forPattern(Ljava/lang/String;)Lorg/joda/time/format/DateTimeFormatter; 5013.956510809452,5013.005747126437,5013.022857142857,5013.023121387283,8818.0,5014.95652173913,5014.0,5074.70089140361,5012.045197740113,5156.295722687738,5016.626699110481,5013.0,5013.0,5013.913065326633,8820.0,5013.011428571429,5013.0115606936415,5013.505714285714,5035.005780346821,5013.000481579581,5013.106904496765,5013.104554063087,5013.0,5013.022598870057,5013.916686732483,5013.000502512563,5013.011428571429,5013.9565326633165,5013.977783485296,5013.958323295591,5015.0,5011.37,5013.011428571429
org.joda.time.DateTimeFieldType.dayOfWeek()Lorg/joda/time/DateTimeFieldType; 5013.941930618401,5013.0,5013.017167381974,5013.017316017316,8760.0,5014.941945212365,5014.0,5074.229078059367,5012.034042553191,5158.341460403342,5016.898548980527,5013.0,5013.0,5013.88391959799,8762.0,5013.0085836909875,5013.008658008658,5013.504291845494,5029.229437229437,5013.000474946569,5013.092648210923,5013.089917970171,5013.0,5013.017021276596,5013.890287342674,5013.000502512563,5013.0085836909875,5013.941959798995,5013.9701125630745,5013.945117605132,5015.0,5010.79,5013.0085836909875
org.joda.time.format.DateTimeFormatterBuilder$CharacterLiteral.<init>(C)V 5013.9409250879835,5013.003086419753,5013.016877637131,5013.017021276596,8756.0,5014.940939934657,5014.0,5074.196405123177,5012.033472803348,5158.4724859665275,5016.915317320059,5013.0,5013.0,5013.881909547738,8758.0,5013.008438818565,5013.008510638298,5013.504219409283,5028.936170212766,5013.000474495848,5013.091863042435,5013.0891083391225,5013.0,5013.016736401673,5013.8884934756825,5013.000502512563,5013.008438818565,5013.94095477387,5013.969579288026,5013.944220270591,5015.0,5010.75,5013.008438818565
org.joda.time.format.DateTimeFormatterBuilder$Composite.<init>(Ljava/util/List;)V 5013.938662644545,5013.0,5013.016260162602,5013.016393442623,8747.0,5014.938678059814,5014.0,5075.976185975335,5012.032258064516,5159.173995791653,5017.003900540958,5015.125,5138.952371950671,5013.9929648241205,8979.0,5013.008130081301,5013.008196721312,5013.504065040651,5296.285714285715,5013.000473484848,5013.090166963467,5013.087357905276,5013.0,5013.0161290322585,5013.992989484226,5013.000502512563,5013.008130081301,5013.996482412061,5013.998238107224,5013.942207484604,5015.0,5010.98,5013.008130081301
org.joda.time.chrono.BasicDayOfMonthDateTimeField.getRangeDurationField()Lorg/joda/time/DurationField; 5013.9374057315235,5013.0,5013.01593625498,5013.016064257028,8742.0,5014.937421462679,5014.0,5074.081912216302,5012.03162055336,5158.922510087831,5016.9723713117055,5013.0,5013.0,5013.87487437186,8744.0,5013.00796812749,5013.008032128514,5013.503984063745,5027.983935742972,5013.000472925041,5013.089264368536,5013.086425507685,5013.0,5013.01581027668,5013.882241664696,5013.000502512563,5013.00796812749,5013.937437185929,5013.967708468422,5013.9410929737405,5015.0,5010.61,5013.00796812749
org.joda.time.chrono.BasicYearDateTimeField.getRangeDurationField()Lorg/joda/time/DurationField; 5013.9358974358975,5013.0,5013.015564202335,5013.01568627451,8736.0,5014.935913546117,5014.0,5074.032778078668,5012.030888030888,5159.111495672443,5016.99608801488,5013.0,5013.0,5013.871859296482,8738.0,5013.007782101167,5013.007843137255,5013.503891050584,5027.607843137255,5013.0004722550175,5013.088216218278,5013.0853419505775,5013.0,5013.015444015444,5013.879574970484,5013.000502512563,5013.007782101167,5013.935929648242,5013.966904607398,5013.939759036145,5015.0,5010.55,5013.007782101167
org.joda.time.format.DateTimeFormatterBuilder$Composite.isParser()Z 5013.9358974358975,5013.0035335689045,5013.015564202335,5013.01568627451,8736.0,5014.935913546117,5014.0,5074.032778078668,5012.030888030888,5159.111495672443,5016.99608801488,5013.0,5013.0,5013.871859296482,8738.0,5013.007782101167,5013.007843137255,5013.503891050584,5027.607843137255,5013.0004722550175,5013.088216218278,5013.0853419505775,5013.0,5013.015444015444,5013.879574970484,5013.000502512563,5013.007782101167,5013.935929648242,5013.966904607398,5013.939759036145,5015.0,5010.55,5013.007782101167
org.joda.time.format.DateTimeFormatterBuilder$Composite.isPrinter()Z 5013.9358974358975,5013.0035335689045,5013.015564202335,5013.01568627451,8736.0,5014.935913546117,5014.0,5074.032778078668,5012.030888030888,5159.111495672443,5016.99608801488,5013.0,5013.0,5013.871859296482,8738.0,5013.007782101167,5013.007843137255,5013.503891050584,5027.607843137255,5013.0004722550175,5013.088216218278,5013.0853419505775,5013.0,5013.015444015444,5013.879574970484,5013.000502512563,5013.007782101167,5013.935929648242,5013.966904607398,5013.939759036145,5015.0,5010.55,5013.007782101167
org.joda.time.DateTimeFieldType.getName()Ljava/lang/String; 5013.926596279537,5013.0,5013.013605442177,5013.013698630137,8699.0,5014.926614727318,5014.0,5073.728905802756,5012.027027027027,5160.230783740407,5017.133764324515,5013.0,5013.0,5013.853266331658,8701.0,5013.006802721088,5013.006849315068,5013.503401360545,5025.630136986301,5013.000468164794,5013.082478609885,5013.079393803608,5013.0,5013.013513513513,5013.86329588015,5013.000502512563,5013.006802721088,5013.926633165829,5013.961919666145,5013.931615925058,5015.0,5010.18,5013.006802721088
org.joda.time.format.DateTimeFormatter.<init>(Lorg/joda/time/format/DateTimePrinter;Lorg/joda/time/format/DateTimeParser;Ljava/util/Locale;ZLorg/joda/time/Chronology;Lorg/joda/time/DateTimeZone;Ljava/lang/Integer;I)V 5013.9175465057815,5014.0,5013.012121212121,5013.012195121952,8663.0,5014.917567227947,5014.0,5073.431779718952,5012.024096385542,5161.253546526046,5017.255675067046,5013.0,5013.0,5013.835175879397,8665.0,5013.006060606061,5013.006097560976,5013.503030303031,5024.134146341464,5013.000464252554,5013.077849894416,5013.074571361218,5013.0,5013.012048192771,5013.847725162488,5013.000502512563,5013.006060606061,5013.917587939699,5013.957023060797,5013.923827217835,5015.0,5009.82,5013.006060606061
org.joda.time.format.DateTimeFormatterBuilder$Composite.parseInto(Lorg/joda/time/format/DateTimeParserBucket;Ljava/lang/String;I)I 5013.917043740573,5013.0035335689045,5013.012048192771,5013.012121212121,8661.0,5014.917064589093,5014.0,5073.415229867973,5012.023952095808,5161.3086783743565,5017.262147595355,5013.0,5013.0,5013.834170854271,8663.0,5013.006024096386,5013.006060606061,5013.503012048192,5024.060606060606,5013.000464037123,5013.077615052571,5013.0743260377185,5013.0,5013.011976047904,5013.84686774942,5013.000502512563,5013.006024096386,5013.917085427136,5013.956749672346,5013.92339832869,5015.0,5009.8,5013.006024096386
org.joda.time.field.BaseDateTimeField.getType()Lorg/joda/time/DateTimeFieldType; 5013.88486676722,5013.0,5013.008695652174,5013.008733624454,8533.0,5014.8848957024375,5014.0,5072.346440499831,5012.017316017316,5164.5437108088045,5017.626114412661,5013.0,5013.0,5013.769849246231,8535.0,5013.004347826087,5013.004366812227,5013.502173913043,5020.6899563318775,5013.000450653448,5013.06593804734,5013.062026178457,5013.0,5013.008658008658,5013.793600721046,5013.000502512563,5013.004347826087,5013.884924623116,5013.938949613436,5013.896753832281,5015.0,5008.52,5013.004347826087
org.joda.time.field.BaseDurationField.isSupported()Z 5013.859728506787,5013.0,5013.007142857143,5013.007168458781,8433.0,5014.859763759739,5014.0,5071.497863208839,5012.014234875445,5166.764799871808,5017.860249337435,5013.0,5013.0,5013.71959798995,8435.0,5013.003571428571,5013.003584229391,5013.501785714286,5019.132616487455,5013.000440722785,5013.059761430467,5013.055411722161,5013.0,5013.007117437723,5013.754076685765,5013.000502512563,5013.003571428571,5013.859798994975,5013.924614968927,5013.876984126984,5015.0,5007.52,5013.003571428571
org.joda.time.chrono.BasicDayOfMonthDateTimeField.getMaximumValueForSet(JI)I 5013.783559577677,5013.0,5013.004634994206,5013.004645760743,8130.0,5014.78361397336,5014.0,5068.848008021773,5012.009248554913,5172.485577752014,5018.416899620839,5013.0,5013.0,5013.567336683417,8132.0,5013.002317497103,5013.002322880372,5013.5011587485515,5016.622531939605,5013.000413137782,5013.04814038952,5013.042613343584,5013.0,5013.004624277457,5013.644288370171,5013.000502512563,5013.002317497103,5013.783668341708,5013.878715312016,5013.822070675759,5015.0,5004.49,5013.002317497103
org.joda.time.chrono.BasicChronology.getMillisOfDay(J)I 5013.7591754650575,5013.0,5013.004166666667,5013.004175365344,8033.0,5014.759235988942,5014.0,5074.975801729384,5012.008316008316,5174.271541082318,5018.579315803264,5015.014184397163,5136.95160345877,5013.930150753768,8854.0,5013.002083333334,5013.002087682672,5013.501041666666,5040.63309352518,5013.000405022276,5013.045643546458,5013.03976953045,5013.0,5013.004158004158,5013.932507890265,5013.000502512563,5013.002083333334,5013.965075376885,5013.982227336658,5013.805915721232,5015.0,5009.73,5013.002083333334
org.joda.time.chrono.BasicDayOfMonthDateTimeField.getMinimumValue()I 5013.738813474108,5013.0,5013.003842459174,5013.0038498556305,7952.0,5014.738879115355,5014.0,5067.230987451825,5012.007670182167,5175.376299172344,5018.677457434677,5013.0,5013.0,5013.4778894472365,7954.0,5013.0019212295865,5013.001924927815,5013.500960614793,5015.830606352261,5013.000398485754,5013.043831833032,5013.037675327546,5013.0,5013.003835091084,5013.585973301454,5013.000502512563,5013.0019212295865,5013.738944723618,5013.849877185377,5013.792904125971,5015.0,5002.71,5013.0019212295865
org.joda.time.chrono.BasicChronology.getMaxMonth()I 5013.712669683258,5013.0,5013.003493449782,5013.003499562555,7848.0,5014.7127418949485,5014.0,5066.263495942343,5012.006974716652,5176.951059258526,5018.814489058271,5013.0,5013.0,5013.425628140703,7850.0,5013.001746724891,5013.001749781278,5013.500873362445,5015.482064741907,5013.000390396252,5013.041793837953,5013.035282260056,5013.0,5013.003487358326,5013.55377708374,5013.000502512563,5013.001746724891,5013.712814070352,5013.832330937363,5013.776801405976,5015.0,5001.67,5013.001746724891
org.joda.time.DateTimeFieldType.millisOfSecond()Lorg/joda/time/DateTimeFieldType; 5013.710407239819,5013.0,5013.003466204506,5013.003472222223,7839.0,5014.710480020106,5014.0,5066.178943201234,5012.006920415225,5177.083901746726,5018.825901260488,5013.0,5013.0,5013.421105527638,7841.0,5013.001733102253,5013.001736111111,5013.500866551127,5015.454861111111,5013.000389711613,5013.0416305447125,5013.035088579166,5013.0,5013.003460207612,5013.551052221356,5013.000502512563,5013.001733102253,5013.710552763819,5013.830787309048,5013.775438596491,5015.0,5001.58,5013.001733102253
org.joda.time.DateTimeFieldType.minuteOfHour()Lorg/joda/time/DateTimeFieldType; 5013.705882352941,5013.0,5013.003412969283,5013.003418803419,7821.0,5014.70595627042,5014.0,5066.009433122795,5012.006814310051,5177.348039002746,5018.848526545462,5013.0,5013.0,5013.412060301507,7823.0,5013.0017064846415,5013.001709401709,5013.500853242321,5015.401709401709,5013.000388349515,5013.041309619239,5013.034707022259,5013.0,5013.003407155025,5013.545631067961,5013.000502512563,5013.0017064846415,5013.706030150754,5013.827687776142,5013.772727272727,5015.0,5001.4,5013.0017064846415
org.joda.time.DateTimeFieldType.hourOfDay()Lorg/joda/time/DateTimeFieldType; 5013.7008547008545,5013.0,5013.003355704698,5013.003361344538,7801.0,5014.70092988188,5014.0,5065.820450584977,5012.006700167504,5177.639152871093,5018.87336161166,5013.0,5013.0,5013.402010050251,7803.0,5013.001677852349,5013.001680672269,5013.500838926175,5015.344537815126,5013.000386847195,5013.040961596026,5013.034291846059,5013.0,5013.003350083752,5013.539651837525,5013.000502512563,5013.001677852349,5013.701005025126,5013.824224519941,5013.769736842105,5015.0,5001.2,5013.001677852349
org.joda.time.field.FieldUtils.verifyValueBounds(Lorg/joda/time/DateTimeFieldType;III)V 5013.696078431372,5013.0,5013.003303055326,5013.003308519437,7782.0,5014.696154812767,5014.0,5075.912637840103,5012.006595218467,5177.927830511624,5018.897885575514,5015.083333333333,5138.825275680207,5013.988944723618,8971.0,5013.001651527663,5013.001654259719,5013.500825763832,5192.909090909091,5013.000385430719,5013.040638991905,5013.033905645328,5013.0,5013.003297609233,5013.989005497251,5013.000502512563,5013.001651527663,5013.994472361809,5013.997228521038,5013.766917293233,5015.0,5010.9,5013.001651527663
org.joda.time.base.BaseDateTime.checkInstant(JLorg/joda/time/Chronology;)J 5013.692307692308,5013.0,5013.003262642741,5013.003267973856,7767.0,5014.6923850213625,5014.0,5065.497618993627,5012.00651465798,5178.128487618844,5018.914872050102,5013.0,5013.0,5013.384924623116,7769.0,5013.00163132137,5013.001633986928,5013.5008156606855,5015.251633986928,5013.000384319754,5013.040389619586,5013.033606194865,5013.0,5013.00325732899,5013.529592621061,5013.000502512563,5013.00163132137,5013.692462311557,5013.818289786223,5013.764705882353,5015.0,5000.86,5013.00163132137
org.joda.time.DateTimeFieldType.secondOfMinute()Lorg/joda/time/DateTimeFieldType; 5013.67672197084,5013.0,5013.003105590062,5013.003110419907,7705.0,5014.676803216888,5014.0,5064.903757089444,5012.006201550387,5179.0036184038545,5018.988392284586,5013.0,5013.0,5013.353768844221,7707.0,5013.001552795031,5013.001555209953,5013.500776397515,5015.094867807154,5013.000379794911,5013.039405520312,5013.032416207578,5013.0,5013.003100775194,5013.511583744777,5013.000502512563,5013.001552795031,5013.676884422111,5013.807311956847,5013.755699088146,5015.0,5000.24,5013.001552795031
org.joda.time.base.BaseDateTime.checkChronology(Lorg/joda/time/Chronology;)Lorg/joda/time/Chronology; 5013.657868275515,5013.0,5013.002934702861,5013.00293901543,7630.0,5014.657954259865,5014.0,5064.176166327696,5012.005860805861,5180.0345097411655,5019.073856558349,5013.0,5013.0,5013.31608040201,7632.0,5013.001467351431,5013.001469507715,5013.500733675715,5014.924320352682,5013.0003744617115,5013.038306023425,5013.031069662941,5013.0,5013.00293040293,5013.490357610935,5013.000502512563,5013.001467351431,5013.658040201005,5013.793756629792,5013.745083348942,5015.0,4999.49,5013.001467351431
org.joda.time.DateTimeFieldType.dayOfMonth()Lorg/joda/time/DateTimeFieldType; 5013.651080945198,5013.0,5013.0028776978415,5013.002881844381,7603.0,5014.651168635335,5014.0,5063.911688245432,5012.005747126437,5180.398648270166,5019.103758843565,5013.0,5013.0,5013.302512562814,7605.0,5013.001438848921,5013.00144092219,5013.500719424461,5014.867435158501,5013.000372578242,5013.03793216209,5013.030607304935,5013.0,5013.002873563219,5013.482861400894,5013.000502512563,5013.001438848921,5013.651256281407,5013.788800973828,5013.741334327246,5015.0,4999.22,5013.001438848921
org.joda.time.chrono.GregorianChronology.getMinYear()I 5013.641779788839,5013.0,5013.002803083392,5013.002807017544,7566.0,5014.641869816537,5014.0,5063.547007824401,5012.005598320504,5180.891948426126,5019.14403549602,5013.0,5013.0,5013.28391959799,7568.0,5013.0014015416955,5013.001403508772,5013.500700770848,5014.792982456141,5013.000370027752,5013.037437169976,5013.029991350981,5013.0,5013.002799160252,5013.472710453284,5013.000502512563,5013.0014015416955,5013.641959798995,5013.78194338179,5013.736257634648,5015.0,4998.85,5013.0014015416955
org.joda.time.chrono.GregorianChronology.getMaxYear()I 5013.641528406234,5013.0,5013.002801120449,5013.002805049088,7565.0,5014.641618497109,5014.0,5063.537115073973,5012.005594405595,5180.90519142677,5019.145113113442,5013.0,5013.0,5013.283417085428,7567.0,5013.001400560224,5013.001402524545,5013.500700280112,5014.791023842918,5013.000369959304,5013.037424059428,5013.029974975703,5013.0,5013.002797202797,5013.472438031817,5013.000502512563,5013.001400560224,5013.641708542714,5013.781756963575,5013.736121391562,5015.0,4998.84,5013.001400560224
org.joda.time.DateTimeFieldType.monthOfYear()Lorg/joda/time/DateTimeFieldType; 5013.618149824032,5013.0,5013.002629848784,5013.002633311389,7472.0,5014.6182457904,5014.0,5062.6084670192495,5012.005252790545,5182.117126789582,5019.242944060282,5013.0,5013.0,5013.236683417085,7474.0,5013.001314924391,5013.001316655695,5013.500657462196,5014.620144832126,5013.000363702491,5013.036261886215,5013.028510003182,5013.0,5013.002626395272,5013.447535915621,5013.000502512563,5013.001314924391,5013.618341708543,5013.7641670548055,5013.723667454976,5015.0,4997.91,5013.001314924391
org.joda.time.DateTimeFieldType.year()Lorg/joda/time/DateTimeFieldType; 5013.616390145802,5013.0,5013.002617801048,5013.002621231979,7465.0,5014.616486554411,5014.0,5062.537864306003,5012.00522875817,5182.206826219021,5019.25012399631,5013.0,5013.0,5013.233165829146,7467.0,5013.001308900523,5013.0013106159895,5013.500654450262,5014.608125819135,5013.000363240102,5013.0361787302645,5013.028404108586,5013.0,5013.002614379085,5013.445695604795,5013.000502512563,5013.001308900523,5013.616582914573,5013.7628225054395,5013.722747093023,5015.0,4997.84,5013.001308900523
org.joda.time.DateTimeUtils$FixedMillisProvider.<init>(J)V 5013.291352438411,5013.0,5013.001417936902,5013.0014189428875,6172.0,5014.291530535311,5014.0,5047.073450074801,5012.0028338646825,5196.237032059605,5020.28658052929,5013.0,5013.0,5012.583417085427,6174.0,5013.00070896845,5013.000709471444,5013.500354484226,5013.411848173111,5013.000294160906,5013.026626461479,5013.014372184487,5013.0,5013.001416932341,5013.170760405942,5013.000502512563,5013.00070896845,5013.291708542713,5013.4516631005645,5013.585258202148,5015.0,4984.91,5013.00070896845
