PraPR 104 165 182 4.677327188940092 5.998156682027649
ACS 73 143 169 5.694746543778802 6.930138248847927
Simfix 55 111 129 14.887649769585252 16.194193548387098
Dynamoth 76 144 168 6.204331797235023 7.449032258064516
TBarFixer 57 116 136 13.362764976958527 15.046082949308756
AvatarFixer 60 111 133 13.118248847926267 14.967373271889402
FixMiner 62 115 134 13.876405529953916 15.51073732718894
kParFixer 58 109 133 14.731152073732718 16.273179723502306
KaliA 66 118 133 15.141198156682027 16.50847926267281
RSRepair 67 119 139 16.880645161290325 18.951612903225808
jGenProg 54 116 138 12.484976958525344 14.070506912442397
jMutRepair 70 121 148 10.00221198156682 11.694285714285714
jKali 63 118 141 13.167926267281107 14.826866359447004
Cardumen 61 122 142 8.929400921658987 10.736175115207374
Arja 62 120 139 14.87520737327189 16.380138248847924
GenProgA 59 115 134 17.445622119815667 19.119078341013825