PraPR 104 165 182 4.677327188940092 5.998156682027649
ACS 75 144 170 5.627926267281106 6.866175115207374
Simfix 96 150 169 5.466728110599078 6.797281105990783
Dynamoth 89 147 170 6.064055299539171 7.312350230414747
TBarFixer 87 146 168 6.229493087557604 7.686635944700461
AvatarFixer 82 139 166 6.5429493087557615 8.019078341013826
FixMiner 81 142 163 6.138433179723502 7.4310599078341015
kParFixer 78 141 167 6.118433179723502 7.420829493087559
KaliA 86 146 160 7.374930875576037 8.824608294930876
RSRepair 89 149 175 5.510414746543779 7.186451612903226
jGenProg 75 135 162 9.486912442396312 10.805437788018432
jMutRepair 76 139 164 7.862488479262673 9.485622119815668
jKali 79 138 161 8.998617511520738 10.518847926267279
Cardumen 75 142 165 7.00589861751152 8.40815668202765
Arja 77 149 173 5.6415668202764975 6.882995391705069
GenProgA 80 151 174 5.577142857142857 7.035391705069124
