org.apache.commons.lang3.time.FastDateFormat$TimeZoneDisplayKey.equals(Ljava/lang/Object;)Z 50003.0,50002.0,50004.0,1050002.0,51903.0,50003.0,50003.0,50045.61192497471,50003.0,50091.200917426366,50002.0,50002.0,50002.0,50003.0,51904.0,50003.0,1050002.0,50003.0,50002.0,50002.000525762356,50003.0,50003.0,50002.0,50003.0,50003.0,50002.000525762356,50003.0,50003.0,50003.0,50003.0,50003.0,50003.0,50003.0
org.apache.commons.lang3.time.FastDateFormat$TimeZoneNameRule.appendTo(Ljava/lang/StringBuffer;Ljava/util/Calendar;)V 50003.0,50002.0,50004.0,1050002.0,51903.0,50003.0,50003.0,50045.61192497471,50003.0,50091.200917426366,50002.0,50002.0,50002.0,50003.0,51904.0,50003.0,1050002.0,50003.0,50002.0,50002.000525762356,50003.0,50003.0,50002.0,50003.0,50003.0,50002.000525762356,50003.0,50003.0,50003.0,50003.0,50003.0,50003.0,50003.0
org.apache.commons.lang3.time.FastDateFormat$TwoDigitYearField.<clinit>()V 50002.0,50001.0,50003.0,1050001.0,51902.0,50002.0,50002.0,50044.61192497471,50002.0,50090.200917426366,50001.0,50001.0,50001.0,50002.0,51903.0,50002.0,1050001.0,50002.0,50001.0,50001.000525762356,50002.0,50002.0,50001.0,50002.0,50002.0,50001.000525762356,50002.0,50002.0,50002.0,50002.0,50002.0,50002.0,50002.0
org.apache.commons.lang3.time.FastDateFormat$TwoDigitYearField.<init>()V 50002.0,50001.0,50003.0,1050001.0,51902.0,50002.0,50002.0,50044.61192497471,50002.0,50090.200917426366,50001.0,50001.0,50001.0,50002.0,51903.0,50002.0,1050001.0,50002.0,50001.0,50001.000525762356,50002.0,50002.0,50001.0,50002.0,50002.0,50001.000525762356,50002.0,50002.0,50002.0,50002.0,50002.0,50002.0,50002.0
org.apache.commons.lang3.time.FastDateFormat.format(J)Ljava/lang/String; 50003.0,50002.0,50004.0,1050002.0,51903.0,50003.0,50003.0,50045.61192497471,50003.0,50091.200917426366,50002.0,50002.0,50002.0,50003.0,51904.0,50003.0,1050002.0,50003.0,50002.0,50002.000525762356,50003.0,50003.0,50002.0,50003.0,50003.0,50002.000525762356,50003.0,50003.0,50003.0,50003.0,50003.0,50003.0,50003.0
org.apache.commons.lang3.time.FastDateFormat.parsePattern()Ljava/util/List; 50003.0,50002.0,50004.0,1050002.0,51903.0,50003.0,50003.0,50045.61192497471,50003.0,50095.67305338137,50004.11474252688,50003.333333333336,50045.588989435404,50003.0,51904.0,50003.0,1050002.0,50003.0,51903.0,50002.000525762356,50003.0,50003.0,50002.0,50003.0,50003.0,50002.000525762356,50003.0,50003.0,50003.0,50003.0,50003.0,50003.0,50003.0
org.apache.commons.lang3.time.FastDateFormat$TimeZoneDisplayKey.<init>(Ljava/util/TimeZone;ZILjava/util/Locale;)V 50001.99947396107,50001.0,50002.0,50002.0,51901.0,50001.999474237644,50002.0,50044.60045871318,50001.333333333336,50091.200917426366,50002.0,50001.0,50001.0,50001.99894847529,51902.0,50001.5,50002.0,50001.75,51902.0,50001.00052548607,50001.707106781185,50001.706920773875,50001.0,50001.666666666664,50001.99894902785,50001.000525762356,50001.5,50001.999474237644,50001.9997370497,50001.999474237644,50002.0,50001.0,50001.5
org.apache.commons.lang3.time.FastDateFormat$TimeZoneDisplayKey.hashCode()I 50002.99947396107,50002.0,50003.0,50003.0,51902.0,50002.999474237644,50003.0,50045.60045871318,50002.333333333336,50092.200917426366,50003.0,50002.0,50002.0,50002.99894847529,51903.0,50002.5,50003.0,50002.75,51903.0,50002.00052548607,50002.707106781185,50002.706920773875,50002.0,50002.666666666664,50002.99894902785,50002.000525762356,50002.5,50002.999474237644,50002.9997370497,50002.999474237644,50003.0,50002.0,50002.5
org.apache.commons.lang3.time.FastDateFormat$TimeZoneNameRule.<init>(Ljava/util/TimeZone;Ljava/util/Locale;I)V 50001.99947396107,50001.0,50002.0,50002.0,51901.0,50001.999474237644,50002.0,50044.60045871318,50001.333333333336,50091.200917426366,50002.0,50001.0,50001.0,50001.99894847529,51902.0,50001.5,50002.0,50001.75,51902.0,50001.00052548607,50001.707106781185,50001.706920773875,50001.0,50001.666666666664,50001.99894902785,50001.000525762356,50001.5,50001.999474237644,50001.9997370497,50001.999474237644,50002.0,50001.0,50001.5
org.apache.commons.lang3.time.FastDateFormat$TimeZoneNameRule.estimateLength()I 50002.99947396107,50002.0,50003.0,50003.0,51902.0,50002.999474237644,50003.0,50045.60045871318,50002.333333333336,50092.200917426366,50003.0,50002.0,50002.0,50002.99894847529,51903.0,50002.5,50003.0,50002.75,51903.0,50002.00052548607,50002.707106781185,50002.706920773875,50002.0,50002.666666666664,50002.99894902785,50002.000525762356,50002.5,50002.999474237644,50002.9997370497,50002.999474237644,50003.0,50002.0,50002.5
org.apache.commons.lang3.time.FastDateFormat$TwoDigitYearField.appendTo(Ljava/lang/StringBuffer;I)V 50001.99947396107,50001.0,50002.0,50002.0,51901.0,50001.999474237644,50002.0,50044.60045871318,50001.333333333336,50091.200917426366,50002.0,50001.0,50001.0,50001.99894847529,51902.0,50001.5,50002.0,50001.75,51902.0,50001.00052548607,50001.707106781185,50001.706920773875,50001.0,50001.666666666664,50001.99894902785,50001.000525762356,50001.5,50001.999474237644,50001.9997370497,50001.999474237644,50002.0,50001.0,50001.5
org.apache.commons.lang3.time.FastDateFormat$TwoDigitYearField.appendTo(Ljava/lang/StringBuffer;Ljava/util/Calendar;)V 50001.99947396107,50001.0,50002.0,50002.0,51901.0,50001.999474237644,50002.0,50044.60045871318,50001.333333333336,50091.200917426366,50002.0,50001.0,50001.0,50001.99894847529,51902.0,50001.5,50002.0,50001.75,51902.0,50001.00052548607,50001.707106781185,50001.706920773875,50001.0,50001.666666666664,50001.99894902785,50001.000525762356,50001.5,50001.999474237644,50001.9997370497,50001.999474237644,50002.0,50001.0,50001.5
org.apache.commons.lang3.time.FastDateFormat.getTimeZoneDisplay(Ljava/util/TimeZone;ZILjava/util/Locale;)Ljava/lang/String; 50002.99947396107,50002.0,50003.0,50003.0,51902.0,50002.999474237644,50003.0,50045.60045871318,50002.333333333336,50092.200917426366,50003.0,50002.0,50002.0,50002.99894847529,51903.0,50002.5,50003.0,50002.75,51903.0,50002.00052548607,50002.707106781185,50002.706920773875,50002.0,50002.666666666664,50002.99894902785,50002.000525762356,50002.5,50002.999474237644,50002.9997370497,50002.999474237644,50003.0,50002.0,50002.5
org.apache.commons.lang3.time.FastDateFormat$TextField.appendTo(Ljava/lang/StringBuffer;Ljava/util/Calendar;)V 50001.99894792215,50001.0,50001.666666666664,50001.5,51900.0,50001.99894847529,50002.0,50044.588989435404,50001.0,50091.61513098874,50002.189207115,50001.0,50001.0,50001.997896950576,51901.0,50001.333333333336,50001.5,50001.666666666664,50951.0,50001.00052521008,50001.57735026919,50001.577046480554,50001.0,50001.5,50001.997899159665,50001.000525762356,50001.333333333336,50001.99894847529,50001.99947396107,50001.99894902785,50002.0,50000.0,50001.333333333336
org.apache.commons.lang3.time.FastDateFormat$TwoDigitYearField.estimateLength()I 50002.99894792215,50002.0,50002.666666666664,50002.5,51901.0,50002.99894847529,50003.0,50045.588989435404,50002.0,50092.61513098874,50003.189207115,50002.0,50002.0,50002.997896950576,51902.0,50002.333333333336,50002.5,50002.666666666664,50952.0,50002.00052521008,50002.57735026919,50002.577046480554,50002.0,50002.5,50002.997899159665,50002.000525762356,50002.333333333336,50002.99894847529,50002.99947396107,50002.99894902785,50003.0,50001.0,50002.333333333336
org.apache.commons.lang3.time.FastDateFormat$UnpaddedNumberField.appendTo(Ljava/lang/StringBuffer;I)V 50002.99894792215,50002.0,50002.666666666664,50002.5,51901.0,50002.99894847529,50003.0,50045.588989435404,50002.0,50092.93296823394,50003.31607401295,50003.2,50045.566041821585,50002.997896950576,51902.0,50002.333333333336,50002.5,50002.666666666664,50952.0,50002.00052521008,50002.57735026919,50002.577046480554,50002.0,50002.5,50002.997899159665,50002.000525762356,50002.333333333336,50002.99894847529,50002.99947396107,50002.99894902785,50003.0,50001.0,50002.333333333336
org.apache.commons.lang3.time.FastDateFormat$PaddedNumberField.appendTo(Ljava/lang/StringBuffer;I)V 50001.99842188322,50001.0,50001.5,50001.333333333336,51899.0,50001.99842271293,50002.0,50044.577517139005,50000.8,50096.116997209465,50003.4322992791,50002.25,50044.577517139005,50001.99684542587,51900.0,50001.25,50001.333333333336,50001.625,50634.0,50001.00052493438,50001.5,50001.49960531503,50001.0,50001.4,50001.9968503937,50001.000525762356,50001.25,50001.99842271293,50001.999210734015,50001.99842436975,50002.0,49999.9,50001.25
org.apache.commons.lang3.time.FastDateFormat$UnpaddedMonthField.appendTo(Ljava/lang/StringBuffer;I)V 50001.99842188322,50001.0,50001.5,50001.333333333336,51899.0,50001.99842271293,50002.0,50044.577517139005,50000.8,50091.93296823394,50002.31607401295,50001.0,50001.0,50001.99684542587,51900.0,50001.25,50001.333333333336,50001.625,50634.0,50001.00052493438,50001.5,50001.49960531503,50001.0,50001.4,50001.9968503937,50001.000525762356,50001.25,50001.99842271293,50001.999210734015,50001.99842436975,50002.0,49999.9,50001.25
org.apache.commons.lang3.time.FastDateFormat$UnpaddedMonthField.appendTo(Ljava/lang/StringBuffer;Ljava/util/Calendar;)V 50001.99842188322,50001.0,50001.5,50001.333333333336,51899.0,50001.99842271293,50002.0,50044.577517139005,50000.8,50091.93296823394,50002.31607401295,50001.0,50001.0,50001.99684542587,51900.0,50001.25,50001.333333333336,50001.625,50634.0,50001.00052493438,50001.5,50001.49960531503,50001.0,50001.4,50001.9968503937,50001.000525762356,50001.25,50001.99842271293,50001.999210734015,50001.99842436975,50002.0,49999.9,50001.25
org.apache.commons.lang3.time.FastDateFormat$UnpaddedMonthField.estimateLength()I 50001.99842188322,50001.0,50001.5,50001.333333333336,51899.0,50001.99842271293,50002.0,50044.577517139005,50000.8,50091.93296823394,50002.31607401295,50001.0,50001.0,50001.99684542587,51900.0,50001.25,50001.333333333336,50001.625,50634.0,50001.00052493438,50001.5,50001.49960531503,50001.0,50001.4,50001.9968503937,50001.000525762356,50001.25,50001.99842271293,50001.999210734015,50001.99842436975,50002.0,49999.9,50001.25
org.apache.commons.lang3.time.FastDateFormat$UnpaddedNumberField.appendTo(Ljava/lang/StringBuffer;Ljava/util/Calendar;)V 50001.99842188322,50001.0,50001.5,50001.333333333336,51899.0,50001.99842271293,50002.0,50044.577517139005,50000.8,50091.93296823394,50002.31607401295,50001.0,50001.0,50001.99684542587,51900.0,50001.25,50001.333333333336,50001.625,50634.0,50001.00052493438,50001.5,50001.49960531503,50001.0,50001.4,50001.9968503937,50001.000525762356,50001.25,50001.99842271293,50001.999210734015,50001.99842436975,50002.0,49999.9,50001.25
org.apache.commons.lang3.time.FastDateFormat$TextField.<init>(I[Ljava/lang/String;)V 50001.997369805365,50001.0,50001.333333333336,50001.2,51897.0,50001.99737118822,50002.0,50044.554563480764,50000.57142857143,50092.43698540387,50002.49534878122,50001.0,50001.0,50001.994742376446,51898.0,50001.166666666664,50001.2,50001.583333333336,50380.4,50001.000524383846,50001.40824829046,50001.407711050735,50001.0,50001.28571428572,50001.99475616151,50001.000525762356,50001.166666666664,50001.99737118822,50001.99868386418,50001.99737670514,50002.0,49999.7,50001.166666666664
org.apache.commons.lang3.time.FastDateFormat$TextField.estimateLength()I 50001.997369805365,50001.0,50001.333333333336,50001.2,51897.0,50001.99737118822,50002.0,50044.554563480764,50000.57142857143,50092.43698540387,50002.49534878122,50001.0,50001.0,50001.994742376446,51898.0,50001.166666666664,50001.2,50001.583333333336,50380.4,50001.000524383846,50001.40824829046,50001.407711050735,50001.0,50001.28571428572,50001.99475616151,50001.000525762356,50001.166666666664,50001.99737118822,50001.99868386418,50001.99737670514,50002.0,49999.7,50001.166666666664
org.apache.commons.lang3.time.FastDateFormat$TimeZoneNumberRule.estimateLength()I 50001.997369805365,50001.0,50001.333333333336,50001.2,51897.0,50001.99737118822,50002.0,50044.554563480764,50000.57142857143,50092.43698540387,50002.49534878122,50001.0,50001.0,50001.994742376446,51898.0,50001.166666666664,50001.2,50001.583333333336,50380.4,50001.000524383846,50001.40824829046,50001.407711050735,50001.0,50001.28571428572,50001.99475616151,50001.000525762356,50001.166666666664,50001.99737118822,50001.99868386418,50001.99737670514,50002.0,49999.7,50001.166666666664
org.apache.commons.lang3.time.FastDateFormat$UnpaddedNumberField.<init>(I)V 50001.997369805365,50001.0,50001.333333333336,50001.2,51897.0,50001.99737118822,50002.0,50044.554563480764,50000.57142857143,50092.43698540387,50002.49534878122,50001.0,50001.0,50001.994742376446,51898.0,50001.166666666664,50001.2,50001.583333333336,50380.4,50001.000524383846,50001.40824829046,50001.407711050735,50001.0,50001.28571428572,50001.99475616151,50001.000525762356,50001.166666666664,50001.99737118822,50001.99868386418,50001.99737670514,50002.0,49999.7,50001.166666666664
org.apache.commons.lang3.time.FastDateFormat$UnpaddedNumberField.estimateLength()I 50001.997369805365,50001.0,50001.333333333336,50001.2,51897.0,50001.99737118822,50002.0,50044.554563480764,50000.57142857143,50092.43698540387,50002.49534878122,50001.0,50001.0,50001.994742376446,51898.0,50001.166666666664,50001.2,50001.583333333336,50380.4,50001.000524383846,50001.40824829046,50001.407711050735,50001.0,50001.28571428572,50001.99475616151,50001.000525762356,50001.166666666664,50001.99737118822,50001.99868386418,50001.99737670514,50002.0,49999.7,50001.166666666664
org.apache.commons.lang3.time.FastDateFormat.selectNumberRule(II)Lorg/apache/commons/lang3/time/FastDateFormat$NumberRule; 50001.997369805365,50001.0,50001.333333333336,50001.2,51897.0,50001.99737118822,50002.0,50044.554563480764,50000.57142857143,50094.67305338137,50003.11474252688,50001.0,50001.0,50001.994742376446,51898.0,50001.166666666664,50001.2,50001.583333333336,50380.4,50001.000524383846,50001.40824829046,50001.407711050735,50001.0,50001.28571428572,50001.99475616151,50001.000525762356,50001.166666666664,50001.99737118822,50001.99868386418,50001.99737670514,50002.0,49999.94,50001.166666666664
org.apache.commons.lang3.time.FastDateFormat$TimeZoneNumberRule.appendTo(Ljava/lang/StringBuffer;Ljava/util/Calendar;)V 50001.996843766436,50001.0,50001.28571428572,50001.166666666664,51896.0,50001.99684542587,50002.0,50044.588989435404,50000.5,50092.84666873743,50002.6265765617,50002.333333333336,50044.588989435404,50001.997896950576,51901.0,50001.142857142855,50001.166666666664,50001.57142857143,50951.0,50001.00052410901,50001.37796447301,50001.37736752954,50001.0,50001.25,50001.997899159665,50001.000525762356,50001.142857142855,50001.99894847529,50001.99947396107,50001.9968536969,50002.0,50000.0,50001.142857142855
org.apache.commons.lang3.time.FastDateFormat.parseToken(Ljava/lang/String;[I)Ljava/lang/String; 50001.996843766436,50001.0,50001.28571428572,50001.166666666664,51896.0,50001.99684542587,50002.0,50044.543082114156,50000.5,50094.67305338137,50003.11474252688,50001.0,50001.0,50001.993690851734,51897.0,50001.142857142855,50001.166666666664,50001.57142857143,50317.0,50001.00052410901,50001.37796447301,50001.37736752954,50001.0,50001.25,50001.99371069182,50001.000525762356,50001.142857142855,50001.99684542587,50001.99842022117,50001.9968536969,50002.0,49999.91,50001.142857142855
org.apache.commons.lang3.time.FastDateFormat.getInstance(Ljava/lang/String;)Lorg/apache/commons/lang3/time/FastDateFormat; 50001.99631772751,50001.0,50001.25,50001.142857142855,51895.0,50001.996319663514,50002.0,50044.53159771936,50000.444444444445,50092.84666873743,50002.6265765617,50001.0,50001.0,50001.99263932702,51896.0,50001.125,50001.142857142855,50001.5625,50271.71428571428,50001.00052383447,50001.353553390596,50001.35290185029,50001.0,50001.22222222222,50001.99266631744,50001.000525762356,50001.125,50001.996319663514,50001.998156439295,50001.9963312369,50002.0,49999.5,50001.125
org.apache.commons.lang3.time.FastDateFormat$TwoDigitMonthField.estimateLength()I 50001.99368753288,50001.0,50001.153846153844,50001.083333333336,51890.0,50001.993690851734,50002.0,50044.47413023857,50000.28571428572,50093.6650190415,50002.861209718205,50001.0,50001.0,50001.98738170347,51891.0,50001.07692307692,50001.083333333336,50001.53846153846,50158.5,50001.00052246604,50001.27735009811,50001.276473330596,50001.0,50001.142857142855,50001.98746081505,50001.000525762356,50001.07692307692,50001.993690851734,50001.99683544304,50001.99372713016,50002.0,49999.98,50001.07692307692
org.apache.commons.lang3.time.FormatCache.getInstance(Ljava/lang/String;Ljava/util/TimeZone;Ljava/util/Locale;)Ljava/text/Format; 50003.992109416096,50003.0,50003.125,50003.066666666666,51889.0,50003.992113564665,50004.0,50046.43961325795,50002.23529411765,50096.89133318619,50005.165736770665,50003.0,50003.0,50003.98422712934,51890.0,50003.0625,50003.066666666666,50003.53125,50128.8,50003.000521648406,50003.25,50003.24901172363,50003.0,50003.117647058825,50003.98435054773,50003.000525762356,50003.0625,50003.992113564665,50003.99604117181,50003.99217118998,50004.0,50001.95,50003.0625
org.apache.commons.lang3.time.FastDateFormat$PaddedNumberField.<init>(II)V 50001.99158337717,50001.0,50001.117647058825,50001.0625,51886.0,50001.99158780232,50002.0,50044.42810150122,50000.22222222222,50094.200917426366,50003.0,50001.0,50001.0,50001.983175604626,51887.0,50001.05882352941,50001.0625,50001.529411764706,50118.875,50001.00052137643,50001.24253562504,50001.24151280287,50001.0,50001.11111111111,50001.983315954116,50001.000525762356,50001.05882352941,50001.99158780232,50001.99577613516,50001.99165362545,50002.0,49999.94,50001.05882352941
org.apache.commons.lang3.time.FastDateFormat$PaddedNumberField.estimateLength()I 50001.99158337717,50001.0,50001.117647058825,50001.0625,51886.0,50001.99158780232,50002.0,50044.42810150122,50000.22222222222,50094.200917426366,50003.0,50001.0,50001.0,50001.983175604626,51887.0,50001.05882352941,50001.0625,50001.529411764706,50118.875,50001.00052137643,50001.24253562504,50001.24151280287,50001.0,50001.11111111111,50001.983315954116,50001.000525762356,50001.05882352941,50001.99158780232,50001.99577613516,50001.99165362545,50002.0,49999.94,50001.05882352941
org.apache.commons.lang3.time.FastDateFormat$CharacterLiteral.estimateLength()I 50001.990531299314,50001.0,50001.10526315789,50001.055555555555,51884.0,50001.990536277604,50002.0,50044.40506882842,50000.2,50094.44355811349,50003.05976714391,50001.0,50001.0,50001.9810725552,51885.0,50001.05263157895,50001.055555555555,50001.52631578947,50105.666666666664,50001.00052083333,50001.22941573387,50001.2283270161,50001.0,50001.1,50001.98125,50001.000525762356,50001.05263157895,50001.990536277604,50001.99524564184,50001.990620114644,50002.0,49999.92,50001.05263157895
org.apache.commons.lang3.time.FastDateFormat$TwoDigitNumberField.estimateLength()I 50001.990531299314,50001.0,50001.10526315789,50001.055555555555,51884.0,50001.990536277604,50002.0,50044.40506882842,50000.2,50094.44355811349,50003.05976714391,50001.0,50001.0,50001.9810725552,51885.0,50001.05263157895,50001.055555555555,50001.52631578947,50105.666666666664,50001.00052083333,50001.22941573387,50001.2283270161,50001.0,50001.1,50001.98125,50001.000525762356,50001.05263157895,50001.990536277604,50001.99524564184,50001.990620114644,50002.0,49999.92,50001.05263157895
org.apache.commons.lang3.time.FastDateFormat.<init>(Ljava/lang/String;Ljava/util/TimeZone;Ljava/util/Locale;)V 50001.98947922146,50001.0,50001.09523809524,50001.05,51882.0,50001.98948475289,50002.0,50044.38202392697,50000.181818181816,50094.67305338137,50003.11474252688,50001.0,50001.0,50001.978969505784,51883.0,50001.04761904762,50001.05,50001.52380952381,50095.1,50001.00052029136,50001.21821789024,50001.21706694397,50001.0,50001.09090909091,50001.979188345475,50001.000525762356,50001.04761904762,50001.98948475289,50001.99471458774,50001.98958875586,50002.0,49999.9,50001.04761904762
org.apache.commons.lang3.time.FastDateFormat.init()V 50001.98947922146,50001.0,50001.09523809524,50001.05,51882.0,50001.98948475289,50002.0,50044.38202392697,50000.181818181816,50094.67305338137,50003.11474252688,50001.0,50001.0,50001.978969505784,51883.0,50001.04761904762,50001.05,50001.52380952381,50095.1,50001.00052029136,50001.21821789024,50001.21706694397,50001.0,50001.09090909091,50001.979188345475,50001.000525762356,50001.04761904762,50001.98948475289,50001.99471458774,50001.98958875586,50002.0,49999.9,50001.04761904762
org.apache.commons.lang3.time.FormatCache$MultipartKey.hashCode()I 50001.98842714361,50001.0,50001.086956521736,50001.045454545456,51880.0,50001.98843322818,50002.0,50044.358966777356,50000.166666666664,50094.89133318619,50003.165736770665,50001.0,50001.0,50001.97686645636,51881.0,50001.04347826087,50001.045454545456,50001.52173913043,50086.454545454544,50001.00051975052,50001.20851441406,50001.207304349206,50001.0,50001.083333333336,50001.97713097713,50001.000525762356,50001.04347826087,50001.98843322818,50001.994182971976,50001.988559542384,50002.0,49999.88,50001.04347826087
org.apache.commons.lang3.time.FastDateFormat$TwoDigitMonthField.appendTo(Ljava/lang/StringBuffer;I)V 50001.98316675434,50001.0,50001.06060606061,50001.03125,51870.0,50001.983175604626,50002.0,50044.24349662088,50000.117647058825,50095.85777167586,50003.37841423001,50001.0,50001.0,50001.96635120925,51871.0,50001.030303030304,50001.03125,50001.51515151515,50059.4375,50001.00051706308,50001.17407765595,50001.172606291744,50001.0,50001.05882352941,50001.96690796277,50001.000525762356,50001.030303030304,50001.983175604626,50001.9915164369,50001.983445421625,50002.0,49999.78,50001.030303030304
org.apache.commons.lang3.time.FastDateFormat$TwoDigitMonthField.appendTo(Ljava/lang/StringBuffer;Ljava/util/Calendar;)V 50001.98316675434,50001.0,50001.06060606061,50001.03125,51870.0,50001.983175604626,50002.0,50044.24349662088,50000.117647058825,50095.85777167586,50003.37841423001,50001.0,50001.0,50001.96635120925,51871.0,50001.030303030304,50001.03125,50001.51515151515,50059.4375,50001.00051706308,50001.17407765595,50001.172606291744,50001.0,50001.05882352941,50001.96690796277,50001.000525762356,50001.030303030304,50001.983175604626,50001.9915164369,50001.983445421625,50002.0,49999.78,50001.030303030304
org.apache.commons.lang3.time.FastDateFormat.format(Ljava/util/Date;)Ljava/lang/String; 50001.98316675434,50001.0,50001.06060606061,50001.03125,51870.0,50001.983175604626,50002.0,50044.24349662088,50000.117647058825,50095.85777167586,50003.37841423001,50001.0,50001.0,50001.96635120925,51871.0,50001.030303030304,50001.03125,50001.51515151515,50059.4375,50001.00051706308,50001.17407765595,50001.172606291744,50001.0,50001.05882352941,50001.96690796277,50001.000525762356,50001.030303030304,50001.983175604626,50001.9915164369,50001.983445421625,50002.0,49999.78,50001.030303030304
org.apache.commons.lang3.time.FastDateFormat.format(Ljava/util/Calendar;)Ljava/lang/String; 50001.98211467649,50001.0,50001.05714285714,50001.029411764706,51868.0,50001.982124079914,50002.0,50044.22036556995,50000.11111111111,50096.03186932121,50003.41473640277,50001.0,50001.0,50001.964248159835,51869.0,50001.02857142857,50001.029411764706,50001.514285714286,50055.94117647059,50001.000516528926,50001.16903085094,50001.167512445296,50001.0,50001.055555555555,50001.96487603306,50001.000525762356,50001.02857142857,50001.982124079914,50001.99098143236,50001.982428940566,50002.0,49999.76,50001.02857142857
org.apache.commons.lang3.time.FastDateFormat$CharacterLiteral.appendTo(Ljava/lang/StringBuffer;Ljava/util/Calendar;)V 50001.98158863756,50001.0,50001.055555555555,50001.02857142857,51867.0,50001.98159831756,50002.0,50044.20879540093,50000.10810810811,50096.116997209465,50003.4322992791,50001.0,50001.0,50001.96319663512,51868.0,50001.02777777778,50001.02857142857,50001.51388888889,50054.34285714286,50001.00051626226,50001.166666666664,50001.165125258645,50001.0,50001.05405405405,50001.963861641714,50001.000525762356,50001.02777777778,50001.98159831756,50001.99071371717,50001.981921487604,50002.0,49999.75,50001.02777777778
org.apache.commons.lang3.time.FastDateFormat$PaddedNumberField.appendTo(Ljava/lang/StringBuffer;Ljava/util/Calendar;)V 50001.98158863756,50001.0,50001.055555555555,50001.02857142857,51867.0,50001.98159831756,50002.0,50044.20879540093,50000.10810810811,50096.116997209465,50003.4322992791,50001.0,50001.0,50001.96319663512,51868.0,50001.02777777778,50001.02857142857,50001.51388888889,50054.34285714286,50001.00051626226,50001.166666666664,50001.165125258645,50001.0,50001.05405405405,50001.963861641714,50001.000525762356,50001.02777777778,50001.98159831756,50001.99071371717,50001.981921487604,50002.0,49999.75,50001.02777777778
org.apache.commons.lang3.time.FastDateFormat$TwoDigitNumberField.appendTo(Ljava/lang/StringBuffer;I)V 50001.981062598636,50001.0,50001.05405405405,50001.02777777778,51866.0,50001.9810725552,50002.0,50044.19722213291,50000.10526315789,50096.200917426366,50003.44948974279,50001.0,50001.0,50001.96214511041,51867.0,50001.02702702703,50001.02777777778,50001.51351351351,50052.833333333336,50001.000515995875,50001.164398987305,50001.162834902185,50001.0,50001.05263157895,50001.96284829721,50001.000525762356,50001.02702702703,50001.9810725552,50001.990445859876,50001.9814145586,50002.0,49999.74,50001.02702702703
org.apache.commons.lang3.time.FastDateFormat$TwoDigitNumberField.appendTo(Ljava/lang/StringBuffer;Ljava/util/Calendar;)V 50001.981062598636,50001.0,50001.05405405405,50001.02777777778,51866.0,50001.9810725552,50002.0,50044.19722213291,50000.10526315789,50096.200917426366,50003.44948974279,50001.0,50001.0,50001.96214511041,51867.0,50001.02702702703,50001.02777777778,50001.51351351351,50052.833333333336,50001.000515995875,50001.164398987305,50001.162834902185,50001.0,50001.05263157895,50001.96284829721,50001.000525762356,50001.02702702703,50001.9810725552,50001.990445859876,50001.9814145586,50002.0,49999.74,50001.02702702703
org.apache.commons.lang3.time.FastDateFormat.applyRules(Ljava/util/Calendar;Ljava/lang/StringBuffer;)Ljava/lang/StringBuffer; 50001.980010520776,50001.0,50001.05128205128,50001.02631578947,51864.0,50001.9800210305,50002.0,50044.174066289845,50000.1,50096.36533142933,50003.4828237962,50001.0,50001.0,50001.960042060986,51865.0,50001.02564102564,50001.02631578947,50001.51282051282,50050.05263157895,50001.000515463915,50001.1601281538,50001.15851963567,50001.0,50001.05,50001.960824742266,50001.000525762356,50001.02564102564,50001.9800210305,50001.98990971853,50001.98040226921,50002.0,49999.72,50001.02564102564
org.apache.commons.lang3.time.FastDateFormat$CharacterLiteral.<init>(C)V 5012.990531299316,5012.0,5012.105263157895,5012.055555555556,6895.0,5012.990536277603,5013.0,5055.4050688284215,5011.2,5105.443558113486,5014.059767143907,5012.0,5012.0,5012.981072555205,6896.0,5012.0526315789475,5012.055555555556,5012.526315789473,5116.666666666667,5012.000520833333,5012.22941573387,5012.228327016097,5012.0,5012.1,5012.98125,5012.000525762355,5012.0526315789475,5012.990536277603,5012.995245641839,5012.990620114643,5013.0,5010.92,5012.0526315789475
org.apache.commons.lang3.time.FastDateFormat$TwoDigitNumberField.<init>(I)V 5012.990531299316,5012.0,5012.105263157895,5012.055555555556,6895.0,5012.990536277603,5013.0,5055.4050688284215,5011.2,5105.443558113486,5014.059767143907,5012.0,5012.0,5012.981072555205,6896.0,5012.0526315789475,5012.055555555556,5012.526315789473,5116.666666666667,5012.000520833333,5012.22941573387,5012.228327016097,5012.0,5012.1,5012.98125,5012.000525762355,5012.0526315789475,5012.990536277603,5012.995245641839,5012.990620114643,5013.0,5010.92,5012.0526315789475
org.apache.commons.lang3.time.FastDateFormat$1.createInstance(Ljava/lang/String;Ljava/util/TimeZone;Ljava/util/Locale;)Lorg/apache/commons/lang3/time/FastDateFormat; 5012.989479221463,5012.0,5012.0952380952385,5012.05,6893.0,5012.989484752891,5013.0,5055.382023926968,5011.181818181818,5105.673053381366,5014.114742526881,5012.0,5012.0,5012.978969505783,6894.0,5012.047619047619,5012.05,5012.523809523809,5106.1,5012.0005202913635,5012.218217890236,5012.217066943971,5012.0,5012.090909090909,5012.979188345474,5012.000525762355,5012.047619047619,5012.989484752891,5012.994714587738,5012.989588755856,5013.0,5010.9,5012.047619047619
org.apache.commons.lang3.time.FormatCache$MultipartKey.<init>([Ljava/lang/Object;)V 5012.9884271436085,5012.0,5012.086956521739,5012.045454545455,6891.0,5012.988433228181,5013.0,5055.358966777358,5011.166666666667,5105.89133318619,5014.165736770668,5012.0,5012.0,5012.976866456362,6892.0,5012.04347826087,5012.045454545455,5012.521739130435,5097.454545454545,5012.00051975052,5012.208514414057,5012.207304349207,5012.0,5012.083333333333,5012.977130977131,5012.000525762355,5012.04347826087,5012.988433228181,5012.994182971973,5012.988559542382,5013.0,5010.88,5012.04347826087
org.apache.commons.lang3.time.FastDateFormat.format(Ljava/util/Calendar;Ljava/lang/StringBuffer;)Ljava/lang/StringBuffer; 5012.982114676486,5012.0,5012.057142857143,5012.029411764706,6879.0,5012.982124079916,5013.0,5055.220365569949,5011.111111111111,5107.031869321212,5014.414736402767,5012.0,5012.0,5012.964248159832,6880.0,5012.028571428571,5012.029411764706,5012.5142857142855,5066.941176470588,5012.000516528926,5012.169030850946,5012.167512445293,5012.0,5012.055555555556,5012.964876033057,5012.000525762355,5012.028571428571,5012.982124079916,5012.990981432361,5012.982428940569,5013.0,5010.76,5012.028571428571
org.apache.commons.lang3.Validate.isTrue(ZLjava/lang/String;J)V 5012.981062598632,5012.0,5012.054054054054,5012.027777777777,6877.0,5012.981072555205,5013.0,5055.577517139001,5011.105263157895,5107.200917426367,5014.449489742783,5013.25,5055.577517139001,5012.996845425868,6911.0,5012.027027027027,5012.027777777777,5012.513513513513,5645.0,5012.000515995872,5012.1643989873055,5012.162834902181,5012.0,5012.0526315789475,5012.996850393701,5012.000525762355,5012.027027027027,5012.9984227129335,5012.999210734018,5012.981414558596,5013.0,5010.74,5012.027027027027
