org.apache.commons.lang3.time.FastDateFormat.format(Ljava/util/Date;)Ljava/lang/String; 5000001.983230855,5000001.0,5000001.064516129,5000001.033333333,5001760.0,5000001.9832402235,5000002.0,5000042.952353926,5000000.125,5000093.070369505,5000003.340347319,5000001.0,5000001.0,5000001.966480447,5001761.0,5000001.0322580645,5000001.033333333,5000001.516129033,5000059.666666667,5000001.0005494505,5000001.179605302,5000001.178093022,5000001.0,5000001.0625,5000001.967032967,5000001.000558659,5000001.0322580645,5000001.9832402235,5000001.991549295,5000001.983507422,5000002.0,4999999.8,5000001.0322580645
org.apache.commons.lang3.time.FastDateFormat$TwoDigitNumberField.appendTo(Ljava/lang/StringBuffer;Ljava/util/Calendar;)V 500001.9804359978,500001.0,500001.05555555556,500001.02857142856,501755.0,500001.98044692737,500002.0,500042.8927201313,500000.1081081081,500093.5092237133,500003.4322992791,500001.0,500001.0,500001.96089385473,501756.0,500001.02777777775,500001.02857142856,500001.5138888889,500051.14285714284,500001.0005479452,500001.1666666667,500001.16502828023,500001.0,500001.0540540541,500001.9616438356,500001.0005586592,500001.02777777775,500001.98044692737,500001.9901269394,500001.9808114035,500002.0,499999.75,500001.02777777775
org.apache.commons.lang3.time.FastDateFormat.parsePattern()Ljava/util/List; 50002.0,50001.0,50003.0,1050001.0,51790.0,50002.0,50002.0,50043.308391602615,50002.0,50091.95204287377,50003.08779762993,50002.333333333336,50043.28474902373,50002.0,51791.0,50002.0,1050001.0,50002.0,50895.0,50001.000558659216,50002.0,50002.0,50001.0,50002.0,50002.0,50001.000558659216,50002.0,50002.0,50002.0,50002.0,50002.0,50002.0,50002.0
org.apache.commons.lang3.time.FastDateFormat$StringLiteral.appendTo(Ljava/lang/StringBuffer;Ljava/util/Calendar;)V 50001.99944102851,50001.0,50002.0,50002.0,51789.0,50001.999441340784,50002.0,50043.29657196511,50001.333333333336,50088.59314393023,50002.0,50001.0,50001.0,50001.99888268156,51790.0,50001.5,50002.0,50001.75,51790.0,50001.00055834729,50001.707106781185,50001.70690912729,50001.0,50001.666666666664,50001.998883305416,50001.000558659216,50001.5,50001.999441340784,50001.99972059234,50001.999441340784,50002.0,50001.0,50001.5
org.apache.commons.lang3.time.FastDateFormat$TextField.appendTo(Ljava/lang/StringBuffer;Ljava/util/Calendar;)V 50001.99944102851,50001.0,50002.0,50002.0,51789.0,50001.999441340784,50002.0,50043.29657196511,50001.333333333336,50088.59314393023,50002.0,50001.0,50001.0,50001.99888268156,51790.0,50001.5,50002.0,50001.75,51790.0,50001.00055834729,50001.707106781185,50001.70690912729,50001.0,50001.666666666664,50001.998883305416,50001.000558659216,50001.5,50001.999441340784,50001.99972059234,50001.999441340784,50002.0,50001.0,50001.5
org.apache.commons.lang3.time.FastDateFormat$StringLiteral.<init>(Ljava/lang/String;)V 50001.99832308552,50001.0,50001.5,50001.333333333336,51787.0,50001.998324022345,50002.0,50043.27292277569,50000.8,50089.325194737794,50002.31607401295,50001.0,50001.0,50001.99664804469,51788.0,50001.25,50001.333333333336,50001.625,50596.666666666664,50001.00055772448,50001.5,50001.49958059548,50001.0,50001.4,50001.99665365309,50001.000558659216,50001.25,50001.998324022345,50001.99916130836,50001.998325892855,50002.0,49999.9,50001.25
org.apache.commons.lang3.time.FastDateFormat$StringLiteral.estimateLength()I 50001.99832308552,50001.0,50001.5,50001.333333333336,51787.0,50001.998324022345,50002.0,50043.27292277569,50000.8,50089.325194737794,50002.31607401295,50001.0,50001.0,50001.99664804469,51788.0,50001.25,50001.333333333336,50001.625,50596.666666666664,50001.00055772448,50001.5,50001.49958059548,50001.0,50001.4,50001.99665365309,50001.000558659216,50001.25,50001.998324022345,50001.99916130836,50001.998325892855,50002.0,49999.9,50001.25
org.apache.commons.lang3.time.FastDateFormat$TextField.<init>(I[Ljava/lang/String;)V 50001.99776411403,50001.0,50001.4,50001.25,51786.0,50001.99776536313,50002.0,50043.26109321823,50000.666666666664,50089.59314393023,50002.41421356237,50001.0,50001.0,50001.99553072626,51787.0,50001.2,50001.25,50001.6,50447.5,50001.0005574136,50001.4472135955,50001.446713356425,50001.0,50001.333333333336,50001.99554069119,50001.000558659216,50001.2,50001.99776536313,50001.99888143177,50001.99776910206,50002.0,49999.8,50001.2
org.apache.commons.lang3.time.FastDateFormat$TextField.estimateLength()I 50001.99776411403,50001.0,50001.4,50001.25,51786.0,50001.99776536313,50002.0,50043.26109321823,50000.666666666664,50089.59314393023,50002.41421356237,50001.0,50001.0,50001.99553072626,51787.0,50001.2,50001.25,50001.6,50447.5,50001.0005574136,50001.4472135955,50001.446713356425,50001.0,50001.333333333336,50001.99554069119,50001.000558659216,50001.2,50001.99776536313,50001.99888143177,50001.99776910206,50002.0,49999.8,50001.2
org.apache.commons.lang3.time.FastDateFormat.parseToken(Ljava/lang/String;[I)Ljava/lang/String; 50001.997205142536,50001.0,50001.333333333336,50001.2,51785.0,50001.99720670391,50002.0,50043.24926034855,50000.57142857143,50091.95204287377,50003.08779762993,50001.0,50001.0,50001.99441340782,51786.0,50001.166666666664,50001.2,50001.583333333336,50358.0,50001.00055710306,50001.40824829046,50001.4076773934,50001.0,50001.28571428572,50001.99442896936,50001.000558659216,50001.166666666664,50001.99720670391,50001.9986013986,50001.997212931994,50002.0,49999.92,50001.166666666664
org.apache.commons.lang3.time.FastDateFormat.<init>(Ljava/lang/String;Ljava/util/TimeZone;Ljava/util/Locale;)V 50001.99217439911,50001.0,50001.13333333333,50001.07142857143,51776.0,50001.992178770946,50002.0,50043.14261501141,50000.25,50092.175719625186,50003.14069514293,50002.055555555555,50043.10700654286,50001.9843575419,51777.0,50001.066666666666,50001.07142857143,50001.53333333333,50127.857142857145,50001.00055432373,50001.258198889744,50001.25718662473,50001.0,50001.125,50001.9844789357,50001.000558659216,50001.066666666666,50001.992178770946,50001.996074032526,50001.99223516362,50002.0,49999.96,50001.066666666666
org.apache.commons.lang3.time.FastDateFormat$TwoDigitNumberField.estimateLength()I 50001.99049748463,50001.0,50001.11111111111,50001.05882352941,51773.0,50001.9905027933,50002.0,50043.10700654286,50000.21052631579,50091.716249555844,50003.03054318487,50001.0,50001.0,50001.98100558659,51774.0,50001.055555555555,50001.05882352941,50001.52777777778,50105.294117647056,50001.00055340343,50001.2357022604,50001.23457970508,50001.0,50001.10526315789,50001.981184283344,50001.000558659216,50001.055555555555,50001.9905027933,50001.99522873983,50001.99058693245,50002.0,49999.93,50001.055555555555
org.apache.commons.lang3.time.FastDateFormat.selectNumberRule(II)Lorg/apache/commons/lang3/time/FastDateFormat$NumberRule; 50001.99049748463,50001.0,50001.11111111111,50001.05882352941,51773.0,50001.9905027933,50002.0,50043.23742416388,50000.21052631579,50091.95204287377,50003.08779762993,50002.142857142855,50043.23742416388,50001.993296089386,51785.0,50001.055555555555,50001.05882352941,50001.52777777778,50298.333333333336,50001.00055340343,50001.2357022604,50001.23457970508,50001.0,50001.10526315789,50001.993318485525,50001.000558659216,50001.055555555555,50001.99664804469,50001.99832120873,50001.99058693245,50002.0,49999.93,50001.055555555555
org.apache.commons.lang3.time.FastDateFormat.getInstance(Ljava/lang/String;Ljava/util/TimeZone;Ljava/util/Locale;)Lorg/apache/commons/lang3/time/FastDateFormat; 50001.98937954164,50001.0,50001.1,50001.05263157895,51771.0,50001.98938547486,50002.0,50043.083250825,50000.19047619047,50092.175719625186,50003.14069514293,50001.0,50001.0,50001.97877094972,51772.0,50001.05,50001.05263157895,50001.525,50094.21052631579,50001.0005527916,50001.22360679775,50001.22241622486,50001.0,50001.09523809524,50001.97899391929,50001.000558659216,50001.05,50001.98938547486,50001.994664420105,50001.989491150445,50002.0,49999.91,50001.05
org.apache.commons.lang3.time.FastDateFormat.init()V 50001.98937954164,50001.0,50001.1,50001.05263157895,51771.0,50001.98938547486,50002.0,50043.083250825,50000.19047619047,50091.95204287377,50003.08779762993,50001.0,50001.0,50001.97877094972,51772.0,50001.05,50001.05263157895,50001.525,50094.21052631579,50001.0005527916,50001.22360679775,50001.22241622486,50001.0,50001.09523809524,50001.97899391929,50001.000558659216,50001.05,50001.98938547486,50001.994664420105,50001.989491150445,50002.0,49999.91,50001.05
org.apache.commons.lang3.time.FastDateFormat.hashCode()I 50001.98826159866,50001.0,50001.09090909091,50001.04761904762,51769.0,50001.98826815643,50002.0,50043.05948168963,50000.17391304348,50092.175719625186,50003.14069514293,50001.0,50001.0,50001.976536312846,51770.0,50001.045454545456,50001.04761904762,50001.52272727273,50085.23809523809,50001.00055218112,50001.21320071635,50001.21194570474,50001.0,50001.086956521736,50001.976808393156,50001.000558659216,50001.045454545456,50001.98826815643,50001.994099466145,50001.98839779005,50002.0,49999.89,50001.045454545456
org.apache.commons.lang3.time.FastDateFormat$TwoDigitNumberField.appendTo(Ljava/lang/StringBuffer;I)V 50001.980435997764,50001.0,50001.055555555555,50001.02857142857,51755.0,50001.98044692737,50002.0,50042.892720131305,50000.10810810811,50093.50922371333,50003.4322992791,50001.0,50001.0,50001.960893854746,51756.0,50001.02777777778,50001.02857142857,50001.51388888889,50051.142857142855,50001.00054794521,50001.166666666664,50001.165028280215,50001.0,50001.05405405405,50001.96164383562,50001.000558659216,50001.02777777778,50001.98044692737,50001.99012693935,50001.98081140351,50002.0,49999.75,50001.02777777778
org.apache.commons.lang3.time.FastDateFormat.applyRules(Ljava/util/Calendar;Ljava/lang/StringBuffer;)Ljava/lang/StringBuffer; 50001.97931805478,50001.0,50001.05263157895,50001.02702702703,51753.0,50001.97932960894,50002.0,50042.86884283092,50000.10256410256,50093.67590646052,50003.46632571456,50001.0,50001.0,50001.958659217875,51754.0,50001.02631578947,50001.02702702703,50001.51315789474,50048.37837837838,50001.00054734538,50001.16222142113,50001.160535129355,50001.0,50001.05128205128,50001.95949644226,50001.000558659216,50001.02631578947,50001.97932960894,50001.98955687271,50001.97973713034,50002.0,49999.73,50001.02631578947
org.apache.commons.lang3.time.FastDateFormat.getInstance(Ljava/lang/String;Ljava/util/Locale;)Lorg/apache/commons/lang3/time/FastDateFormat; 5012.998882057015,5012.0,5012.666666666667,5012.5,6799.0,5012.998882681564,5013.0,5054.284749023732,5012.0,5100.007357492599,5013.189207115002,5012.0,5012.0,5012.997765363129,6800.0,5012.333333333333,5012.5,5012.666666666667,5906.0,5012.000558035715,5012.57735026919,5012.577027456601,5012.0,5012.5,5012.997767857143,5012.000558659218,5012.333333333333,5012.998882681564,5012.999441028507,5012.998883305416,5013.0,5011.0,5012.333333333333
org.apache.commons.lang3.time.FastDateFormat$TwoDigitNumberField.<init>(I)V 5012.990497484629,5012.0,5012.111111111111,5012.058823529412,6784.0,5012.990502793296,5013.0,5054.107006542855,5011.210526315789,5102.716249555844,5014.030543184869,5012.0,5012.0,5012.981005586592,6785.0,5012.055555555556,5012.058823529412,5012.527777777777,5116.294117647059,5012.000553403431,5012.235702260396,5012.234579705079,5012.0,5012.105263157895,5012.981184283342,5012.000558659218,5012.055555555556,5012.990502793296,5012.995228739826,5012.9905869324475,5013.0,5010.93,5012.055555555556
