org.apache.commons.lang3.builder.HashCodeBuilder.reflectionAppend(Ljava/lang/Object;Ljava/lang/Class;Lorg/apache/commons/lang3/builder/HashCodeBuilder;Z[Ljava/lang/String;)V 50003.0,50002.0,50004.0,1050002.0,51671.0,50003.0,50003.0,50042.86563348341,50003.0,50088.352544174326,50003.6265765617,50002.0,50002.0,50003.0,51672.0,50003.0,1050002.0,50003.0,50239.57142857143,50002.0005988024,50003.0,50003.0,50002.0,50003.0,50003.0,50002.0005988024,50003.0,50003.0,50003.0,50003.0,50003.0,50003.0,50003.0
org.apache.commons.lang3.builder.HashCodeBuilder.reflectionHashCode(Ljava/lang/Object;)I 50001.99820251648,50001.0,50001.5,50001.333333333336,51667.0,50001.99820359281,50002.0,50041.82891132519,50000.8,50086.43884367083,50002.31607401295,50001.0,50001.0,50001.99640718563,51668.0,50001.25,50001.333333333336,50001.625,50556.666666666664,50001.000597728635,50001.5,50001.499550427005,50001.0,50001.4,50001.996413628214,50001.0005988024,50001.25,50001.99820359281,50001.99910098891,50001.99820574163,50002.0,49999.9,50001.25
org.apache.commons.lang3.builder.HashCodeBuilder.getRegistry()Ljava/util/Set; 50001.99580587178,50001.0,50001.25,50001.142857142855,51663.0,50001.99580838323,50002.0,50041.77989700821,50000.444444444445,50087.352544174326,50002.6265765617,50001.0,50001.0,50001.99161676647,51664.0,50001.125,50001.142857142855,50001.5625,50238.57142857143,50001.000596302925,50001.353553390596,50001.352811187426,50001.0,50001.22222222222,50001.99165175909,50001.0005988024,50001.125,50001.99580838323,50001.99789978998,50001.99582338902,50002.0,49999.5,50001.125
org.apache.commons.lang3.builder.HashCodeBuilder.isRegistered(Ljava/lang/Object;)Z 50001.99580587178,50001.0,50001.25,50001.142857142855,51663.0,50001.99580838323,50002.0,50041.77989700821,50000.444444444445,50087.352544174326,50002.6265765617,50001.0,50001.0,50001.99161676647,51664.0,50001.125,50001.142857142855,50001.5625,50238.57142857143,50001.000596302925,50001.353553390596,50001.352811187426,50001.0,50001.22222222222,50001.99165175909,50001.0005988024,50001.125,50001.99580838323,50001.99789978998,50001.99582338902,50002.0,49999.5,50001.125
org.apache.commons.lang3.builder.HashCodeBuilder.reflectionHashCode(IILjava/lang/Object;ZLjava/lang/Class;[Ljava/lang/String;)I 50002.99580587178,50002.0,50002.25,50002.142857142855,51664.0,50002.99580838323,50003.0,50042.84115571332,50001.444444444445,50089.1708944784,50003.861209718205,50003.333333333336,50042.84115571332,50002.99760479042,51670.0,50002.125,50002.142857142855,50002.5625,50836.0,50002.000596302925,50002.353553390596,50002.352811187426,50002.0,50002.22222222222,50002.9976076555,50002.0005988024,50002.125,50002.99880239521,50002.999400838824,50002.99582338902,50003.0,50001.0,50002.125
org.apache.commons.lang3.builder.HashCodeBuilder.register(Ljava/lang/Object;)V 50001.99580587178,50001.0,50001.25,50001.142857142855,51663.0,50001.99580838323,50002.0,50041.77989700821,50000.444444444445,50087.352544174326,50002.6265765617,50001.0,50001.0,50001.99161676647,51664.0,50001.125,50001.142857142855,50001.5625,50238.57142857143,50001.000596302925,50001.353553390596,50001.352811187426,50001.0,50001.22222222222,50001.99165175909,50001.0005988024,50001.125,50001.99580838323,50001.99789978998,50001.99582338902,50002.0,49999.5,50001.125
org.apache.commons.lang3.builder.HashCodeBuilder.unregister(Ljava/lang/Object;)V 50001.99580587178,50001.0,50001.25,50001.142857142855,51663.0,50001.99580838323,50002.0,50041.77989700821,50000.444444444445,50087.352544174326,50002.6265765617,50001.0,50001.0,50001.99161676647,51664.0,50001.125,50001.142857142855,50001.5625,50238.57142857143,50001.000596302925,50001.353553390596,50001.352811187426,50001.0,50001.22222222222,50001.99165175909,50001.0005988024,50001.125,50001.99580838323,50001.99789978998,50001.99582338902,50002.0,49999.5,50001.125
org.apache.commons.lang3.builder.IDKey.<init>(Ljava/lang/Object;)V 50002.99580587178,50002.0,50002.25,50002.142857142855,51664.0,50002.99580838323,50003.0,50042.77989700821,50001.444444444445,50088.352544174326,50003.6265765617,50002.0,50002.0,50002.99161676647,51665.0,50002.125,50002.142857142855,50002.5625,50239.57142857143,50002.000596302925,50002.353553390596,50002.352811187426,50002.0,50002.22222222222,50002.99165175909,50002.0005988024,50002.125,50002.99580838323,50002.99789978998,50002.99582338902,50003.0,50000.5,50002.125
org.apache.commons.lang3.builder.IDKey.equals(Ljava/lang/Object;)Z 50002.99580587178,50002.0,50002.25,50002.142857142855,51664.0,50002.99580838323,50003.0,50042.77989700821,50001.444444444445,50088.352544174326,50003.6265765617,50002.0,50002.0,50002.99161676647,51665.0,50002.125,50002.142857142855,50002.5625,50239.57142857143,50002.000596302925,50002.353553390596,50002.352811187426,50002.0,50002.22222222222,50002.99165175909,50002.0005988024,50002.125,50002.99580838323,50002.99789978998,50002.99582338902,50003.0,50000.5,50002.125
org.apache.commons.lang3.builder.IDKey.hashCode()I 50001.99580587178,50001.0,50001.25,50001.142857142855,51663.0,50001.99580838323,50002.0,50041.77989700821,50000.444444444445,50087.352544174326,50002.6265765617,50001.0,50001.0,50001.99161676647,51664.0,50001.125,50001.142857142855,50001.5625,50238.57142857143,50001.000596302925,50001.353553390596,50001.352811187426,50001.0,50001.22222222222,50001.99165175909,50001.0005988024,50001.125,50001.99580838323,50001.99789978998,50001.99582338902,50002.0,49999.5,50001.125
org.apache.commons.lang3.builder.HashCodeBuilder.append(Ljava/lang/Object;)Lorg/apache/commons/lang3/builder/HashCodeBuilder; 50002.99281006591,50002.0,50002.153846153844,50002.083333333336,51659.0,50002.99281437126,50003.0,50042.84115571332,50001.28571428572,50090.28936855822,50004.14069514293,50003.333333333336,50042.84115571332,50002.99760479042,51670.0,50002.07692307692,50002.083333333336,50002.53846153846,50836.0,50002.00059453032,50002.27735009811,50002.27635123497,50002.0,50002.142857142855,50002.9976076555,50002.0005988024,50002.07692307692,50002.99880239521,50002.999400838824,50002.99286139203,50003.0,50001.0,50002.07692307692
org.apache.commons.lang3.ArrayUtils.contains([Ljava/lang/Object;Ljava/lang/Object;)Z 50002.98741761534,50002.0,50002.09090909091,50002.04761904762,51650.0,50002.9874251497,50003.0,50042.607881008495,50001.17391304348,50090.28936855822,50004.14069514293,50002.0,50002.0,50002.974850299404,51651.0,50002.045454545456,50002.04761904762,50002.52272727273,50080.52380952381,50002.00059136606,50002.21320071635,50002.21185518374,50002.0,50002.086956521736,50002.97516262566,50002.0005988024,50002.045454545456,50002.9874251497,50002.99367279301,50002.9875739645,50003.0,50000.89,50002.045454545456
org.apache.commons.lang3.builder.HashCodeBuilder.<init>(II)V 50002.97783103655,50002.0,50002.05263157895,50002.02702702703,51634.0,50002.977844311376,50003.0,50042.81666326392,50001.10256410256,50092.26423138756,50004.56074960203,50003.2,50042.81666326392,50002.99520958084,51668.0,50002.02631578947,50002.02702702703,50002.51315789474,50418.5,50002.00058582308,50002.16222142113,50002.160413203004,50002.0,50002.05128205128,50002.99522102748,50002.0005988024,50002.02631578947,50002.99760479042,50002.998800959234,50002.97831184056,50003.0,50000.73,50002.02631578947
org.apache.commons.lang3.builder.HashCodeBuilder.toHashCode()I 50001.97783103655,50001.0,50001.05263157895,50001.02702702703,51633.0,50001.977844311376,50002.0,50041.410394702354,50000.10256410256,50090.78955539356,50003.46632571456,50001.0,50001.0,50001.95568862275,51634.0,50001.02631578947,50001.02702702703,50001.51315789474,50045.13513513513,50001.00058582308,50001.16222142113,50001.160413203004,50001.0,50001.05128205128,50001.956649091975,50001.0005988024,50001.02631578947,50001.977844311376,50001.98879806237,50001.97831184056,50002.0,49999.73,50001.02631578947
org.apache.commons.lang3.ArrayUtils.indexOf([Ljava/lang/Object;Ljava/lang/Object;I)I 50001.98921509886,50001.0,50001.10526315789,50001.055555555555,51652.0,50001.98922155688,50002.0,50041.84115571332,50000.2,50089.60577234883,50003.2133638394,50002.333333333336,50041.84115571332,50001.99760479042,51669.0,50001.05263157895,50001.055555555555,50001.52631578947,50835.0,50001.00059241706,50001.22941573387,50001.22817526722,50001.0,50001.1,50001.9976076555,50001.0005988024,50001.05263157895,50001.99880239521,50001.999400838824,50001.989330171906,50002.0,50000.0,50001.05263157895
org.apache.commons.lang3.ArrayUtils.indexOf([Ljava/lang/Object;Ljava/lang/Object;)I 50001.98621929299,50001.0,50001.083333333336,50001.04347826087,51647.0,50001.98622754491,50002.0,50041.58324777541,50000.16,50089.50262438657,50003.18993870309,50001.0,50001.0,50001.97245508982,51648.0,50001.041666666664,50001.04347826087,50001.520833333336,50072.608695652176,50001.000590667456,50001.20412414523,50001.20271277844,50001.0,50001.08,50001.972829297105,50001.0005988024,50001.041666666664,50001.98622754491,50001.99306602352,50001.986406619384,50002.0,49999.87,50001.041666666664
