org.apache.commons.lang3.math.NumberUtils.createNumber(Ljava/lang/String;)Ljava/lang/Number; 50003.0,50002.0,50004.0,1050002.0,51628.0,50004.0,50003.0,50042.34848200366,50003.0,50087.647380614624,50003.0,50003.5,50042.31128874149,50003.0,51630.0,50003.0,1050002.0,50003.0,51629.0,50002.00122850123,50003.0,50003.0,50003.0,50003.0,50003.0,50002.00122850123,50003.0,50003.0,50003.0,50003.0,50004.0,50004.0,50003.0
org.apache.commons.lang3.math.NumberUtils.createBigDecimal(Ljava/lang/String;)Ljava/math/BigDecimal; 50001.99938499385,50001.0,50002.333333333336,50005.0,51626.0,50002.99938537185,50002.0,50041.3360880602,50001.6,50086.647380614624,50002.73205080757,50003.4,50081.62257748299,50001.99877149877,51628.0,50001.666666666664,50003.0,50001.833333333336,51628.0,50001.00122774708,50001.81649658093,50001.816245467104,50001.0,50001.8,50001.99877225292,50001.00122850123,50001.666666666664,50001.99938574938,50001.99969278034,50001.99938537185,50003.0,50002.0,50001.666666666664
org.apache.commons.lang3.math.NumberUtils.createDouble(Ljava/lang/String;)Ljava/lang/Double; 50001.99938499385,50001.0,50002.333333333336,50005.0,51626.0,50002.99938537185,50002.0,50041.3360880602,50001.6,50086.647380614624,50002.73205080757,50003.4,50081.62257748299,50001.99877149877,51628.0,50001.666666666664,50003.0,50001.833333333336,51628.0,50001.00122774708,50001.81649658093,50001.816245467104,50001.0,50001.8,50001.99877225292,50001.00122850123,50001.666666666664,50001.99938574938,50001.99969278034,50001.99938537185,50003.0,50002.0,50001.666666666664
org.apache.commons.lang3.math.NumberUtils.createFloat(Ljava/lang/String;)Ljava/lang/Float; 50001.99938499385,50001.0,50002.333333333336,50005.0,51626.0,50002.99938537185,50002.0,50041.3360880602,50001.6,50086.647380614624,50002.73205080757,50003.4,50081.62257748299,50001.99877149877,51628.0,50001.666666666664,50003.0,50001.833333333336,51628.0,50001.00122774708,50001.81649658093,50001.816245467104,50001.0,50001.8,50001.99877225292,50001.00122850123,50001.666666666664,50001.99938574938,50001.99969278034,50001.99938537185,50003.0,50002.0,50001.666666666664
org.apache.commons.lang3.math.NumberUtils.createInteger(Ljava/lang/String;)Ljava/lang/Integer; 50001.99938499385,50001.0,50002.333333333336,50005.0,51626.0,50002.99938537185,50002.0,50041.3360880602,50001.6,50086.647380614624,50002.73205080757,50003.4,50081.62257748299,50001.99877149877,51628.0,50001.666666666664,50003.0,50001.833333333336,51628.0,50001.00122774708,50001.81649658093,50001.816245467104,50001.0,50001.8,50001.99877225292,50001.00122850123,50001.666666666664,50001.99938574938,50001.99969278034,50001.99938537185,50003.0,50002.0,50001.666666666664
org.apache.commons.lang3.math.NumberUtils.isAllZeros(Ljava/lang/String;)Z 50002.99938499385,50002.0,50003.333333333336,50006.0,51627.0,50003.99938537185,50003.0,50042.3360880602,50002.6,50087.647380614624,50003.0,50003.5,50042.31128874149,50002.99877149877,51629.0,50002.666666666664,50004.0,50002.833333333336,51629.0,50002.00122774708,50002.81649658093,50002.816245467104,50003.0,50002.8,50002.99877225292,50002.00122850123,50003.0,50002.99938574938,50002.99969278034,50003.0,50004.0,50003.0,50002.666666666664
org.apache.commons.lang3.math.NumberUtils.createLong(Ljava/lang/String;)Ljava/lang/Long; 50001.9987699877,50001.0,50002.0,50003.0,51625.0,50002.9987707437,50002.0,50041.32369030731,50001.333333333336,50087.061594176994,50002.73205080757,50003.4,50081.62257748299,50001.997542997546,51627.0,50001.5,50002.0,50001.75,50814.0,50001.00122699387,50001.707106781185,50001.70667177236,50001.0,50001.666666666664,50001.99754601227,50001.00122850123,50001.5,50001.99877149877,50001.99938537185,50001.99877149877,50003.0,50001.0,50001.5
org.apache.commons.lang3.math.NumberUtils.isDigits(Ljava/lang/String;)Z 50001.9987699877,50001.0,50002.0,50003.0,51625.0,50002.9987707437,50002.0,50041.32369030731,50001.333333333336,50087.061594176994,50002.73205080757,50003.4,50081.62257748299,50001.997542997546,51627.0,50001.5,50002.0,50001.75,50814.0,50001.00122699387,50001.707106781185,50001.70667177236,50001.0,50001.666666666664,50001.99754601227,50001.00122850123,50001.5,50001.99877149877,50001.99938537185,50001.99877149877,50003.0,50001.0,50001.5
org.apache.commons.lang3.math.NumberUtils.isNumber(Ljava/lang/String;)Z 50001.5,50001.0,50002.0,50002.0,50000.0,50002.0,50001.0,50041.3360880602,50001.333333333336,50083.647380614624,50002.0,50002.5,50041.31128874149,50001.99877149877,51628.0,50001.5,50002.0,50001.75,51628.0,50001.00061387354,50001.707106781185,50001.70688944392,50002.0,50001.666666666664,50001.99877225292,50001.00061425062,50002.0,50001.99938574938,50001.99969278034,50002.0,50002.0,50002.0,50001.5
org.apache.commons.lang3.StringUtils.isBlank(Ljava/lang/CharSequence;)Z 50002.9926199262,50002.0,50002.28571428572,50002.333333333336,51616.0,50003.992624462204,50003.0,50042.274061131204,50001.5,50090.89002130174,50004.05976714391,50004.181818181816,50082.473598154924,50002.99262899263,51624.0,50002.142857142855,50002.166666666664,50002.57142857143,50272.333333333336,50002.001219512196,50002.37796447301,50002.37656718736,50003.0,50002.25,50002.99265605875,50002.00122850123,50002.166666666664,50002.99631449631,50002.99815384615,50002.99388753056,50004.0,50001.98,50002.142857142855
org.apache.commons.lang3.SystemUtils.isJavaVersionAtLeast(F)Z 50001.4901599016,50001.0,50001.11111111111,50001.05882352941,50000.0,50001.9901659496,50001.0,50041.13726448078,50000.21052631579,50087.647380614624,50002.73205080757,50002.055555555555,50041.11234224026,50001.97911547912,51612.0,50001.055555555555,50001.05882352941,50001.279411764706,50095.76470588235,50001.00060790274,50001.17149858514,50001.170599744604,50002.0,50001.10526315789,50001.97933130699,50001.00061425062,50001.05882352941,50001.98955773956,50001.994751466504,50001.980699638116,50002.0,49999.94,50001.0000062493
org.apache.commons.lang3.StringUtils.isEmpty(Ljava/lang/CharSequence;)Z 50002.94895448955,50002.0,50002.04705882353,50002.048192771086,51545.0,50003.94898586355,50003.0,50041.30648801407,50001.09195402299,50095.75781419377,50005.018349479295,50002.0,50002.0,50002.89803439804,51547.0,50002.02352941177,50002.02409638554,50002.51176470588,50020.614457831325,50002.001168907074,50002.15339299777,50002.149426707554,50002.0,50002.0459770115,50002.902980713036,50002.00122850123,50002.02352941177,50002.94901719902,50002.9738417901,50002.951433586895,50004.0,50001.27,50002.02352941177
org.apache.commons.lang3.math.NumberUtils.createBigInteger(Ljava/lang/String;)Ljava/math/BigInteger; 5013.99938499385,5013.0,5014.333333333333,5017.0,6638.0,5014.99938537185,5014.0,5053.336088060198,5013.6,5098.647380614624,5014.732050807569,5015.4,5093.622577482985,5013.998771498772,6640.0,5013.666666666667,5015.0,5013.833333333333,6640.0,5013.001227747084,5013.816496580927,5013.816245467103,5013.0,5013.8,5013.998772252916,5013.001228501228,5013.666666666667,5013.9993857493855,5013.999692780338,5013.99938537185,5015.0,5014.0,5013.666666666667
