org.apache.commons.lang3.time.FastDateFormat.format(Ljava/util/Calendar;Ljava/lang/StringBuffer;)Ljava/lang/StringBuffer; 50002.0,50001.0,50003.0,1050001.0,51624.0,50002.0,50002.0,50041.29888335922,50002.0,50089.31751096047,50003.39678172693,50001.0,50001.0,50002.0,51625.0,50002.0,1050001.0,50002.0,50049.21212121212,50001.00061576354,50002.0,50002.0,50001.0,50002.0,50002.0,50001.00061576354,50002.0,50002.0,50002.0,50002.0,50002.0,50002.0,50002.0
org.apache.commons.lang3.time.FastDateFormat.parsePattern()Ljava/util/List; 5000002.0,5000001.0,5000003.0,6000001.0,5001624.0,5000002.0,5000002.0,5000041.298883359,5000002.0,5000087.815589001,5000003.059767144,5000002.333333333,5000041.274061131,5000002.0,5001625.0,5000002.0,6000001.0,5000002.0,5000812.0,5000001.0006157635,5000002.0,5000002.0,5000001.0,5000002.0,5000002.0,5000001.0006157635,5000002.0,5000002.0,5000002.0,5000002.0,5000002.0,5000002.0,5000002.0
org.apache.commons.lang3.time.FastDateFormat$PaddedNumberField.appendTo(Ljava/lang/StringBuffer;I)V 5000001.998767714,5000001.0,5000001.666666667,5000001.5,5001622.0,5000001.998768473,5000002.0,5000041.274061131,5000001.0,5000089.317510961,5000003.396781727,5000002.25,5000041.261644279,5000001.997536946,5001623.0,5000001.333333333,5000001.5,5000001.666666667,5000812.0,5000001.000615006,5000001.577350269,5000001.576994429,5000001.0,5000001.5,5000001.997539976,5000001.0006157635,5000001.333333333,5000001.998768473,5000001.9993838575,5000001.998769231,5000002.0,5000000.0,5000001.333333333
org.apache.commons.lang3.time.FastDateFormat.parseToken(Ljava/lang/String;[I)Ljava/lang/String; 5000001.997535428,5000001.0,5000001.4,5000001.25,5001620.0,5000001.997536946,5000002.0,5000041.249223595,5000000.666666667,5000087.815589001,5000003.059767144,5000001.0,5000001.0,5000001.995073891,5001621.0,5000001.2,5000001.25,5000001.6,5000406.0,5000001.000614251,5000001.447213596,5000001.446662161,5000001.0,5000001.333333333,5000001.995085995,5000001.0006157635,5000001.2,5000001.997536946,5000001.998766954,5000001.997541487,5000002.0,4999999.93,5000001.2
org.apache.commons.lang3.time.FastDateFormat$TwoDigitMonthField.estimateLength()I 50001.993222427605,50001.0,50001.166666666664,50001.09090909091,51613.0,50001.993226600986,50002.0,50041.162171256045,50000.307692307695,50086.88957310429,50002.82116028684,50001.0,50001.0,50001.98645320197,51614.0,50001.083333333336,50001.09090909091,50001.541666666664,50147.63636363636,50001.000611620795,50001.288675134594,50001.28769521309,50001.0,50001.153846153844,50001.98654434251,50001.00061576354,50001.083333333336,50001.993226600986,50001.99660179178,50001.993268053855,50002.0,49999.99,50001.083333333336
org.apache.commons.lang3.time.FastDateFormat$PaddedNumberField.<init>(II)V 5000001.990757856,5000001.0,5000001.125,5000001.066666666,5001609.0,5000001.990763547,5000002.0,5000041.11234224,5000000.235294118,5000087.44593166,5000002.967989671,5000001.0,5000001.0,5000001.981527094,5001610.0,5000001.0625,5000001.066666666,5000001.53125,5000108.266666667,5000001.000610128,5000001.25,5000001.24884205,5000001.0,5000001.117647059,5000001.981696156,5000001.0006157635,5000001.0625,5000001.990763547,5000001.9953603465,5000001.99084249,5000002.0,4999999.95,5000001.0625
org.apache.commons.lang3.time.FastDateFormat$PaddedNumberField.estimateLength()I 50001.99075785582,50001.0,50001.125,50001.066666666666,51609.0,50001.9907635468,50002.0,50041.11234224026,50000.23529411765,50087.44593166014,50002.96798967126,50001.0,50001.0,50001.981527093594,51610.0,50001.0625,50001.066666666666,50001.53125,50108.26666666667,50001.000610128125,50001.25,50001.248842050285,50001.0,50001.117647058825,50001.981696156196,50001.00061576354,50001.0625,50001.9907635468,50001.99536034643,50001.99084249084,50002.0,49999.95,50001.0625
org.apache.commons.lang3.time.FastDateFormat.<init>(Ljava/lang/String;Ljava/util/TimeZone;Ljava/util/Locale;)V 5000001.990757856,5000001.0,5000001.125,5000001.066666666,5001609.0,5000001.990763547,5000002.0,5000041.11234224,5000000.235294118,5000088.045084269,5000003.114742527,5000002.0625,5000041.11234224,5000001.981527094,5001610.0,5000001.0625,5000001.066666666,5000001.53125,5000108.266666667,5000001.000610128,5000001.25,5000001.24884205,5000001.0,5000001.117647059,5000001.981696156,5000001.0006157635,5000001.0625,5000001.990763547,5000001.9953603465,5000001.99084249,5000002.0,4999999.95,5000001.0625
org.apache.commons.lang3.time.FastDateFormat.selectNumberRule(II)Lorg/apache/commons/lang3/time/FastDateFormat$NumberRule; 50001.99075785582,50001.0,50001.125,50001.066666666666,51609.0,50001.9907635468,50002.0,50041.22437072224,50000.23529411765,50087.81558900105,50003.05976714391,50002.142857142855,50041.22437072224,50001.99261083744,51619.0,50001.0625,50001.066666666666,50001.53125,50270.666666666664,50001.000610128125,50001.25,50001.248842050285,50001.0,50001.117647058825,50001.99263803681,50001.00061576354,50001.0625,50001.99630541872,50001.998149290564,50001.99084249084,50002.0,49999.95,50001.0625
org.apache.commons.lang3.time.FastDateFormat$TwoDigitNumberField.estimateLength()I 50001.99014171288,50001.0,50001.117647058825,50001.0625,51608.0,50001.99014778325,50002.0,50041.09987531153,50000.22222222222,50087.57294831394,50003.0,50001.0,50001.0,50001.9802955665,51609.0,50001.05882352941,50001.0625,50001.529411764706,50101.5,50001.0006097561,50001.24253562504,50001.24133717113,50001.0,50001.11111111111,50001.980487804874,50001.00061576354,50001.05882352941,50001.99014778325,50001.99504950495,50001.99023794997,50002.0,49999.94,50001.05882352941
org.apache.commons.lang3.time.FastDateFormat$CharacterLiteral.estimateLength()I 50001.98952556993,50001.0,50001.11111111111,50001.05882352941,51607.0,50001.9895320197,50002.0,50041.087404505655,50000.21052631579,50087.69605393955,50003.03054318487,50001.0,50001.0,50001.979064039406,51608.0,50001.055555555555,50001.05882352941,50001.52777777778,50095.529411764706,50001.00060938452,50001.2357022604,50001.23446458746,50001.0,50001.10526315789,50001.979280926265,50001.00061576354,50001.055555555555,50001.9895320197,50001.99473847106,50001.98963414634,50002.0,49999.93,50001.055555555555
org.apache.commons.lang3.time.FastDateFormat.getInstance(Ljava/lang/String;Ljava/util/TimeZone;Ljava/util/Locale;)Lorg/apache/commons/lang3/time/FastDateFormat; 5000001.988909427,5000001.0,5000001.105263158,5000001.055555556,5001606.0,5000001.988916256,5000002.0,5000041.074929819,5000000.2,5000088.045084269,5000003.114742527,5000001.0,5000001.0,5000001.977832512,5001607.0,5000001.052631579,5000001.055555556,5000001.52631579,5000090.222222222,5000001.000609013,5000001.229415734,5000001.2281400105,5000001.0,5000001.1,5000001.978075517,5000001.0006157635,5000001.052631579,5000001.988916256,5000001.994427244,5000001.989031078,5000002.0,4999999.92,5000001.052631579
org.apache.commons.lang3.time.FastDateFormat.init()V 5000001.988909427,5000001.0,5000001.105263158,5000001.055555556,5001606.0,5000001.988916256,5000002.0,5000041.074929819,5000000.2,5000087.815589001,5000003.059767144,5000001.0,5000001.0,5000001.977832512,5001607.0,5000001.052631579,5000001.055555556,5000001.52631579,5000090.222222222,5000001.000609013,5000001.229415734,5000001.2281400105,5000001.0,5000001.1,5000001.978075517,5000001.0006157635,5000001.052631579,5000001.988916256,5000001.994427244,5000001.989031078,5000002.0,4999999.92,5000001.052631579
org.apache.commons.lang3.time.FastDateFormat.hashCode()I 5000001.987677141,5000001.0,5000001.095238095,5000001.05,5001604.0,5000001.9876847295,5000002.0,5000041.049968789,5000000.181818182,5000088.045084269,5000003.114742527,5000001.0,5000001.0,5000001.975369458,5001605.0,5000001.047619048,5000001.05,5000001.523809524,5000081.2,5000001.000608273,5000001.21821789,5000001.2168691885,5000001.0,5000001.090909091,5000001.9756691,5000001.0006157635,5000001.047619048,5000001.9876847295,5000001.993804214,5000001.9878271455,5000002.0,4999999.9,5000001.047619048
org.apache.commons.lang3.time.FastDateFormat$TwoDigitMonthField.appendTo(Ljava/lang/StringBuffer;I)V 5000001.981515712,5000001.0,5000001.064516129,5000001.033333333,5001594.0,5000001.981527094,5000002.0,5000040.9249295555,5000000.125,5000089.050173889,5000003.340347319,5000001.0,5000001.0,5000001.963054188,5001595.0,5000001.0322580645,5000001.033333333,5000001.516129033,5000054.133333334,5000001.000604595,5000001.179605302,5000001.177937621,5000001.0,5000001.0625,5000001.963724305,5000001.0006157635,5000001.0322580645,5000001.981527094,5000001.99067744,5000001.98185118,5000002.0,4999999.8,5000001.0322580645
org.apache.commons.lang3.time.FastDateFormat$TwoDigitMonthField.appendTo(Ljava/lang/StringBuffer;Ljava/util/Calendar;)V 50001.981515711646,50001.0,50001.06451612903,50001.03333333333,51594.0,50001.981527093594,50002.0,50040.92492955535,50000.125,50089.05017388899,50003.34034731932,50001.0,50001.0,50001.963054187196,51595.0,50001.032258064515,50001.03333333333,50001.51612903226,50054.13333333333,50001.00060459492,50001.17960530203,50001.17793762151,50001.0,50001.0625,50001.96372430472,50001.00061576354,50001.032258064515,50001.981527093594,50001.990677439404,50001.98185117968,50002.0,49999.8,50001.032258064515
org.apache.commons.lang3.time.FastDateFormat$CharacterLiteral.appendTo(Ljava/lang/StringBuffer;Ljava/util/Calendar;)V 50001.97966728281,50001.0,50001.05882352941,50001.030303030304,51591.0,50001.97967980296,50002.0,50040.88734135036,50000.114285714284,50089.31751096047,50003.39678172693,50001.0,50001.0,50001.95935960591,51592.0,50001.029411764706,50001.030303030304,50001.51470588235,50049.21212121212,50001.0006035003,50001.17149858514,50001.16974611516,50001.0,50001.05714285714,50001.960168980084,50001.00061576354,50001.029411764706,50001.97967980296,50001.989735614305,50001.98007246377,50002.0,49999.77,50001.029411764706
org.apache.commons.lang3.time.FastDateFormat$PaddedNumberField.appendTo(Ljava/lang/StringBuffer;Ljava/util/Calendar;)V 50001.97966728281,50001.0,50001.05882352941,50001.030303030304,51591.0,50001.97967980296,50002.0,50040.88734135036,50000.114285714284,50089.31751096047,50003.39678172693,50001.0,50001.0,50001.95935960591,51592.0,50001.029411764706,50001.030303030304,50001.51470588235,50049.21212121212,50001.0006035003,50001.17149858514,50001.16974611516,50001.0,50001.05714285714,50001.960168980084,50001.00061576354,50001.029411764706,50001.97967980296,50001.989735614305,50001.98007246377,50002.0,49999.77,50001.029411764706
org.apache.commons.lang3.time.FastDateFormat$TwoDigitNumberField.appendTo(Ljava/lang/StringBuffer;I)V 50001.97966728281,50001.0,50001.05882352941,50001.030303030304,51591.0,50001.97967980296,50002.0,50040.88734135036,50000.114285714284,50089.31751096047,50003.39678172693,50001.0,50001.0,50001.95935960591,51592.0,50001.029411764706,50001.030303030304,50001.51470588235,50049.21212121212,50001.0006035003,50001.17149858514,50001.16974611516,50001.0,50001.05714285714,50001.960168980084,50001.00061576354,50001.029411764706,50001.97967980296,50001.989735614305,50001.98007246377,50002.0,49999.77,50001.029411764706
org.apache.commons.lang3.time.FastDateFormat$TwoDigitNumberField.appendTo(Ljava/lang/StringBuffer;Ljava/util/Calendar;)V 50001.97966728281,50001.0,50001.05882352941,50001.030303030304,51591.0,50001.97967980296,50002.0,50040.88734135036,50000.114285714284,50089.31751096047,50003.39678172693,50001.0,50001.0,50001.95935960591,51592.0,50001.029411764706,50001.030303030304,50001.51470588235,50049.21212121212,50001.0006035003,50001.17149858514,50001.16974611516,50001.0,50001.05714285714,50001.960168980084,50001.00061576354,50001.029411764706,50001.97967980296,50001.989735614305,50001.98007246377,50002.0,49999.77,50001.029411764706
org.apache.commons.lang3.time.FastDateFormat.format(Ljava/util/Calendar;)Ljava/lang/String; 5000001.979667283,5000001.0,5000001.05882353,5000001.03030303,5001591.0,5000001.979679803,5000002.0,5000040.88734135,5000000.114285714,5000089.317510961,5000003.396781727,5000001.0,5000001.0,5000001.959359606,5001592.0,5000001.029411765,5000001.03030303,5000001.514705882,5000049.212121212,5000001.000603501,5000001.1714985855,5000001.169746115,5000001.0,5000001.057142857,5000001.96016898,5000001.0006157635,5000001.029411765,5000001.979679803,5000001.9897356145,5000001.980072464,5000002.0,4999999.77,5000001.029411765
org.apache.commons.lang3.time.FastDateFormat.applyRules(Ljava/util/Calendar;Ljava/lang/StringBuffer;)Ljava/lang/StringBuffer; 50001.97843499692,50001.0,50001.055555555555,50001.02857142857,51589.0,50001.97844827586,50002.0,50040.86226285599,50000.10810810811,50089.489028097036,50003.4322992791,50001.0,50001.0,50001.956896551725,51590.0,50001.02777777778,50001.02857142857,50001.51388888889,50046.4,50001.00060277276,50001.166666666664,50001.16485978865,50001.0,50001.05405405405,50001.95780590717,50001.00061576354,50001.02777777778,50001.97844827586,50001.98910675381,50001.97889022919,50002.0,49999.75,50001.02777777778
org.apache.commons.lang3.time.FastDateFormat.getInstance(Ljava/lang/String;Ljava/util/TimeZone;)Lorg/apache/commons/lang3/time/FastDateFormat; 5000001.9993838575,5000001.0,5000002.0,5000002.0,5001623.0,5000001.9993842365,5000002.0,5000041.286474157,5000001.333333333,5000084.572948314,5000002.0,5000001.0,5000001.0,5000001.998768473,5001624.0,5000001.5,5000002.0,5000001.75,5001624.0,5000001.000615384,5000001.707106781,5000001.7068889085,5000001.0,5000001.666666667,5000001.998769231,5000001.0006157635,5000001.5,5000001.9993842365,5000001.999692024,5000001.9993842365,5000002.0,5000001.0,5000001.5
org.apache.commons.lang3.time.FastDateFormat$TwoDigitNumberField.<init>(I)V 5013.990141712878,5013.0,5013.117647058823,5013.0625,6620.0,5013.990147783251,5014.0,5053.099875311527,5012.222222222223,5099.572948313935,5015.0,5013.0,5013.0,5013.980295566503,6621.0,5013.058823529412,5013.0625,5013.529411764706,5113.5,5013.000609756097,5013.242535625036,5013.241337171131,5013.0,5013.111111111111,5013.980487804878,5013.000615763547,5013.058823529412,5013.990147783251,5013.995049504951,5013.99023794997,5014.0,5011.94,5013.058823529412
org.apache.commons.lang3.time.FastDateFormat$CharacterLiteral.<init>(C)V 5013.989525569932,5013.0,5013.111111111111,5013.058823529412,6619.0,5013.989532019705,5014.0,5053.087404505655,5012.210526315789,5099.696053939552,5015.030543184869,5013.0,5013.0,5013.9790640394085,6620.0,5013.055555555556,5013.058823529412,5013.527777777777,5107.529411764706,5013.000609384521,5013.235702260396,5013.234464587463,5013.0,5013.105263157895,5013.979280926264,5013.000615763547,5013.055555555556,5013.989532019705,5013.994738471061,5013.989634146342,5014.0,5011.93,5013.055555555556
org.apache.commons.lang3.Validate.isTrue(ZLjava/lang/String;J)V 5000001.979667283,5000001.0,5000001.05882353,5000001.03030303,5001591.0,5000001.979679803,5000002.0,5000041.274061131,5000000.114285714,5000089.317510961,5000003.396781727,5000002.333333333,5000041.274061131,5000001.997536946,5001623.0,5000001.029411765,5000001.03030303,5000001.514705882,5000812.0,5000001.000603501,5000001.1714985855,5000001.169746115,5000001.0,5000001.057142857,5000001.997539976,5000001.0006157635,5000001.029411765,5000001.998768473,5000001.9993838575,5000001.980072464,5000002.0,5000000.0,5000001.029411765
