org.apache.commons.lang.time.FastDateFormat$Pair.equals(Ljava/lang/Object;)Z 5000001.5,5000001.0,5000002.0,5000002.0,5000000.0,5000002.0,5000001.0,5000043.579337712,5000001.333333333,5000088.135186615,5000002.0,5000002.5,5000043.555845662,5000001.998897464,5001814.0,5000001.5,5000002.0,5000001.75,5001814.0,5000001.000550964,5000001.707106781,5000001.706911745,5000002.0,5000001.666666667,5000001.998898071,5000001.0005512675,5000002.0,5000001.9994487325,5000001.99972429,5000002.0,5000002.0,5000002.0,5000001.5
org.apache.commons.lang.time.FastDateFormat.getDateInstance(ILjava/util/TimeZone;Ljava/util/Locale;)Lorg/apache/commons/lang/time/FastDateFormat; 5000001.5,5000001.0,5000002.0,5000002.0,5000000.0,5000002.0,5000001.0,5000043.579337712,5000001.333333333,5000089.135186615,5000002.0,5000002.5,5000043.555845662,5000001.998897464,5001814.0,5000001.5,5000002.0,5000001.75,5001814.0,5000001.000550964,5000001.707106781,5000001.706911745,5000002.0,5000001.666666667,5000001.998898071,5000001.0005512675,5000002.0,5000001.9994487325,5000001.99972429,5000002.0,5000002.0,5000002.0,5000001.5
org.apache.commons.lang.time.FastDateFormat.getDateTimeInstance(IILjava/util/TimeZone;Ljava/util/Locale;)Lorg/apache/commons/lang/time/FastDateFormat; 5000001.5,5000001.0,5000002.0,5000002.0,5000000.0,5000002.0,5000001.0,5000043.579337712,5000001.333333333,5000088.135186615,5000002.0,5000002.5,5000043.555845662,5000001.998897464,5001814.0,5000001.5,5000002.0,5000001.75,5001814.0,5000001.000550964,5000001.707106781,5000001.706911745,5000002.0,5000001.666666667,5000001.998898071,5000001.0005512675,5000002.0,5000001.9994487325,5000001.99972429,5000002.0,5000002.0,5000002.0,5000001.5
org.apache.commons.lang.time.FastDateFormat.parsePattern()Ljava/util/List; 50008.0,50007.0,50009.0,1050007.0,51819.0,50009.0,50008.0,50049.5910788781,50008.0,50100.25829224079,50009.03054318487,50009.333333333336,50092.08818954473,50008.0,51821.0,50008.0,1050007.0,50008.0,51820.0,50007.00110253583,50008.0,50008.0,50008.0,50008.0,50008.0,50007.00110253583,50008.0,50008.0,50008.0,50008.0,50009.0,50009.0,50008.0
org.apache.commons.lang.time.FastDateFormat$Pair.<init>(Ljava/lang/Object;Ljava/lang/Object;)V 50001.99944812362,50001.0,50002.333333333336,50005.0,51812.0,50002.99944842802,50002.0,50043.579337712086,50001.6,50091.135186615174,50002.0,50001.0,50001.0,50001.99889746417,51814.0,50001.666666666664,50003.0,50001.833333333336,51814.0,50001.00110192838,50001.81649658093,50001.81627124725,50001.0,50001.8,50001.99889807162,50001.00110253583,50001.666666666664,50001.99944873209,50001.99972429005,50001.99944842802,50003.0,50002.0,50001.666666666664
org.apache.commons.lang.time.FastDateFormat$Pair.hashCode()I 50001.99944812362,50001.0,50002.333333333336,50005.0,51812.0,50002.99944842802,50002.0,50043.579337712086,50001.6,50091.135186615174,50002.0,50001.0,50001.0,50001.99889746417,51814.0,50001.666666666664,50003.0,50001.833333333336,51814.0,50001.00110192838,50001.81649658093,50001.81627124725,50001.0,50001.8,50001.99889807162,50001.00110253583,50001.666666666664,50001.99944873209,50001.99972429005,50001.99944842802,50003.0,50002.0,50001.666666666664
org.apache.commons.lang.time.FastDateFormat$StringLiteral.<init>(Ljava/lang/String;)V 50001.99889624724,50001.0,50002.0,50003.0,51811.0,50002.99889685604,50002.0,50043.56759330758,50001.333333333336,50091.549400177544,50002.189207115,50001.0,50001.0,50001.997794928335,51813.0,50001.5,50002.0,50001.75,50907.0,50001.001101321584,50001.707106781185,50001.70671643792,50001.0,50001.666666666664,50001.99779735683,50001.00110253583,50001.5,50001.99889746417,50001.99944842802,50001.99889746417,50003.0,50001.0,50001.5
org.apache.commons.lang.time.FastDateFormat$StringLiteral.estimateLength()I 50001.99889624724,50001.0,50002.0,50003.0,51811.0,50002.99889685604,50002.0,50043.56759330758,50001.333333333336,50091.549400177544,50002.189207115,50001.0,50001.0,50001.997794928335,51813.0,50001.5,50002.0,50001.75,50907.0,50001.001101321584,50001.707106781185,50001.70671643792,50001.0,50001.666666666664,50001.99779735683,50001.00110253583,50001.5,50001.99889746417,50001.99944842802,50001.99889746417,50003.0,50001.0,50001.5
org.apache.commons.lang.time.FastDateFormat$TimeZoneNameRule.<init>(Ljava/util/TimeZone;ZLjava/util/Locale;I)V 50001.5,50001.0,50002.0,50002.0,50000.0,50002.0,50001.0,50043.579337712086,50001.333333333336,50088.135186615174,50002.0,50002.5,50043.555845661904,50001.99889746417,51814.0,50001.5,50002.0,50001.75,51814.0,50001.000550964185,50001.707106781185,50001.70691174414,50002.0,50001.666666666664,50001.99889807162,50001.00055126791,50002.0,50001.99944873209,50001.99972429005,50002.0,50002.0,50002.0,50001.5
org.apache.commons.lang.time.FastDateFormat$TimeZoneNameRule.estimateLength()I 50001.5,50001.0,50002.0,50002.0,50000.0,50002.0,50001.0,50043.579337712086,50001.333333333336,50088.135186615174,50002.0,50002.5,50043.555845661904,50001.99889746417,51814.0,50001.5,50002.0,50001.75,51814.0,50001.000550964185,50001.707106781185,50001.70691174414,50002.0,50001.666666666664,50001.99889807162,50001.00055126791,50002.0,50001.99944873209,50001.99972429005,50002.0,50002.0,50002.0,50001.5
org.apache.commons.lang.time.FastDateFormat.getDateInstance(I)Lorg/apache/commons/lang/time/FastDateFormat; 50002.5,50002.0,50003.0,50003.0,50001.0,50003.0,50002.0,50044.579337712086,50002.333333333336,50089.135186615174,50003.0,50003.5,50044.555845661904,50002.99889746417,51815.0,50002.5,50003.0,50002.75,51815.0,50002.000550964185,50002.707106781185,50002.70691174414,50003.0,50002.666666666664,50002.99889807162,50002.00055126791,50003.0,50002.99944873209,50002.99972429005,50003.0,50003.0,50003.0,50002.5
org.apache.commons.lang.time.FastDateFormat.getDateTimeInstance(II)Lorg/apache/commons/lang/time/FastDateFormat; 50001.5,50001.0,50002.0,50002.0,50000.0,50002.0,50001.0,50043.579337712086,50001.333333333336,50088.135186615174,50002.0,50002.5,50043.555845661904,50001.99889746417,51814.0,50001.5,50002.0,50001.75,51814.0,50001.000550964185,50001.707106781185,50001.70691174414,50002.0,50001.666666666664,50001.99889807162,50001.00055126791,50002.0,50001.99944873209,50001.99972429005,50002.0,50002.0,50002.0,50001.5
org.apache.commons.lang.time.FastDateFormat.getDateTimeInstance(IILjava/util/Locale;)Lorg/apache/commons/lang/time/FastDateFormat; 50001.5,50001.0,50002.0,50002.0,50000.0,50002.0,50001.0,50043.579337712086,50001.333333333336,50088.135186615174,50002.0,50002.5,50043.555845661904,50001.99889746417,51814.0,50001.5,50002.0,50001.75,51814.0,50001.000550964185,50001.707106781185,50001.70691174414,50002.0,50001.666666666664,50001.99889807162,50001.00055126791,50002.0,50001.99944873209,50001.99972429005,50002.0,50002.0,50002.0,50001.5
org.apache.commons.lang.time.FastDateFormat$TextField.<init>(I[Ljava/lang/String;)V 50001.99834437086,50001.0,50001.8,50002.333333333336,51810.0,50002.99834528406,50002.0,50043.555845661904,50001.142857142855,50091.86723742274,50002.31607401295,50001.0,50001.0,50001.9966923925,51812.0,50001.4,50001.666666666664,50001.7,50604.666666666664,50001.00110071547,50001.63245553203,50001.63193175925,50001.0,50001.57142857143,50001.9966978536,50001.00110253583,50001.4,50001.998346196255,50001.999172413794,50001.99834710744,50003.0,50000.9,50001.4
org.apache.commons.lang.time.FastDateFormat$TextField.estimateLength()I 50002.99834437086,50002.0,50002.8,50003.333333333336,51811.0,50003.99834528406,50003.0,50044.555845661904,50002.142857142855,50092.86723742274,50003.31607401295,50002.0,50002.0,50002.9966923925,51813.0,50002.4,50002.666666666664,50002.7,50605.666666666664,50002.00110071547,50002.63245553203,50002.63193175925,50002.0,50002.57142857143,50002.9966978536,50002.00110253583,50002.4,50002.998346196255,50002.999172413794,50002.99834710744,50004.0,50001.9,50002.4
org.apache.commons.lang.time.FastDateFormat$UnpaddedNumberField.<init>(I)V 50001.99834437086,50001.0,50001.8,50002.333333333336,51810.0,50002.99834528406,50002.0,50043.555845661904,50001.142857142855,50091.86723742274,50002.31607401295,50001.0,50001.0,50001.9966923925,51812.0,50001.4,50001.666666666664,50001.7,50604.666666666664,50001.00110071547,50001.63245553203,50001.63193175925,50001.0,50001.57142857143,50001.9966978536,50001.00110253583,50001.4,50001.998346196255,50001.999172413794,50001.99834710744,50003.0,50000.9,50001.4
org.apache.commons.lang.time.FastDateFormat$UnpaddedNumberField.estimateLength()I 50001.99834437086,50001.0,50001.8,50002.333333333336,51810.0,50002.99834528406,50002.0,50043.555845661904,50001.142857142855,50091.86723742274,50002.31607401295,50001.0,50001.0,50001.9966923925,51812.0,50001.4,50001.666666666664,50001.7,50604.666666666664,50001.00110071547,50001.63245553203,50001.63193175925,50001.0,50001.57142857143,50001.9966978536,50001.00110253583,50001.4,50001.998346196255,50001.999172413794,50001.99834710744,50003.0,50000.9,50001.4
org.apache.commons.lang.time.FastDateFormat.getLocale()Ljava/util/Locale; 50001.99834437086,50001.0,50001.8,50002.333333333336,51810.0,50002.99834528406,50002.0,50043.555845661904,50001.142857142855,50091.86723742274,50002.31607401295,50001.0,50001.0,50001.9966923925,51812.0,50001.4,50001.666666666664,50001.7,50604.666666666664,50001.00110071547,50001.63245553203,50001.63193175925,50001.0,50001.57142857143,50001.9966978536,50001.00110253583,50001.4,50001.998346196255,50001.999172413794,50001.99834710744,50003.0,50000.9,50001.4
org.apache.commons.lang.time.FastDateFormat.selectNumberRule(II)Lorg/apache/commons/lang/time/FastDateFormat$NumberRule; 50001.99834437086,50001.0,50001.8,50002.333333333336,51810.0,50002.99834528406,50002.0,50043.555845661904,50001.142857142855,50094.25829224079,50003.03054318487,50002.055555555555,50043.36744032863,50001.9966923925,51812.0,50001.4,50001.666666666664,50001.7,50604.666666666664,50001.00110071547,50001.63245553203,50001.63193175925,50002.0,50001.57142857143,50001.9966978536,50001.00110253583,50001.4,50001.998346196255,50001.999172413794,50001.99834710744,50003.0,50000.96,50001.4
org.apache.commons.lang.time.FastDateFormat$TwelveHourField.estimateLength()I 50001.49944812362,50001.0,50001.666666666664,50001.5,50000.0,50001.99944842802,50001.0,50043.56759330758,50001.0,50089.135186615174,50001.0,50002.333333333336,50043.54409477236,50001.997794928335,51813.0,50001.333333333336,50001.5,50001.5,50907.0,50001.00055066079,50001.5,50001.49972406181,50002.0,50001.5,50001.99779735683,50001.00055126791,50001.5,50001.99889746417,50001.99944842802,50001.99889746417,50002.0,50001.0,50001.000099970006
org.apache.commons.lang.time.FastDateFormat.<init>(Ljava/lang/String;Ljava/util/TimeZone;Ljava/util/Locale;)V 50002.99337748344,50002.0,50002.28571428572,50002.333333333336,51802.0,50003.993381136235,50003.0,50044.449970553585,50001.5,50095.37782730229,50004.05976714391,50004.10526315789,50086.782073576906,50002.98676957001,51804.0,50002.142857142855,50002.166666666664,50002.57142857143,50152.166666666664,50002.00109529025,50002.37796447301,50002.37671085605,50002.0,50002.25,50002.986856516975,50002.00110253583,50002.142857142855,50002.993384785004,50002.99668141593,50002.99342105263,50004.0,50001.98,50002.142857142855
org.apache.commons.lang.time.FastDateFormat$PaddedNumberField.<init>(II)V 50002.992273730684,50002.0,50002.25,50002.28571428572,51800.0,50003.99227799228,50003.0,50044.42640687119,50001.444444444445,50094.87684400195,50003.934336420265,50002.0,50002.0,50002.98456449834,51802.0,50002.125,50002.142857142855,50002.5625,50130.57142857143,50002.0010940919,50002.353553390596,50002.352184917814,50002.0,50002.22222222222,50002.98468271335,50002.00110253583,50002.125,50002.99228224917,50002.99612617598,50002.992332968235,50004.0,50001.96,50002.125
org.apache.commons.lang.time.FastDateFormat$PaddedNumberField.estimateLength()I 50001.992273730684,50001.0,50001.25,50001.28571428572,51799.0,50002.99227799228,50002.0,50043.42640687119,50000.444444444445,50093.87684400195,50002.934336420265,50001.0,50001.0,50001.98456449834,51801.0,50001.125,50001.142857142855,50001.5625,50129.57142857143,50001.0010940919,50001.353553390596,50001.352184917814,50001.0,50001.22222222222,50001.98468271335,50001.00110253583,50001.125,50001.99228224917,50001.99612617598,50001.992332968235,50003.0,50000.96,50001.125
org.apache.commons.lang.time.FastDateFormat.parseToken(Ljava/lang/String;[I)Ljava/lang/String; 50003.991169977926,50003.0,50003.333333333336,50003.25,51799.0,50004.99117484832,50004.0,50045.53234063627,50002.57142857143,50096.25829224079,50005.03054318487,50004.166666666664,50045.508822613665,50003.99448732084,51812.0,50003.166666666664,50003.2,50003.555555555555,50364.8,50003.00109289618,50003.333333333336,50003.33185839984,50004.0,50003.28571428572,50003.994502473884,50003.00110253583,50003.2,50003.99724366042,50003.998619928236,50003.995604395604,50005.0,50002.94,50003.11111111111
org.apache.commons.lang.time.FastDateFormat.getInstance(Ljava/lang/String;Ljava/util/TimeZone;Ljava/util/Locale;)Lorg/apache/commons/lang/time/FastDateFormat; 50002.99061810155,50002.0,50002.21052631579,50002.23529411765,51797.0,50003.99062327634,50003.0,50044.39103678845,50001.380952380954,50095.37782730229,50004.05976714391,50002.0,50002.0,50002.981256890846,51799.0,50002.10526315789,50002.117647058825,50002.55263157895,50107.705882352944,50002.00109229929,50002.32444284226,50002.322917310834,50002.0,50002.19047619047,50002.98143091207,50002.00110253583,50002.10526315789,50002.99062844543,50002.995292162836,50002.99070530345,50004.0,50001.93,50002.10526315789
org.apache.commons.lang.time.FastDateFormat.init()V 50002.99061810155,50002.0,50002.21052631579,50002.23529411765,51797.0,50003.99062327634,50003.0,50044.39103678845,50001.380952380954,50095.25829224079,50004.03054318487,50002.0,50002.0,50002.981256890846,51799.0,50002.10526315789,50002.117647058825,50002.55263157895,50107.705882352944,50002.00109229929,50002.32444284226,50002.322917310834,50002.0,50002.19047619047,50002.98143091207,50002.00110253583,50002.10526315789,50002.99062844543,50002.995292162836,50002.99070530345,50004.0,50001.93,50002.10526315789
org.apache.commons.lang.time.FastDateFormat.hashCode()I 50001.99006622517,50001.0,50001.2,50001.22222222222,51795.0,50002.99007170436,50002.0,50043.37924020083,50000.36363636364,50094.37782730229,50003.05976714391,50001.0,50001.0,50001.98015435501,51797.0,50001.1,50001.11111111111,50001.55,50100.77777777778,50001.00109170306,50001.316227766016,50001.314653178146,50001.0,50001.181818181816,50001.98034934498,50001.00110253583,50001.1,50001.99007717751,50001.995013850414,50001.990163934424,50003.0,50000.92,50001.1
org.apache.commons.lang.time.FastDateFormat$TwelveHourField.<init>(Lorg/apache/commons/lang/time/FastDateFormat$NumberRule;)V 5013.49944812362,5013.0,5013.666666666667,5013.5,5012.0,5013.99944842802,5013.0,5055.567593307585,5013.0,5101.135186615171,5013.0,5014.333333333333,5055.5440947723655,5013.997794928335,6825.0,5013.333333333333,5013.5,5013.5,5919.0,5013.000550660793,5013.5,5013.49972406181,5014.0,5013.5,5013.997797356828,5013.000551267916,5013.5,5013.998897464167,5013.99944842802,5013.998897464167,5014.0,5013.0,5013.000099970009
org.apache.commons.lang.time.FastDateFormat.getDateInstance(ILjava/util/Locale;)Lorg/apache/commons/lang/time/FastDateFormat; 50001.49944812362,50001.0,50001.666666666664,50001.5,50000.0,50001.99944842802,50001.0,50043.56759330758,50001.0,50089.135186615174,50001.0,50002.333333333336,50043.54409477236,50001.997794928335,51813.0,50001.333333333336,50001.5,50001.5,50907.0,50001.00055066079,50001.5,50001.49972406181,50002.0,50001.5,50001.99779735683,50001.00055126791,50001.5,50001.99889746417,50001.99944842802,50001.99889746417,50002.0,50001.0,50001.000099970006
org.apache.commons.lang.time.FastDateFormat$CharacterLiteral.<init>(C)V 5013.991169977925,5013.0,5013.222222222223,5013.25,6809.0,5014.991174848317,5014.0,5055.402830094228,5012.4,5106.135186615171,5015.0,5013.0,5013.0,5013.982359426682,6811.0,5013.111111111111,5013.125,5013.555555555556,5125.375,5013.001092896175,5013.333333333333,5013.331858399844,5013.0,5013.2,5013.982513661203,5013.001102535833,5013.111111111111,5013.991179713341,5013.995570321152,5013.99124726477,5015.0,5012.94,5013.111111111111
org.apache.commons.lang.time.FastDateFormat$CharacterLiteral.estimateLength()I 5013.991169977925,5013.0,5013.222222222223,5013.25,6809.0,5014.991174848317,5014.0,5055.402830094228,5012.4,5106.135186615171,5015.0,5013.0,5013.0,5013.982359426682,6811.0,5013.111111111111,5013.125,5013.555555555556,5125.375,5013.001092896175,5013.333333333333,5013.331858399844,5013.0,5013.2,5013.982513661203,5013.001102535833,5013.111111111111,5013.991179713341,5013.995570321152,5013.99124726477,5015.0,5012.94,5013.111111111111
org.apache.commons.lang.time.FastDateFormat$TwoDigitNumberField.<init>(I)V 5013.491169977925,5013.0,5013.111111111111,5013.058823529412,5012.0,5013.991174848317,5013.0,5055.391036788454,5012.210526315789,5104.135186615171,5014.732050807569,5014.055555555556,5055.3674403286295,5013.981256890849,6810.0,5013.055555555556,5013.058823529412,5013.279411764706,5118.705882352941,5013.000546149645,5013.171498585142,5013.1706922246285,5014.0,5013.105263157895,5013.98143091207,5013.000551267916,5013.058823529412,5013.990628445425,5013.9952921628355,5013.9826464208245,5014.0,5011.94,5013.000006249297
org.apache.commons.lang.time.FastDateFormat$TwoDigitNumberField.estimateLength()I 5013.491169977925,5013.0,5013.111111111111,5013.058823529412,5012.0,5013.991174848317,5013.0,5055.391036788454,5012.210526315789,5104.135186615171,5014.732050807569,5014.055555555556,5055.3674403286295,5013.981256890849,6810.0,5013.055555555556,5013.058823529412,5013.279411764706,5118.705882352941,5013.000546149645,5013.171498585142,5013.1706922246285,5014.0,5013.105263157895,5013.98143091207,5013.000551267916,5013.058823529412,5013.990628445425,5013.9952921628355,5013.9826464208245,5014.0,5011.94,5013.000006249297
