PraPR 104 165 182 4.677327188940092 5.998156682027649
ACS 77 144 169 5.61926267281106 6.862764976958525
Simfix 101 153 170 5.528847926267281 6.9235023041474655
Dynamoth 89 145 170 5.540460829493087 6.7851612903225815
TBarFixer 96 154 173 5.203594470046084 6.522764976958525
AvatarFixer 96 153 173 5.194101382488479 6.5113364055299545
FixMiner 94 152 170 5.384331797235022 6.702903225806452
kParFixer 96 153 172 5.380460829493087 6.690138248847926
KaliA 93 150 172 5.501658986175116 6.779815668202765
RSRepair 87 153 175 5.400276497695853 6.708433179723502
jGenProg 86 150 171 5.455391705069125 6.748156682027649
jMutRepair 85 146 169 5.522580645161291 6.800967741935484
jKali 90 152 172 5.401658986175114 6.654746543778803
Cardumen 85 151 170 5.468294930875576 6.748202764976959
Arja 74 153 173 5.501198156682028 6.75626728110599
GenProgA 78 155 174 5.510322580645162 6.768617511520737