PraPR 104 165 182 4.677327188940092 5.998156682027649
ACS 74 144 170 5.6093087557603685 6.844700460829494
Simfix 73 127 140 12.158986175115208 13.87889400921659
Dynamoth 88 148 170 6.044884792626728 7.293179723502305
TBarFixer 71 126 144 12.17889400921659 13.93668202764977
AvatarFixer 65 116 137 12.650322580645161 14.569124423963133
FixMiner 69 120 137 12.818709677419355 14.459769585253456
kParFixer 64 112 135 14.296497695852535 15.90147465437788
KaliA 74 131 144 12.433824884792626 13.810506912442397
RSRepair 80 134 153 12.94626728110599 15.005345622119815
jGenProg 56 116 138 12.480184331797235 14.038064516129033
jMutRepair 71 121 147 10.007004608294931 11.669124423963135
jKali 68 119 141 13.052903225806451 14.645023041474655
Cardumen 61 122 142 8.833548387096773 10.64032258064516
Arja 71 140 160 9.772350230414746 11.281244239631338
GenProgA 71 135 155 12.283225806451613 13.966082949308758