com.google.javascript.jscomp.CommandLineRunner$Flags$BooleanOptionHandler.parseArguments(Lorg/kohsuke/args4j/spi/Parameters;)I 500001.99767945544,500001.0,500001.125,500001.06666666665,506450.0,500001.9976798144,500002.0,500081.3803458564,500000.23529411765,500167.67099328415,500002.9679896713,500002.2,500081.3803458564,500001.99876256764,506462.0,500001.0625,500001.06666666665,500001.53125,501616.25,500001.00015432097,500001.25,500001.24970976345,500001.0,500001.1176470588,500001.99876333284,500001.00015467906,500001.0625,500001.9993812838,500001.9996905462,500001.9976848279,500002.0,499999.95,500001.0625
com.google.javascript.jscomp.JSSourceFile.fromCode(Ljava/lang/String;Ljava/lang/String;)Lcom/google/javascript/jscomp/JSSourceFile; 500001.17156559404,500001.0,500001.000373413,500001.00018674135,501110.0,500001.1716937355,500002.0,500034.31666249793,500000.0007466866,500236.97587544384,500009.55440620414,500001.0,500001.0,500000.343387471,501111.0,500001.0001867065,500001.00018674135,500001.5000933533,500001.20728291315,500001.0000846024,500001.0136640586,500001.0056597183,500001.0,500001.0003733433,500001.09390862944,500001.00015467906,500001.0001867065,500001.1716937355,500001.29306930694,500001.54691598273,500002.0,499946.55,500001.0001867065
com.google.javascript.jscomp.SourceFile$Preloaded.<init>(Ljava/lang/String;Ljava/lang/String;)V 500001.17156559404,500001.0,500001.000373413,500001.00018674135,501110.0,500001.1716937355,500002.0,500034.31666249793,500000.0007466866,500236.97587544384,500009.55440620414,500001.0,500001.0,500000.343387471,501111.0,500001.0001867065,500001.00018674135,500001.5000933533,500001.20728291315,500001.0000846024,500001.0136640586,500001.0056597183,500001.0,500001.0003733433,500001.09390862944,500001.00015467906,500001.0001867065,500001.1716937355,500001.29306930694,500001.54691598273,500002.0,499946.55,500001.0001867065
com.google.javascript.jscomp.SourceFile.fromCode(Ljava/lang/String;Ljava/lang/String;)Lcom/google/javascript/jscomp/SourceFile; 500001.17156559404,500001.0,500001.000373413,500001.00018674135,501110.0,500001.1716937355,500002.0,500034.31666249793,500000.0007466866,500236.97587544384,500009.55440620414,500001.0,500001.0,500000.343387471,501111.0,500001.0001867065,500001.00018674135,500001.5000933533,500001.20728291315,500001.0000846024,500001.0136640586,500001.0056597183,500001.0,500001.0003733433,500001.09390862944,500001.00015467906,500001.0001867065,500001.1716937355,500001.29306930694,500001.54691598273,500002.0,499946.55,500001.0001867065
com.google.javascript.jscomp.SourceFile.getName()Ljava/lang/String; 500001.17156559404,500001.0,500001.000373413,500001.00018674135,501110.0,500001.1716937355,500002.0,500034.31666249793,500000.0007466866,500236.97587544384,500009.55440620414,500001.0,500001.0,500000.343387471,501111.0,500001.0001867065,500001.00018674135,500001.5000933533,500001.20728291315,500001.0000846024,500001.0136640586,500001.0056597183,500001.0,500001.0003733433,500001.09390862944,500001.00015467906,500001.0001867065,500001.1716937355,500001.29306930694,500001.54691598273,500002.0,499946.55,500001.0001867065
com.google.javascript.jscomp.SourceFile.setCode(Ljava/lang/String;)V 500001.17156559404,500001.0,500001.000373413,500001.00018674135,501110.0,500001.1716937355,500002.0,500034.31666249793,500000.0007466866,500236.97587544384,500009.55440620414,500001.0,500001.0,500000.343387471,501111.0,500001.0001867065,500001.00018674135,500001.5000933533,500001.20728291315,500001.0000846024,500001.0136640586,500001.0056597183,500001.0,500001.0003733433,500001.09390862944,500001.00015467906,500001.0001867065,500001.1716937355,500001.29306930694,500001.54691598273,500002.0,499946.55,500001.0001867065
com.google.javascript.jscomp.SourceFile.setOriginalPath(Ljava/lang/String;)V 500001.17156559404,500001.0,500001.000373413,500001.00018674135,501110.0,500001.1716937355,500002.0,500034.31666249793,500000.0007466866,500236.97587544384,500009.55440620414,500001.0,500001.0,500000.343387471,501111.0,500001.0001867065,500001.00018674135,500001.5000933533,500001.20728291315,500001.0000846024,500001.0136640586,500001.0056597183,500001.0,500001.0003733433,500001.09390862944,500001.00015467906,500001.0001867065,500001.1716937355,500001.29306930694,500001.54691598273,500002.0,499946.55,500001.0001867065
com.google.javascript.jscomp.CommandLineRunner.initConfigFromFlags([Ljava/lang/String;Ljava/io/PrintStream;)V 50002.0,50001.0,50003.0,1050001.0,56465.0,50002.0,50002.0,50081.4052237109,50002.0,50171.009112488864,50003.68534961428,50002.333333333336,50081.392785745986,50002.0,56466.0,50002.0,1050001.0,50002.0,56465.0,50001.000154679044,50002.0,50002.0,50001.0,50002.0,50002.0,50001.000154679044,50002.0,50002.0,50002.0,50002.0,50002.0,50002.0,50002.0
com.google.javascript.jscomp.CommandLineRunner$Flags$BooleanOptionHandler.getDefaultMetaVariable()Ljava/lang/String; 50001.99984529703,50001.0,50002.0,50002.0,56464.0,50001.999845320956,50002.0,50081.39900496897,50001.333333333336,50164.798009937935,50002.0,50001.0,50001.0,50001.99969064192,56465.0,50001.5,50002.0,50001.75,56465.0,50001.00015465512,50001.707106781185,50001.707052083315,50001.0,50001.666666666664,50001.999690689765,50001.000154679044,50001.5,50001.999845320956,50001.9999226545,50001.999845320956,50002.0,50001.0,50001.5
com.google.javascript.jscomp.AbstractCommandLineRunner$CommandLineConfig.<init>()V 50001.99195544554,50001.0,50001.03773584906,50001.019230769234,56413.0,50001.99195668987,50002.0,50081.08120878209,50000.07407407407,50171.009112488864,50003.68534961428,50001.0,50001.0,50001.983913379736,56414.0,50001.018867924526,50001.019230769234,50001.50943396227,50124.32692307692,50001.00015344484,50001.137360563946,50001.13680694603,50001.0,50001.03703703704,50001.98404173699,50001.000154679044,50001.018867924526,50001.99195668987,50001.99596210592,50001.992019643956,50002.0,49999.58,50001.018867924526
com.google.javascript.jscomp.AbstractCommandLineRunner$RunTimeStats.<init>(Lcom/google/javascript/jscomp/AbstractCommandLineRunner;)V 50001.99195544554,50001.0,50001.03773584906,50001.019230769234,56413.0,50001.99195668987,50002.0,50081.08120878209,50000.07407407407,50171.009112488864,50003.68534961428,50001.0,50001.0,50001.983913379736,56414.0,50001.018867924526,50001.019230769234,50001.50943396227,50124.32692307692,50001.00015344484,50001.137360563946,50001.13680694603,50001.0,50001.03703703704,50001.98404173699,50001.000154679044,50001.018867924526,50001.99195668987,50001.99596210592,50001.992019643956,50002.0,49999.58,50001.018867924526
com.google.javascript.jscomp.AbstractCommandLineRunner.<init>(Ljava/io/PrintStream;Ljava/io/PrintStream;)V 50001.99195544554,50001.0,50001.03773584906,50001.019230769234,56413.0,50001.99195668987,50002.0,50081.08120878209,50000.07407407407,50171.009112488864,50003.68534961428,50001.0,50001.0,50001.983913379736,56414.0,50001.018867924526,50001.019230769234,50001.50943396227,50124.32692307692,50001.00015344484,50001.137360563946,50001.13680694603,50001.0,50001.03703703704,50001.98404173699,50001.000154679044,50001.018867924526,50001.99195668987,50001.99596210592,50001.992019643956,50002.0,49999.58,50001.018867924526
com.google.javascript.jscomp.CommandLineRunner$Flags$BooleanOptionHandler.<init>(Lorg/kohsuke/args4j/CmdLineParser;Lorg/kohsuke/args4j/OptionDef;Lorg/kohsuke/args4j/spi/Setter;)V 50001.99195544554,50001.0,50001.03773584906,50001.019230769234,56413.0,50001.99195668987,50002.0,50081.08120878209,50000.07407407407,50171.009112488864,50003.68534961428,50001.0,50001.0,50001.983913379736,56414.0,50001.018867924526,50001.019230769234,50001.50943396227,50124.32692307692,50001.00015344484,50001.137360563946,50001.13680694603,50001.0,50001.03703703704,50001.98404173699,50001.000154679044,50001.018867924526,50001.99195668987,50001.99596210592,50001.992019643956,50002.0,49999.58,50001.018867924526
com.google.javascript.jscomp.CommandLineRunner$Flags.<init>()V 50001.99195544554,50001.0,50001.03773584906,50001.019230769234,56413.0,50001.99195668987,50002.0,50081.08120878209,50000.07407407407,50171.009112488864,50003.68534961428,50001.0,50001.0,50001.983913379736,56414.0,50001.018867924526,50001.019230769234,50001.50943396227,50124.32692307692,50001.00015344484,50001.137360563946,50001.13680694603,50001.0,50001.03703703704,50001.98404173699,50001.000154679044,50001.018867924526,50001.99195668987,50001.99596210592,50001.992019643956,50002.0,49999.58,50001.018867924526
com.google.javascript.jscomp.CommandLineRunner.<init>([Ljava/lang/String;Ljava/io/PrintStream;Ljava/io/PrintStream;)V 50001.99195544554,50001.0,50001.03773584906,50001.019230769234,56413.0,50001.99195668987,50002.0,50081.08120878209,50000.07407407407,50171.009112488864,50003.68534961428,50001.0,50001.0,50001.983913379736,56414.0,50001.018867924526,50001.019230769234,50001.50943396227,50124.32692307692,50001.00015344484,50001.137360563946,50001.13680694603,50001.0,50001.03703703704,50001.98404173699,50001.000154679044,50001.018867924526,50001.99195668987,50001.99596210592,50001.992019643956,50002.0,49999.58,50001.018867924526
com.google.javascript.jscomp.CommandLineRunner.shouldRunCompiler()Z 50001.99195544554,50001.009523809524,50001.03773584906,50001.019230769234,56413.0,50001.99195668987,50002.0,50081.08120878209,50000.07407407407,50171.009112488864,50003.68534961428,50001.0,50001.0,50001.983913379736,56414.0,50001.018867924526,50001.019230769234,50001.50943396227,50124.32692307692,50001.00015344484,50001.137360563946,50001.13680694603,50001.0,50001.03703703704,50001.98404173699,50001.000154679044,50001.018867924526,50001.99195668987,50001.99596210592,50001.992019643956,50002.0,49999.58,50001.018867924526
com.google.javascript.jscomp.JSSourceFile.<init>(Lcom/google/javascript/jscomp/SourceFile;)V 50001.17156559406,50001.0,50001.00037341299,50001.00018674137,51110.0,50001.1716937355,50002.0,50034.31666249791,50000.00074668658,50236.97587544384,50009.554406204166,50001.0,50001.0,50000.343387470995,51111.0,50001.0001867065,50001.00018674137,50001.50009335325,50001.207282913165,50001.00008460237,50001.0136640586,50001.00565971829,50001.0,50001.00037334329,50001.09390862944,50001.000154679044,50001.0001867065,50001.1716937355,50001.29306930693,50001.54691598274,50002.0,49946.55,50001.0001867065
com.google.javascript.jscomp.SourceFile$Preloaded.<init>(Ljava/lang/String;Ljava/lang/String;Ljava/lang/String;)V 50001.17156559406,50001.0,50001.00037341299,50001.00018674137,51110.0,50001.1716937355,50002.0,50034.31666249791,50000.00074668658,50236.97587544384,50009.554406204166,50001.0,50001.0,50000.343387470995,51111.0,50001.0001867065,50001.00018674137,50001.50009335325,50001.207282913165,50001.00008460237,50001.0136640586,50001.00565971829,50001.0,50001.00037334329,50001.09390862944,50001.000154679044,50001.0001867065,50001.1716937355,50001.29306930693,50001.54691598274,50002.0,49946.55,50001.0001867065
com.google.javascript.jscomp.SourceFile.<init>(Ljava/lang/String;)V 50001.17156559406,50001.0,50001.00037341299,50001.00018674137,51110.0,50001.1716937355,50002.0,50034.31666249791,50000.00074668658,50236.97587544384,50009.554406204166,50001.0,50001.0,50000.343387470995,51111.0,50001.0001867065,50001.00018674137,50001.50009335325,50001.207282913165,50001.00008460237,50001.0136640586,50001.00565971829,50001.0,50001.00037334329,50001.09390862944,50001.000154679044,50001.0001867065,50001.1716937355,50001.29306930693,50001.54691598274,50002.0,49946.55,50001.0001867065
com.google.javascript.jscomp.SourceFile.access$000(Lcom/google/javascript/jscomp/SourceFile;Ljava/lang/String;)V 50001.17156559406,50001.0,50001.00037341299,50001.00018674137,51110.0,50001.1716937355,50002.0,50034.31666249791,50000.00074668658,50236.97587544384,50009.554406204166,50001.0,50001.0,50000.343387470995,51111.0,50001.0001867065,50001.00018674137,50001.50009335325,50001.207282913165,50001.00008460237,50001.0136640586,50001.00565971829,50001.0,50001.00037334329,50001.09390862944,50001.000154679044,50001.0001867065,50001.1716937355,50001.29306930693,50001.54691598274,50002.0,49946.55,50001.0001867065
com.google.javascript.jscomp.DefaultCodingConvention.<init>()V 50001.15594059406,50001.0,50001.00036650174,50001.00018328446,51009.0,50001.156071152356,50002.0,50032.76476034854,50000.000732869186,50237.662751188414,50009.59445991616,50001.0,50001.0,50000.31214230472,51010.0,50001.00018325087,50001.00018328446,50001.500091625436,50001.1849340176,50001.00008388558,50001.01353701852,50001.00534567578,50001.0,50001.00036643459,50001.08464055029,50001.000154679044,50001.00018325087,50001.156071152356,50001.27000267594,50001.54228187919,50002.0,49945.54,50001.00018325087
com.google.javascript.jscomp.AbstractCommandLineRunner$RunTimeStats.<init>(Lcom/google/javascript/jscomp/AbstractCommandLineRunner;Lcom/google/javascript/jscomp/AbstractCommandLineRunner$1;)V 50001.99195544554,50001.0,50001.03773584906,50001.019230769234,56413.0,50001.99195668987,50002.0,50081.08120878209,50000.07407407407,50171.009112488864,50003.68534961428,50001.0,50001.0,50001.983913379736,56414.0,50001.018867924526,50001.019230769234,50001.50943396227,50124.32692307692,50001.00015344484,50001.137360563946,50001.13680694603,50001.0,50001.03703703704,50001.98404173699,50001.000154679044,50001.018867924526,50001.99195668987,50001.99596210592,50001.992019643956,50002.0,49999.58,50001.018867924526
com.google.javascript.jscomp.CommandLineRunner$Flags.<init>(Lcom/google/javascript/jscomp/CommandLineRunner$1;)V 50001.99195544554,50001.0,50001.03773584906,50001.019230769234,56413.0,50001.99195668987,50002.0,50081.08120878209,50000.07407407407,50171.009112488864,50003.68534961428,50001.0,50001.0,50001.983913379736,56414.0,50001.018867924526,50001.019230769234,50001.50943396227,50124.32692307692,50001.00015344484,50001.137360563946,50001.13680694603,50001.0,50001.03703703704,50001.98404173699,50001.000154679044,50001.018867924526,50001.99195668987,50001.99596210592,50001.992019643956,50002.0,49999.58,50001.018867924526
com.google.javascript.jscomp.CommandLineRunner$Flags.access$100(Lcom/google/javascript/jscomp/CommandLineRunner$Flags;)Z 50001.99195544554,50001.0,50001.03773584906,50001.019230769234,56413.0,50001.99195668987,50002.0,50081.08120878209,50000.07407407407,50171.009112488864,50003.68534961428,50001.0,50001.0,50001.983913379736,56414.0,50001.018867924526,50001.019230769234,50001.50943396227,50124.32692307692,50001.00015344484,50001.137360563946,50001.13680694603,50001.0,50001.03703703704,50001.98404173699,50001.000154679044,50001.018867924526,50001.99195668987,50001.99596210592,50001.992019643956,50002.0,49999.58,50001.018867924526
