com.google.javascript.jscomp.SourceFile$Builder.buildFromCode(Ljava/lang/String;Ljava/lang/String;)Lcom/google/javascript/jscomp/SourceFile; 500001.14495605405,500001.0,500001.0003067955,500001.0001534213,501106.0,500001.14506820566,500002.0,500034.25657829666,500000.00061349693,500258.353718098,500009.9852173912,500001.0,500001.0,500000.2901364113,501107.0,500001.00015339773,500001.0001534213,500001.5000766989,500001.1696839521,500001.00007071136,500001.01238538494,500001.00471549935,500001.0,500001.0003067485,500001.07820676,500001.00013116474,500001.00015339773,500001.14506820566,500001.25337915233,500001.5390707871,500002.0,499934.92,500001.00015339773
com.google.javascript.jscomp.SourceFile$Preloaded.<init>(Ljava/lang/String;Ljava/lang/String;Ljava/lang/String;)V 500001.14495605405,500001.0,500001.0003067955,500001.0001534213,501106.0,500001.14506820566,500002.0,500034.25657829666,500000.00061349693,500258.353718098,500009.9852173912,500001.0,500001.0,500000.2901364113,501107.0,500001.00015339773,500001.0001534213,500001.5000766989,500001.1696839521,500001.00007071136,500001.01238538494,500001.00471549935,500001.0,500001.0003067485,500001.07820676,500001.00013116474,500001.00015339773,500001.14506820566,500001.25337915233,500001.5390707871,500002.0,499934.92,500001.00015339773
com.google.javascript.jscomp.SourceFile.builder()Lcom/google/javascript/jscomp/SourceFile$Builder; 500001.14495605405,500001.0,500001.0003067955,500001.0001534213,501106.0,500001.14506820566,500002.0,500034.25657829666,500000.00061349693,500258.353718098,500009.9852173912,500001.0,500001.0,500000.2901364113,501107.0,500001.00015339773,500001.0001534213,500001.5000766989,500001.1696839521,500001.00007071136,500001.01238538494,500001.00471549935,500001.0,500001.0003067485,500001.07820676,500001.00013116474,500001.00015339773,500001.14506820566,500001.25337915233,500001.5390707871,500002.0,499934.92,500001.00015339773
com.google.javascript.jscomp.SourceFile.fromCode(Ljava/lang/String;Ljava/lang/String;)Lcom/google/javascript/jscomp/SourceFile; 500001.14495605405,500001.0,500001.0003067955,500001.0001534213,501106.0,500001.14506820566,500002.0,500034.25657829666,500000.00061349693,500258.353718098,500009.9852173912,500001.0,500001.0,500000.2901364113,501107.0,500001.00015339773,500001.0001534213,500001.5000766989,500001.1696839521,500001.00007071136,500001.01238538494,500001.00471549935,500001.0,500001.0003067485,500001.07820676,500001.00013116474,500001.00015339773,500001.14506820566,500001.25337915233,500001.5390707871,500002.0,499934.92,500001.00015339773
com.google.javascript.jscomp.SourceFile.setCode(Ljava/lang/String;)V 500001.14495605405,500001.0,500001.0003067955,500001.0001534213,501106.0,500001.14506820566,500002.0,500034.25657829666,500000.00061349693,500258.353718098,500009.9852173912,500001.0,500001.0,500000.2901364113,501107.0,500001.00015339773,500001.0001534213,500001.5000766989,500001.1696839521,500001.00007071136,500001.01238538494,500001.00471549935,500001.0,500001.0003067485,500001.07820676,500001.00013116474,500001.00015339773,500001.14506820566,500001.25337915233,500001.5390707871,500002.0,499934.92,500001.00015339773
com.google.javascript.jscomp.SourceFile.setOriginalPath(Ljava/lang/String;)V 500001.14495605405,500001.0,500001.0003067955,500001.0001534213,501106.0,500001.14506820566,500002.0,500034.25657829666,500000.00061349693,500258.353718098,500009.9852173912,500001.0,500001.0,500000.2901364113,501107.0,500001.00015339773,500001.0001534213,500001.5000766989,500001.1696839521,500001.00007071136,500001.01238538494,500001.00471549935,500001.0,500001.0003067485,500001.07820676,500001.00013116474,500001.00015339773,500001.14506820566,500001.25337915233,500001.5390707871,500002.0,499934.92,500001.00015339773
com.google.javascript.jscomp.SourceFile.<init>(Ljava/lang/String;)V 500001.1448248721,500001.0,500001.0003067485,500001.00015339773,501105.0,500001.1449370409,500002.0,500034.2415402772,500000.00061340287,500258.359911028,500009.98556200234,500001.0,500001.0,500000.28987408185,501106.0,500001.0001533742,500001.00015339773,500001.50007668714,500001.16950452526,500001.00007070636,500001.0123844351,500001.0047130037,500001.0,500001.0003067014,500001.0781305239,500001.00013116474,500001.0001533742,500001.1449370409,500001.2531790583,500001.53903266863,500002.0,499934.91,500001.0001533742
com.google.javascript.jscomp.ProcessCommonJSModules.normalizeSourceName(Ljava/lang/String;)Ljava/lang/String; 50005.0,50004.0,50006.0,1050004.0,57627.0,50005.0,50005.0,50091.315519811775,50005.0,50183.619586530265,50005.73205080757,50004.0,50004.0,50005.0,57628.0,50005.0,1050004.0,50005.0,50850.11111111111,50004.00013116474,50005.0,50005.0,50004.0,50005.0,50005.0,50004.00013116474,50005.0,50005.0,50005.0,50005.0,50005.0,50005.0,50005.0
com.google.javascript.jscomp.ProcessCommonJSModules.<init>(Lcom/google/javascript/jscomp/AbstractCompiler;Ljava/lang/String;Z)V 50001.99881936245,50001.0,50001.2,50001.11111111111,57615.0,50001.998819517314,50002.0,50088.2639673634,50000.36363636364,50180.619586530265,50002.73205080757,50001.0,50001.0,50001.99763903463,57616.0,50001.1,50001.11111111111,50001.55,50847.11111111111,50001.000131010085,50001.316227766016,50001.3160410357,50001.0,50001.181818181816,50001.99764181842,50001.00013116474,50001.1,50001.998819517314,50001.99940941007,50001.998820754714,50002.0,49999.3,50001.1
com.google.javascript.jscomp.ProcessCommonJSModules.guessCJSModuleName(Ljava/lang/String;)Ljava/lang/String; 50001.99881936245,50001.0,50001.2,50001.11111111111,57615.0,50001.998819517314,50002.0,50088.2639673634,50000.36363636364,50180.619586530265,50002.73205080757,50001.0,50001.0,50001.99763903463,57616.0,50001.1,50001.11111111111,50001.55,50847.11111111111,50001.000131010085,50001.316227766016,50001.3160410357,50001.0,50001.181818181816,50001.99764181842,50001.00013116474,50001.1,50001.998819517314,50001.99940941007,50001.998820754714,50002.0,49999.3,50001.1
com.google.javascript.jscomp.ProcessCommonJSModules.toModuleName(Ljava/lang/String;)Ljava/lang/String; 50001.99881936245,50001.0,50001.2,50001.11111111111,57615.0,50001.998819517314,50002.0,50088.2639673634,50000.36363636364,50180.619586530265,50002.73205080757,50001.0,50001.0,50001.99763903463,57616.0,50001.1,50001.11111111111,50001.55,50847.11111111111,50001.000131010085,50001.316227766016,50001.3160410357,50001.0,50001.181818181816,50001.99764181842,50001.00013116474,50001.1,50001.998819517314,50001.99940941007,50001.998820754714,50002.0,49999.3,50001.1
com.google.javascript.jscomp.SourceFile$Builder.<init>()V 50001.14495605405,50001.0,50001.00030679552,50001.00015342129,51106.0,50001.14506820567,50002.0,50034.256578296634,50000.00061349693,50258.35371809802,50009.98521739124,50001.0,50001.0,50000.290136411335,51107.0,50001.00015339776,50001.00015342129,50001.50007669888,50001.16968395213,50001.00007071136,50001.01238538495,50001.004715499344,50001.0,50001.000306748465,50001.07820676001,50001.00013116474,50001.00015339776,50001.14506820567,50001.253379152346,50001.539070787076,50002.0,49934.92,50001.00015339776
com.google.javascript.jscomp.SourceFile.access$000(Lcom/google/javascript/jscomp/SourceFile;Ljava/lang/String;)V 50001.14495605405,50001.0,50001.00030679552,50001.00015342129,51106.0,50001.14506820567,50002.0,50034.256578296634,50000.00061349693,50258.35371809802,50009.98521739124,50001.0,50001.0,50000.290136411335,51107.0,50001.00015339776,50001.00015342129,50001.50007669888,50001.16968395213,50001.00007071136,50001.01238538495,50001.004715499344,50001.0,50001.000306748465,50001.07820676001,50001.00013116474,50001.00015339776,50001.14506820567,50001.253379152346,50001.539070787076,50002.0,49934.92,50001.00015339776
com.google.javascript.jscomp.ProcessCommonJSModules.<init>(Lcom/google/javascript/jscomp/AbstractCompiler;Ljava/lang/String;)V 5005.999475272202,5005.0,5005.4,5005.25,12624.0,5005.999475341028,5006.0,5092.292611371181,5004.666666666667,5183.619586530263,5006.414213562373,5005.0,5005.0,5005.998950682057,12625.0,5005.2,5005.25,5005.6,6910.0,5005.000131095962,5005.4472135955,5005.4470962474015,5005.0,5005.333333333333,5005.998951232302,5005.000131164743,5005.2,5005.999475341028,5005.999737601679,5005.999475547397,5006.0,5003.8,5005.2
